5
11980
4
0,bchdfglejpainkom,0,4,bchdfglejpoinkam,3,1,-1,-4
0,bchdfglejpainkom,0,-4,bchdfgaejplinkom,4,1,-1,4,-4
0,bchdfglejpainkom,0,-1,bchdfglejapinkom,4,1,-1,4,-4
0,bchdfglejpainkom,0,1,bchdfglejpiankom,0,4,bchdfglejpimnkoa,2,-1,-4
0,bchdfglejpainkom,0,1,bchdfglejpiankom,0,-4,bchdfglajpienkom,3,-1,4,-4
0,1,0,0,DEL_CUTOFF,1
0,1,1,0,DEL_CUTOFF,1
0,1,2,0,DEL_EXPLORED,1
0,1,3,0,DEL_CUTOFF,-1
0,1,4,0,DEL_CUTOFF,-1
0,1,0,1,DEL_CUTOFF,-1
0,1,1,1,DEL_CUTOFF,-1
0,1,2,1,DEL_CUTOFF,-1
0,1,3,1,DEL_EXPLORED,-4
0,1,4,1,DEL_EXPLORED,4
0,1,0,2,DEL_EXPLORED,-4
0,1,1,2,DEL_EXPLORED,4
0,1,2,2,DEL_CUTOFF,4
0,1,3,2,POP,4,bchdfglejpimnkoa
0,1,4,2,DEL_CUTOFF,-4
0,1,0,3,POP,4,bchdfglejpoinkam
0,1,1,3,DEL_CUTOFF,-4
0,1,2,3,DEL_CUTOFF,-4
0,1,3,3,POP,1,bchdfglejpiankom
0,1,4,3,POP,-4,bchdfglajpienkom
0,1,0,4,POP,0,bchdfglejpainkom
0,1,1,4,POP,-4,bchdfgaejplinkom
0,1,2,4,POP,-1,bchdfglejapinkom
0,1,3,4,POP,0,bchdfglejpainkom
0,1,4,4,POP,1,bchdfglejpiankom
0,1,1,5,POP,0,bchdfglejpainkom
0,1,2,5,POP,0,bchdfglejpainkom
0,1,4,5,POP,0,bchdfglejpainkom
1,2,0,6,PUSH,1,bchdfglejpoinkma,-4,-1
1,2,1,6,PUSH,1,bchdfgeajplinkom,-4,4,-1
1,2,2,6,DEL_EXPLORED,1
1,2,3,6,DEL_CUTOFF,-1
1,2,4,6,DEL_CUTOFF,-1
1,2,0,7,DEL_EXPLORED,-1
1,2,1,7,DEL_EXPLORED,-1
1,2,2,7,PUSH,-1,bchdfgleajpinkom,-4,4,1
1,2,3,7,DEL_EXPLORED,-4
1,2,4,7,DEL_EXPLORED,4
1,2,0,8,DEL_CUTOFF,-4
1,2,1,8,DEL_CUTOFF,4
1,2,2,8,DEL_EXPLORED,1
1,2,3,8,POP,4,bchdfglejpimnkoa
1,2,4,8,DEL_CUTOFF,-4
1,2,0,9,POP,1,bchdfglejpoinkma
1,2,1,9,DEL_CUTOFF,-4
1,2,2,9,DEL_CUTOFF,4
1,2,3,9,POP,1,bchdfglejpiankom
1,2,4,9,POP,-4,bchdfglajpienkom
1,2,0,10,PUSH,-1,bchdfglejpoinakm,-4,-1,1
1,2,1,10,POP,1,bchdfgeajplinkom
1,2,2,10,DEL_CUTOFF,-4
1,2,3,10,POP,0,bchdfglejpainkom
1,2,4,10,POP,1,bchdfglejpiankom
1,2,0,11,DEL_EXPLORED,1
1,2,1,11,PUSH,-1,bchdfagejplinkom,-4,4,-1,1
1,2,2,11,POP,-1,bchdfgleajpinkom
1,2,4,11,POP,0,bchdfglejpainkom
1,2,0,12,DEL_CUTOFF,-1
1,2,1,12,DEL_EXPLORED,1
1,2,2,12,PUSH,4,bchdfglejkpinaom,-4,-1,1
1,2,0,13,DEL_CUTOFF,-4
1,2,1,13,DEL_CUTOFF,-1
1,2,2,13,DEL_CUTOFF,1
1,2,0,14,POP,-1,bchdfglejpoinakm
1,2,1,14,DEL_CUTOFF,4
1,2,2,14,DEL_CUTOFF,-1
1,2,0,15,DEL_EXPLORED,-4
1,2,1,15,DEL_CUTOFF,-4
1,2,2,15,DEL_EXPLORED,-4
1,2,0,16,POP,4,bchdfglejpoinkam
1,2,1,16,POP,-1,bchdfagejplinkom
1,2,2,16,POP,4,bchdfglejkpinaom
1,2,0,17,POP,0,bchdfglejpainkom
1,2,1,17,DEL_EXPLORED,4
1,2,2,17,PUSH,-4,bchdfalejgpinkom,-4,4,-1,1
1,2,1,18,PUSH,-4,bcadfghejplinkom,4,-1,1
1,2,2,18,DEL_CUTOFF,1
1,2,1,19,DEL_CUTOFF,1
1,2,2,19,DEL_CUTOFF,-1
1,2,1,20,DEL_CUTOFF,-1
1,2,2,20,DEL_EXPLORED,4
1,2,1,21,DEL_EXPLORED,4
1,2,2,21,DEL_CUTOFF,-4
1,2,1,22,POP,-4,bcadfghejplinkom
1,2,2,22,POP,-4,bchdfalejgpinkom
1,2,1,23,POP,-4,bchdfgaejplinkom
1,2,2,23,POP,-1,bchdfglejapinkom
1,2,1,24,POP,0,bchdfglejpainkom
1,2,2,24,POP,0,bchdfglejpainkom
2,3,0,25,PUSH,1,bchdfglejpoinkma,-4,-1
2,3,1,25,PUSH,1,bchdfgeajplinkom,-4,4,-1
2,3,2,25,DEL_EXPLORED,1
2,3,3,25,PUSH,-1,bchdfglejpimnkao,-4,-1,1
2,3,4,25,PUSH,-1,bchdfgaljpienkom,-4,4,-1,1
2,3,0,26,DEL_EXPLORED,-1
2,3,1,26,DEL_EXPLORED,-1
2,3,2,26,PUSH,-1,bchdfgleajpinkom,-4,4,1
2,3,3,26,DEL_EXPLORED,1
2,3,4,26,DEL_EXPLORED,1
2,3,0,27,PUSH,-4,bchdfglejpoankmi,-4,4,-1
2,3,1,27,PUSH,4,bchdfgeijplankom,-4,4,-1
2,3,2,27,DEL_EXPLORED,1
2,3,3,27,DEL_CUTOFF,-1
2,3,4,27,DEL_CUTOFF,-1
2,3,0,28,DEL_CUTOFF,-1
2,3,1,28,DEL_CUTOFF,-1
2,3,2,28,PUSH,4,bchdfglenjpiakom,-4,1
2,3,3,28,DEL_CUTOFF,-4
2,3,4,28,DEL_CUTOFF,4
2,3,0,29,DEL_EXPLORED,4
2,3,1,29,DEL_CUTOFF,4
2,3,2,29,DEL_CUTOFF,1
2,3,3,29,POP,-1,bchdfglejpimnkao
2,3,4,29,DEL_CUTOFF,-4
2,3,0,30,DEL_CUTOFF,-4
2,3,1,30,DEL_EXPLORED,-4
2,3,2,30,DEL_EXPLORED,-4
2,3,3,30,DEL_EXPLORED,-4
2,3,4,30,POP,-1,bchdfgaljpienkom
2,3,0,31,POP,-4,bchdfglejpoankmi
2,3,1,31,POP,4,bchdfgeijplankom
2,3,2,31,POP,4,bchdfglenjpiakom
2,3,3,31,POP,4,bchdfglejpimnkoa
2,3,4,31,DEL_EXPLORED,4
2,3,0,32,POP,1,bchdfglejpoinkma
2,3,1,32,PUSH,-4,bchafgedjplinkom,4,-1
2,3,2,32,PUSH,-4,bchdaglefjpinkom,-4,4,1
2,3,3,32,POP,1,bchdfglejpiankom
2,3,4,32,PUSH,-4,bchafgldjpienkom,4,-1
2,3,0,33,PUSH,-1,bchdfglejpoinakm,-4,-1,1
2,3,1,33,DEL_CUTOFF,-1
2,3,2,33,DEL_CUTOFF,1
2,3,3,33,POP,0,bchdfglejpainkom
2,3,4,33,DEL_CUTOFF,-1
2,3,0,34,DEL_EXPLORED,1
2,3,1,34,DEL_EXPLORED,4
2,3,2,34,DEL_EXPLORED,4
2,3,4,34,DEL_EXPLORED,4
2,3,0,35,PUSH,-1,bchdfglejpoiankm,-4,1
2,3,1,35,POP,-4,bchafgedjplinkom
2,3,2,35,DEL_CUTOFF,-4
2,3,4,35,POP,-4,bchafgldjpienkom
2,3,0,36,DEL_EXPLORED,1
2,3,1,36,POP,1,bchdfgeajplinkom
2,3,2,36,POP,-4,bchdaglefjpinkom
2,3,4,36,POP,-4,bchdfglajpienkom
2,3,0,37,DEL_CUTOFF,-4
2,3,1,37,PUSH,-1,bchdfagejplinkom,-4,4,-1,1
2,3,2,37,POP,-1,bchdfgleajpinkom
2,3,4,37,POP,1,bchdfglejpiankom
2,3,0,38,POP,-1,bchdfglejpoiankm
2,3,1,38,DEL_EXPLORED,1
2,3,2,38,PUSH,4,bchdfglejkpinaom,-4,-1,1
2,3,4,38,POP,0,bchdfglejpainkom
2,3,0,39,PUSH,-4,bchdfglejaoinpkm,-4,4,-1,1
2,3,1,39,PUSH,-1,bchdafgejplinkom,-4,4,1
2,3,2,39,PUSH,1,bchdfglejkpinoam,-4,-1,1
2,3,0,40,DEL_CUTOFF,1
2,3,1,40,DEL_EXPLORED,1
2,3,2,40,DEL_CUTOFF,1
2,3,0,41,DEL_CUTOFF,-1
2,3,1,41,DEL_CUTOFF,4
2,3,2,41,DEL_EXPLORED,-1
2,3,0,42,DEL_EXPLORED,4
2,3,1,42,DEL_CUTOFF,-4
2,3,2,42,DEL_CUTOFF,-4
2,3,0,43,DEL_CUTOFF,-4
2,3,1,43,POP,-1,bchdafgejplinkom
2,3,2,43,POP,1,bchdfglejkpinoam
2,3,0,44,POP,-4,bchdfglejaoinpkm
2,3,1,44,PUSH,4,bchdfpgejalinkom,-4,4,-1,1
2,3,2,44,PUSH,-1,bchdfglejkpianom,-4,1
2,3,0,45,POP,-1,bchdfglejpoinakm
2,3,1,45,DEL_CUTOFF,1
2,3,2,45,DEL_EXPLORED,1
2,3,0,46,DEL_EXPLORED,-4
2,3,1,46,DEL_CUTOFF,-1
2,3,2,46,DEL_CUTOFF,-4
2,3,0,47,POP,4,bchdfglejpoinkam
2,3,1,47,DEL_CUTOFF,4
2,3,2,47,POP,-1,bchdfglejkpianom
2,3,0,48,POP,0,bchdfglejpainkom
2,3,1,48,DEL_EXPLORED,-4
2,3,2,48,DEL_EXPLORED,-4
2,3,1,49,POP,4,bchdfpgejalinkom
2,3,2,49,POP,4,bchdfglejkpinaom
2,3,1,50,PUSH,-4,bahdfcgejplinkom,4,-1,1
2,3,2,50,PUSH,-4,bchdfalejgpinkom,-4,4,-1,1
2,3,1,51,DEL_CUTOFF,1
2,3,2,51,PUSH,1,bchdflaejgpinkom,-4,4,-1,1
2,3,1,52,DEL_CUTOFF,-1
2,3,2,52,DEL_CUTOFF,1
2,3,1,53,DEL_EXPLORED,4
2,3,2,53,DEL_EXPLORED,-1
2,3,1,54,POP,-4,bahdfcgejplinkom
2,3,2,54,DEL_CUTOFF,4
2,3,1,55,POP,-1,bchdfagejplinkom
2,3,2,55,DEL_CUTOFF,-4
2,3,1,56,DEL_EXPLORED,4
2,3,2,56,POP,1,bchdflaejgpinkom
2,3,1,57,PUSH,-4,bcadfghejplinkom,4,-1,1
2,3,2,57,PUSH,-1,bchdaflejgpinkom,-4,4,1
2,3,1,58,PUSH,1,bcdafghejplinkom,4,-1
2,3,2,58,DEL_EXPLORED,1
2,3,1,59,DEL_EXPLORED,-1
2,3,2,59,DEL_CUTOFF,4
2,3,1,60,DEL_CUTOFF,4
2,3,2,60,DEL_CUTOFF,-4
2,3,1,61,POP,1,bcdafghejplinkom
2,3,2,61,POP,-1,bchdaflejgpinkom
2,3,1,62,PUSH,-1,bacdfghejplinkom,4,-1,1
2,3,2,62,DEL_EXPLORED,4
2,3,1,63,DEL_EXPLORED,1
2,3,2,63,PUSH,-4,bahdfclejgpinkom,4,-1,1
2,3,1,64,DEL_CUTOFF,-1
2,3,2,64,DEL_CUTOFF,1
2,3,1,65,DEL_CUTOFF,4
2,3,2,65,DEL_CUTOFF,-1
2,3,1,66,POP,-1,bacdfghejplinkom
2,3,2,66,DEL_EXPLORED,4
2,3,1,67,DEL_EXPLORED,4
2,3,2,67,POP,-4,bahdfclejgpinkom
2,3,1,68,POP,-4,bcadfghejplinkom
2,3,2,68,POP,-4,bchdfalejgpinkom
2,3,1,69,POP,-4,bchdfgaejplinkom
2,3,2,69,POP,-1,bchdfglejapinkom
2,3,1,70,POP,0,bchdfglejpainkom
2,3,2,70,POP,0,bchdfglejpainkom
3,4,0,71,PUSH,1,bchdfglejpoinkma,-4,-1
3,4,1,71,PUSH,1,bchdfgeajplinkom,-4,4,-1
3,4,2,71,DEL_EXPLORED,1
3,4,3,71,PUSH,-1,bchdfglejpimnkao,-4,-1,1
3,4,4,71,PUSH,-1,bchdfgaljpienkom,-4,4,-1,1
3,4,0,72,DEL_EXPLORED,-1
3,4,1,72,DEL_EXPLORED,-1
3,4,2,72,PUSH,-1,bchdfgleajpinkom,-4,4,1
3,4,3,72,DEL_EXPLORED,1
3,4,4,72,DEL_EXPLORED,1
3,4,0,73,PUSH,-4,bchdfglejpoankmi,-4,4,-1
3,4,1,73,PUSH,4,bchdfgeijplankom,-4,4,-1
3,4,2,73,DEL_EXPLORED,1
3,4,3,73,PUSH,-1,bchdfglejpimnako,-4,-1,1
3,4,4,73,PUSH,-1,bchdfagljpienkom,-4,4,-1,1
3,4,0,74,PUSH,-1,bchdfglejpaonkmi,-4,4,-1,1
3,4,1,74,PUSH,-1,bchdfgeijpalnkom,-4,4,-1,1
3,4,2,74,PUSH,4,bchdfglenjpiakom,-4,1
3,4,3,74,DEL_EXPLORED,1
3,4,4,74,DEL_EXPLORED,1
3,4,0,75,DEL_EXPLORED,1
3,4,1,75,DEL_EXPLORED,1
3,4,2,75,PUSH,1,bchdfglenjpikaom,-4,-1,1
3,4,3,75,DEL_CUTOFF,-1
3,4,4,75,DEL_CUTOFF,-1
3,4,0,76,DEL_CUTOFF,-1
3,4,1,76,DEL_CUTOFF,-1
3,4,2,76,DEL_CUTOFF,1
3,4,3,76,DEL_CUTOFF,-4
3,4,4,76,DEL_CUTOFF,4
3,4,0,77,DEL_CUTOFF,4
3,4,1,77,DEL_CUTOFF,4
3,4,2,77,DEL_EXPLORED,-1
3,4,3,77,POP,-1,bchdfglejpimnako
3,4,4,77,DEL_CUTOFF,-4
3,4,0,78,DEL_CUTOFF,-4
3,4,1,78,DEL_CUTOFF,-4
3,4,2,78,DEL_CUTOFF,-4
3,4,3,78,PUSH,-4,bchdfglejpamnkio,-4,4,-1,1
3,4,4,78,POP,-1,bchdfagljpienkom
3,4,0,79,POP,-1,bchdfglejpaonkmi
3,4,1,79,POP,-1,bchdfgeijpalnkom
3,4,2,79,POP,1,bchdfglenjpikaom
3,4,3,79,DEL_CUTOFF,1
3,4,4,79,PUSH,4,bchdfgiljpaenkom,-4,4,-1,1
3,4,0,80,DEL_EXPLORED,4
3,4,1,80,PUSH,4,bchdfgeijplmnkoa,-4,-1
3,4,2,80,DEL_EXPLORED,-4
3,4,3,80,DEL_CUTOFF,-1
3,4,4,80,DEL_CUTOFF,1
3,4,0,81,PUSH,-4,bchdfglajpoenkmi,-4,4,-1
3,4,1,81,DEL_CUTOFF,-1
3,4,2,81,POP,4,bchdfglenjpiakom
3,4,3,81,DEL_EXPLORED,4
3,4,4,81,DEL_CUTOFF,-1
3,4,0,82,DEL_CUTOFF,-1
3,4,1,82,DEL_EXPLORED,-4
3,4,2,82,PUSH,-4,bchdaglefjpinkom,-4,4,1
3,4,3,82,DEL_CUTOFF,-4
3,4,4,82,DEL_CUTOFF,4
3,4,0,83,DEL_EXPLORED,4
3,4,1,83,POP,4,bchdfgeijplmnkoa
3,4,2,83,PUSH,1,bchdgalefjpinkom,-4,4,-1,1
3,4,3,83,POP,-4,bchdfglejpamnkio
3,4,4,83,DEL_EXPLORED,-4
3,4,0,84,DEL_CUTOFF,-4
3,4,1,84,DEL_EXPLORED,-4
3,4,2,84,DEL_CUTOFF,1
3,4,3,84,POP,-1,bchdfglejpimnkao
3,4,4,84,POP,4,bchdfgiljpaenkom
3,4,0,85,POP,-4,bchdfglajpoenkmi
3,4,1,85,POP,4,bchdfgeijplankom
3,4,2,85,DEL_EXPLORED,-1
3,4,3,85,DEL_EXPLORED,-4
3,4,4,85,PUSH,-4,bcadfghljpienkom,4,-1,1
3,4,0,86,POP,-4,bchdfglejpoankmi
3,4,1,86,PUSH,-4,bchafgedjplinkom,4,-1
3,4,2,86,DEL_CUTOFF,4
3,4,3,86,POP,4,bchdfglejpimnkoa
3,4,4,86,DEL_CUTOFF,1
3,4,0,87,POP,1,bchdfglejpoinkma
3,4,1,87,PUSH,-1,bcahfgedjplinkom,4,-1,1
3,4,2,87,DEL_CUTOFF,-4
3,4,3,87,POP,1,bchdfglejpiankom
3,4,4,87,DEL_CUTOFF,-1
3,4,0,88,PUSH,-1,bchdfglejpoinakm,-4,-1,1
3,4,1,88,DEL_EXPLORED,1
3,4,2,88,POP,1,bchdgalefjpinkom
3,4,3,88,POP,0,bchdfglejpainkom
3,4,4,88,DEL_EXPLORED,4
3,4,0,89,DEL_EXPLORED,1
3,4,1,89,DEL_CUTOFF,-1
3,4,2,89,DEL_EXPLORED,4
3,4,4,89,POP,-4,bcadfghljpienkom
3,4,0,90,PUSH,-1,bchdfglejpoiankm,-4,1
3,4,1,90,DEL_CUTOFF,4
3,4,2,90,PUSH,-4,achdbglefjpinkom,4,1
3,4,4,90,POP,-1,bchdfgaljpienkom
3,4,0,91,DEL_EXPLORED,1
3,4,1,91,POP,-1,bcahfgedjplinkom
3,4,2,91,DEL_CUTOFF,1
3,4,4,91,DEL_EXPLORED,4
3,4,0,92,PUSH,-4,bchdfgleapoijnkm,-4,4,1
3,4,1,92,DEL_EXPLORED,4
3,4,2,92,DEL_EXPLORED,4
3,4,4,92,PUSH,-4,bchafgldjpienkom,4,-1
3,4,0,93,DEL_CUTOFF,1
3,4,1,93,POP,-4,bchafgedjplinkom
3,4,2,93,POP,-4,achdbglefjpinkom
3,4,4,93,PUSH,-1,bcahfgldjpienkom,4,-1,1
3,4,0,94,DEL_EXPLORED,4
3,4,1,94,POP,1,bchdfgeajplinkom
3,4,2,94,POP,-4,bchdaglefjpinkom
3,4,4,94,DEL_EXPLORED,1
3,4,0,95,DEL_CUTOFF,-4
3,4,1,95,PUSH,-1,bchdfagejplinkom,-4,4,-1,1
3,4,2,95,POP,-1,bchdfgleajpinkom
3,4,4,95,DEL_CUTOFF,-1
3,4,0,96,POP,-4,bchdfgleapoijnkm
3,4,1,96,DEL_EXPLORED,1
3,4,2,96,PUSH,4,bchdfglejkpinaom,-4,-1,1
3,4,4,96,DEL_CUTOFF,4
3,4,0,97,POP,-1,bchdfglejpoiankm
3,4,1,97,PUSH,-1,bchdafgejplinkom,-4,4,1
3,4,2,97,PUSH,1,bchdfglejkpinoam,-4,-1,1
3,4,4,97,POP,-1,bcahfgldjpienkom
3,4,0,98,PUSH,-4,bchdfglejaoinpkm,-4,4,-1,1
3,4,1,98,DEL_EXPLORED,1
3,4,2,98,PUSH,1,bchdfglejkpinoma,-4,-1
3,4,4,98,DEL_EXPLORED,4
3,4,0,99,PUSH,1,bchdfglejoainpkm,-4,4,-1,1
3,4,1,99,PUSH,4,bchdjfgeaplinkom,-4,4,1
3,4,2,99,DEL_EXPLORED,-1
3,4,4,99,POP,-4,bchafgldjpienkom
3,4,0,100,DEL_CUTOFF,1
3,4,1,100,DEL_CUTOFF,1
3,4,2,100,DEL_CUTOFF,-4
3,4,4,100,POP,-4,bchdfglajpienkom
3,4,0,101,DEL_EXPLORED,-1
3,4,1,101,DEL_CUTOFF,4
3,4,2,101,POP,1,bchdfglejkpinoma
3,4,4,101,POP,1,bchdfglejpiankom
3,4,0,102,DEL_CUTOFF,4
3,4,1,102,DEL_EXPLORED,-4
3,4,2,102,DEL_EXPLORED,-1
3,4,4,102,POP,0,bchdfglejpainkom
3,4,0,103,DEL_CUTOFF,-4
3,4,1,103,POP,4,bchdjfgeaplinkom
3,4,2,103,PUSH,-4,bchdfglejkainopm,-4,4,-1,1
3,4,0,104,POP,1,bchdfglejoainpkm
3,4,1,104,PUSH,-4,achdbfgejplinkom,4,1
3,4,2,104,DEL_CUTOFF,1
3,4,0,105,PUSH,-1,bchdfgleajoinpkm,-4,4,1
3,4,1,105,DEL_CUTOFF,1
3,4,2,105,DEL_CUTOFF,-1
3,4,0,106,DEL_EXPLORED,1
3,4,1,106,DEL_EXPLORED,4
3,4,2,106,DEL_EXPLORED,4
3,4,0,107,DEL_CUTOFF,4
3,4,1,107,POP,-4,achdbfgejplinkom
3,4,2,107,DEL_CUTOFF,-4
3,4,0,108,DEL_CUTOFF,-4
3,4,1,108,POP,-1,bchdafgejplinkom
3,4,2,108,POP,-4,bchdfglejkainopm
3,4,0,109,POP,-1,bchdfgleajoinpkm
3,4,1,109,PUSH,4,bchdfpgejalinkom,-4,4,-1,1
3,4,2,109,POP,1,bchdfglejkpinoam
3,4,0,110,DEL_EXPLORED,4
3,4,1,110,PUSH,1,bchdfpgejlainkom,-4,4,-1,1
3,4,2,110,PUSH,-1,bchdfglejkpianom,-4,1
3,4,0,111,PUSH,-4,bchdfalejgoinpkm,-4,4,-1,1
3,4,1,111,DEL_CUTOFF,1
3,4,2,111,DEL_EXPLORED,1
3,4,0,112,DEL_CUTOFF,1
3,4,1,112,DEL_EXPLORED,-1
3,4,2,112,PUSH,-4,bchdfgleakpijnom,-4,4,1
3,4,0,113,DEL_CUTOFF,-1
3,4,1,113,DEL_CUTOFF,4
3,4,2,113,DEL_CUTOFF,1
3,4,0,114,DEL_EXPLORED,4
3,4,1,114,DEL_CUTOFF,-4
3,4,2,114,DEL_EXPLORED,4
3,4,0,115,DEL_CUTOFF,-4
3,4,1,115,POP,1,bchdfpgejlainkom
3,4,2,115,DEL_CUTOFF,-4
3,4,0,116,POP,-4,bchdfalejgoinpkm
3,4,1,116,PUSH,-1,bchdfpgeajlinkom,-4,4,1
3,4,2,116,POP,-4,bchdfgleakpijnom
3,4,0,117,POP,-4,bchdfglejaoinpkm
3,4,1,117,DEL_EXPLORED,1
3,4,2,117,POP,-1,bchdfglejkpianom
3,4,0,118,POP,-1,bchdfglejpoinakm
3,4,1,118,DEL_CUTOFF,4
3,4,2,118,DEL_EXPLORED,-4
3,4,0,119,DEL_EXPLORED,-4
3,4,1,119,DEL_CUTOFF,-4
3,4,2,119,POP,4,bchdfglejkpinaom
3,4,0,120,POP,4,bchdfglejpoinkam
3,4,1,120,POP,-1,bchdfpgeajlinkom
3,4,2,120,PUSH,-4,bchdfalejgpinkom,-4,4,-1,1
3,4,0,121,POP,0,bchdfglejpainkom
3,4,1,121,PUSH,4,bchdfpgejklinaom,-4,-1,1
3,4,2,121,PUSH,1,bchdflaejgpinkom,-4,4,-1,1
3,4,1,122,DEL_CUTOFF,1
3,4,2,122,PUSH,1,bchdfleajgpinkom,-4,4,-1
3,4,1,123,DEL_CUTOFF,-1
3,4,2,123,DEL_EXPLORED,-1
3,4,1,124,DEL_EXPLORED,-4
3,4,2,124,DEL_CUTOFF,4
3,4,1,125,POP,4,bchdfpgejklinaom
3,4,2,125,DEL_CUTOFF,-4
3,4,1,126,DEL_EXPLORED,-4
3,4,2,126,POP,1,bchdfleajgpinkom
3,4,1,127,POP,4,bchdfpgejalinkom
3,4,2,127,DEL_EXPLORED,-1
3,4,1,128,PUSH,-4,bahdfcgejplinkom,4,-1,1
3,4,2,128,PUSH,4,bchdflpejgainkom,-4,4,-1,1
3,4,1,129,PUSH,1,bhadfcgejplinkom,4,-1,1
3,4,2,129,DEL_CUTOFF,1
3,4,1,130,DEL_CUTOFF,1
3,4,2,130,DEL_CUTOFF,-1
3,4,1,131,DEL_EXPLORED,-1
3,4,2,131,DEL_CUTOFF,4
3,4,1,132,DEL_CUTOFF,4
3,4,2,132,DEL_EXPLORED,-4
3,4,1,133,POP,1,bhadfcgejplinkom
3,4,2,133,POP,4,bchdflpejgainkom
3,4,1,134,PUSH,-1,abhdfcgejplinkom,4,1
3,4,2,134,PUSH,-4,bcadflhejgpinkom,4,-1,1
3,4,1,135,DEL_EXPLORED,1
3,4,2,135,DEL_CUTOFF,1
3,4,1,136,DEL_CUTOFF,4
3,4,2,136,DEL_CUTOFF,-1
3,4,1,137,POP,-1,abhdfcgejplinkom
3,4,2,137,DEL_EXPLORED,4
3,4,1,138,DEL_EXPLORED,4
3,4,2,138,POP,-4,bcadflhejgpinkom
3,4,1,139,POP,-4,bahdfcgejplinkom
3,4,2,139,POP,1,bchdflaejgpinkom
3,4,1,140,POP,-1,bchdfagejplinkom
3,4,2,140,PUSH,-1,bchdaflejgpinkom,-4,4,1
3,4,1,141,DEL_EXPLORED,4
3,4,2,141,DEL_EXPLORED,1
3,4,1,142,PUSH,-4,bcadfghejplinkom,4,-1,1
3,4,2,142,PUSH,4,bchdjfleagpinkom,-4,4,1
3,4,1,143,PUSH,1,bcdafghejplinkom,4,-1
3,4,2,143,DEL_CUTOFF,1
3,4,1,144,DEL_EXPLORED,-1
3,4,2,144,DEL_CUTOFF,4
3,4,1,145,PUSH,4,bcdefghajplinkom,-4,4,-1
3,4,2,145,DEL_EXPLORED,-4
3,4,1,146,DEL_CUTOFF,-1
3,4,2,146,POP,4,bchdjfleagpinkom
3,4,1,147,DEL_CUTOFF,4
3,4,2,147,PUSH,-4,achdbflejgpinkom,4,1
3,4,1,148,DEL_EXPLORED,-4
3,4,2,148,DEL_CUTOFF,1
3,4,1,149,POP,4,bcdefghajplinkom
3,4,2,149,DEL_EXPLORED,4
3,4,1,150,POP,1,bcdafghejplinkom
3,4,2,150,POP,-4,achdbflejgpinkom
3,4,1,151,PUSH,-1,bacdfghejplinkom,4,-1,1
3,4,2,151,POP,-1,bchdaflejgpinkom
3,4,1,152,DEL_EXPLORED,1
3,4,2,152,DEL_EXPLORED,4
3,4,1,153,PUSH,-1,abcdfghejplinkom,4,1
3,4,2,153,PUSH,-4,bahdfclejgpinkom,4,-1,1
3,4,1,154,DEL_EXPLORED,1
3,4,2,154,PUSH,1,bhadfclejgpinkom,4,-1,1
3,4,1,155,DEL_CUTOFF,4
3,4,2,155,DEL_CUTOFF,1
3,4,1,156,POP,-1,abcdfghejplinkom
3,4,2,156,DEL_EXPLORED,-1
3,4,1,157,PUSH,4,bgcdfahejplinkom,-4,4,-1,1
3,4,2,157,DEL_CUTOFF,4
3,4,1,158,DEL_CUTOFF,1
3,4,2,158,POP,1,bhadfclejgpinkom
3,4,1,159,DEL_CUTOFF,-1
3,4,2,159,PUSH,-1,abhdfclejgpinkom,4,1
3,4,1,160,DEL_CUTOFF,4
3,4,2,160,DEL_EXPLORED,1
3,4,1,161,DEL_EXPLORED,-4
3,4,2,161,DEL_CUTOFF,4
3,4,1,162,POP,4,bgcdfahejplinkom
3,4,2,162,POP,-1,abhdfclejgpinkom
3,4,1,163,POP,-1,bacdfghejplinkom
3,4,2,163,DEL_EXPLORED,4
3,4,1,164,DEL_EXPLORED,4
3,4,2,164,POP,-4,bahdfclejgpinkom
3,4,1,165,POP,-4,bcadfghejplinkom
3,4,2,165,POP,-4,bchdfalejgpinkom
3,4,1,166,POP,-4,bchdfgaejplinkom
3,4,2,166,POP,-1,bchdfglejapinkom
3,4,1,167,POP,0,bchdfglejpainkom
3,4,2,167,POP,0,bchdfglejpainkom
4,5,0,168,PUSH,1,bchdfglejpoinkma,-4,-1
4,5,1,168,PUSH,1,bchdfgeajplinkom,-4,4,-1
4,5,2,168,DEL_EXPLORED,1
4,5,3,168,PUSH,-1,bchdfglejpimnkao,-4,-1,1
4,5,4,168,PUSH,-1,bchdfgaljpienkom,-4,4,-1,1
4,5,0,169,DEL_EXPLORED,-1
4,5,1,169,DEL_EXPLORED,-1
4,5,2,169,PUSH,-1,bchdfgleajpinkom,-4,4,1
4,5,3,169,DEL_EXPLORED,1
4,5,4,169,DEL_EXPLORED,1
4,5,0,170,PUSH,-4,bchdfglejpoankmi,-4,4,-1
4,5,1,170,PUSH,4,bchdfgeijplankom,-4,4,-1
4,5,2,170,DEL_EXPLORED,1
4,5,3,170,PUSH,-1,bchdfglejpimnako,-4,-1,1
4,5,4,170,PUSH,-1,bchdfagljpienkom,-4,4,-1,1
4,5,0,171,PUSH,-1,bchdfglejpaonkmi,-4,4,-1,1
4,5,1,171,PUSH,-1,bchdfgeijpalnkom,-4,4,-1,1
4,5,2,171,PUSH,4,bchdfglenjpiakom,-4,1
4,5,3,171,DEL_EXPLORED,1
4,5,4,171,DEL_EXPLORED,1
4,5,0,172,DEL_EXPLORED,1
4,5,1,172,DEL_EXPLORED,1
4,5,2,172,PUSH,1,bchdfglenjpikaom,-4,-1,1
4,5,3,172,PUSH,-1,bchdfglejpimanko,-4,1
4,5,4,172,PUSH,-1,bchdafgljpienkom,-4,4,1
4,5,0,173,PUSH,-1,bchdfglejaponkmi,-4,4,-1,1
4,5,1,173,PUSH,-1,bchdfgeijaplnkom,-4,4,-1,1
4,5,2,173,PUSH,1,bchdfglenjpikoam,-4,-1,1
4,5,3,173,DEL_EXPLORED,1
4,5,4,173,DEL_EXPLORED,1
4,5,0,174,DEL_EXPLORED,1
4,5,1,174,DEL_EXPLORED,1
4,5,2,174,DEL_CUTOFF,1
4,5,3,174,DEL_CUTOFF,-4
4,5,4,174,DEL_CUTOFF,4
4,5,0,175,DEL_CUTOFF,-1
4,5,1,175,DEL_CUTOFF,-1
4,5,2,175,DEL_EXPLORED,-1
4,5,3,175,POP,-1,bchdfglejpimanko
4,5,4,175,DEL_CUTOFF,-4
4,5,0,176,DEL_CUTOFF,4
4,5,1,176,DEL_CUTOFF,4
4,5,2,176,DEL_CUTOFF,-4
4,5,3,176,PUSH,-4,bchdfglejaimnpko,-4,4,-1,1
4,5,4,176,POP,-1,bchdafgljpienkom
4,5,0,177,DEL_CUTOFF,-4
4,5,1,177,DEL_CUTOFF,-4
4,5,2,177,POP,1,bchdfglenjpikoam
4,5,3,177,DEL_CUTOFF,1
4,5,4,177,PUSH,4,bchdfpgljaienkom,-4,4,-1,1
4,5,0,178,POP,-1,bchdfglejaponkmi
4,5,1,178,POP,-1,bchdfgeijaplnkom
4,5,2,178,DEL_EXPLORED,-1
4,5,3,178,DEL_CUTOFF,-1
4,5,4,178,DEL_CUTOFF,1
4,5,0,179,PUSH,4,bchdfglejpmonkai,-4,-1,1
4,5,1,179,PUSH,4,bchdfgeijpolnkam,-4,-1,1
4,5,2,179,PUSH,-4,bchdfglenapikjom,-4,4,-1,1
4,5,3,179,DEL_EXPLORED,4
4,5,4,179,DEL_CUTOFF,-1
4,5,0,180,DEL_CUTOFF,1
4,5,1,180,DEL_CUTOFF,1
4,5,2,180,DEL_CUTOFF,1
4,5,3,180,DEL_CUTOFF,-4
4,5,4,180,DEL_CUTOFF,4
4,5,0,181,DEL_CUTOFF,-1
4,5,1,181,DEL_CUTOFF,-1
4,5,2,181,DEL_CUTOFF,-1
4,5,3,181,POP,-4,bchdfglejaimnpko
4,5,4,181,DEL_EXPLORED,-4
4,5,0,182,DEL_EXPLORED,-4
4,5,1,182,DEL_EXPLORED,-4
4,5,2,182,DEL_EXPLORED,4
4,5,3,182,POP,-1,bchdfglejpimnako
4,5,4,182,POP,4,bchdfpgljaienkom
4,5,0,183,POP,4,bchdfglejpmonkai
4,5,1,183,POP,4,bchdfgeijpolnkam
4,5,2,183,DEL_CUTOFF,-4
4,5,3,183,PUSH,-4,bchdfglejpamnkio,-4,4,-1,1
4,5,4,183,PUSH,-4,bahdfcgljpienkom,4,-1,1
4,5,0,184,PUSH,-4,bchdfgaejplonkmi,-4,4,-1,1
4,5,1,184,PUSH,-4,bchdfgaijpelnkom,-4,4,-1,1
4,5,2,184,POP,-4,bchdfglenapikjom
4,5,3,184,PUSH,1,bchdfglejpmankio,-4,4,-1
4,5,4,184,DEL_CUTOFF,1
4,5,0,185,DEL_CUTOFF,1
4,5,1,185,DEL_CUTOFF,1
4,5,2,185,POP,1,bchdfglenjpikaom
4,5,3,185,DEL_EXPLORED,-1
4,5,4,185,DEL_CUTOFF,-1
4,5,0,186,DEL_CUTOFF,-1
4,5,1,186,DEL_CUTOFF,-1
4,5,2,186,DEL_EXPLORED,-4
4,5,3,186,DEL_CUTOFF,4
4,5,4,186,DEL_EXPLORED,4
4,5,0,187,DEL_EXPLORED,4
4,5,1,187,DEL_EXPLORED,4
4,5,2,187,POP,4,bchdfglenjpiakom
4,5,3,187,DEL_CUTOFF,-4
4,5,4,187,POP,-4,bahdfcgljpienkom
4,5,0,188,DEL_CUTOFF,-4
4,5,1,188,DEL_CUTOFF,-4
4,5,2,188,PUSH,-4,bchdaglefjpinkom,-4,4,1
4,5,3,188,POP,1,bchdfglejpmankio
4,5,4,188,POP,-1,bchdfagljpienkom
4,5,0,189,POP,-4,bchdfgaejplonkmi
4,5,1,189,POP,-4,bchdfgaijpelnkom
4,5,2,189,PUSH,1,bchdgalefjpinkom,-4,4,-1,1
4,5,3,189,PUSH,-1,bchdfglejapmnkio,-4,4,-1,1
4,5,4,189,PUSH,4,bchdfgiljpaenkom,-4,4,-1,1
4,5,0,190,POP,-1,bchdfglejpaonkmi
4,5,1,190,POP,-1,bchdfgeijpalnkom
4,5,2,190,PUSH,1,bchdglaefjpinkom,-4,4,-1,1
4,5,3,190,DEL_EXPLORED,1
4,5,4,190,PUSH,1,bchdfgiljpeankom,-4,4,-1
4,5,0,191,DEL_EXPLORED,4
4,5,1,191,PUSH,4,bchdfgeijplmnkoa,-4,-1
4,5,2,191,DEL_CUTOFF,1
4,5,3,191,DEL_CUTOFF,-1
4,5,4,191,DEL_EXPLORED,-1
4,5,0,192,PUSH,-4,bchdfglajpoenkmi,-4,4,-1
4,5,1,192,PUSH,-1,bchdfgeijplmnkao,-4,-1,1
4,5,2,192,DEL_EXPLORED,-1
4,5,3,192,DEL_CUTOFF,4
4,5,4,192,DEL_CUTOFF,4
4,5,0,193,PUSH,-1,bchdfgaljpoenkmi,-4,4,-1,1
4,5,1,193,DEL_EXPLORED,1
4,5,2,193,DEL_CUTOFF,4
4,5,3,193,DEL_CUTOFF,-4
4,5,4,193,DEL_CUTOFF,-4
4,5,0,194,DEL_EXPLORED,1
4,5,1,194,DEL_CUTOFF,-1
4,5,2,194,DEL_CUTOFF,-4
4,5,3,194,POP,-1,bchdfglejapmnkio
4,5,4,194,POP,1,bchdfgiljpeankom
4,5,0,195,DEL_CUTOFF,-1
4,5,1,195,DEL_CUTOFF,-4
4,5,2,195,POP,1,bchdglaefjpinkom
4,5,3,195,DEL_EXPLORED,4
4,5,4,195,PUSH,-1,bchdfgiljapenkom,-4,4,-1,1
4,5,0,196,DEL_CUTOFF,4
4,5,1,196,POP,-1,bchdfgeijplmnkao
4,5,2,196,DEL_EXPLORED,-1
4,5,3,196,PUSH,-4,bchdfgaejplmnkio,-4,4,-1,1
4,5,4,196,DEL_EXPLORED,1
4,5,0,197,DEL_CUTOFF,-4
4,5,1,197,DEL_EXPLORED,-4
4,5,2,197,PUSH,4,bchdgjlefapinkom,-4,4,-1,1
4,5,3,197,DEL_CUTOFF,1
4,5,4,197,DEL_CUTOFF,-1
4,5,0,198,POP,-1,bchdfgaljpoenkmi
4,5,1,198,POP,4,bchdfgeijplmnkoa
4,5,2,198,DEL_CUTOFF,1
4,5,3,198,DEL_CUTOFF,-1
4,5,4,198,DEL_CUTOFF,4
4,5,0,199,DEL_EXPLORED,4
4,5,1,199,DEL_EXPLORED,-4
4,5,2,199,DEL_CUTOFF,-1
4,5,3,199,DEL_EXPLORED,4
4,5,4,199,DEL_CUTOFF,-4
4,5,0,200,PUSH,-4,bchafgldjpoenkmi,4,-1
4,5,1,200,POP,4,bchdfgeijplankom
4,5,2,200,DEL_CUTOFF,4
4,5,3,200,DEL_CUTOFF,-4
4,5,4,200,POP,-1,bchdfgiljapenkom
4,5,0,201,DEL_CUTOFF,-1
4,5,1,201,PUSH,-4,bchafgedjplinkom,4,-1
4,5,2,201,DEL_EXPLORED,-4
4,5,3,201,POP,-4,bchdfgaejplmnkio
4,5,4,201,PUSH,4,bchdfgiljpoenkam,-4,-1,1
4,5,0,202,DEL_EXPLORED,4
4,5,1,202,PUSH,-1,bcahfgedjplinkom,4,-1,1
4,5,2,202,POP,4,bchdgjlefapinkom
4,5,3,202,POP,-4,bchdfglejpamnkio
4,5,4,202,DEL_CUTOFF,1
4,5,0,203,POP,-4,bchafgldjpoenkmi
4,5,1,203,DEL_EXPLORED,1
4,5,2,203,PUSH,-4,bahdgclefjpinkom,4,-1,1
4,5,3,203,POP,-1,bchdfglejpimnkao
4,5,4,203,DEL_CUTOFF,-1
4,5,0,204,POP,-4,bchdfglajpoenkmi
4,5,1,204,PUSH,-1,bachfgedjplinkom,4,-1,1
4,5,2,204,DEL_CUTOFF,1
4,5,3,204,DEL_EXPLORED,-4
4,5,4,204,DEL_EXPLORED,-4
4,5,0,205,POP,-4,bchdfglejpoankmi
4,5,1,205,DEL_EXPLORED,1
4,5,2,205,DEL_CUTOFF,-1
4,5,3,205,POP,4,bchdfglejpimnkoa
4,5,4,205,POP,4,bchdfgiljpoenkam
4,5,0,206,POP,1,bchdfglejpoinkma
4,5,1,206,DEL_CUTOFF,-1
4,5,2,206,DEL_EXPLORED,4
4,5,3,206,POP,1,bchdfglejpiankom
4,5,4,206,DEL_EXPLORED,-4
4,5,0,207,PUSH,-1,bchdfglejpoinakm,-4,-1,1
4,5,1,207,DEL_CUTOFF,4
4,5,2,207,POP,-4,bahdgclefjpinkom
4,5,3,207,POP,0,bchdfglejpainkom
4,5,4,207,POP,4,bchdfgiljpaenkom
4,5,0,208,DEL_EXPLORED,1
4,5,1,208,POP,-1,bachfgedjplinkom
4,5,2,208,POP,1,bchdgalefjpinkom
4,5,4,208,PUSH,-4,bcadfghljpienkom,4,-1,1
4,5,0,209,PUSH,-1,bchdfglejpoiankm,-4,1
4,5,1,209,PUSH,4,bcehfgadjplinkom,-4,4,-1,1
4,5,2,209,DEL_EXPLORED,4
4,5,4,209,PUSH,1,bcdafghljpienkom,4,-1
4,5,0,210,DEL_EXPLORED,1
4,5,1,210,DEL_CUTOFF,1
4,5,2,210,PUSH,-4,achdbglefjpinkom,4,1
4,5,4,210,DEL_EXPLORED,-1
4,5,0,211,PUSH,-4,bchdfgleapoijnkm,-4,4,1
4,5,1,211,DEL_CUTOFF,-1
4,5,2,211,PUSH,1,cahdbglefjpinkom,4,-1,1
4,5,4,211,DEL_CUTOFF,4
4,5,0,212,PUSH,1,bchdfglepaoijnkm,-4,4,-1,1
4,5,1,212,DEL_CUTOFF,4
4,5,2,212,DEL_CUTOFF,1
4,5,4,212,POP,1,bcdafghljpienkom
4,5,0,213,DEL_CUTOFF,1
4,5,1,213,DEL_EXPLORED,-4
4,5,2,213,DEL_EXPLORED,-1
4,5,4,213,PUSH,-1,bacdfghljpienkom,4,-1,1
4,5,0,214,DEL_EXPLORED,-1
4,5,1,214,POP,4,bcehfgadjplinkom
4,5,2,214,DEL_CUTOFF,4
4,5,4,214,DEL_EXPLORED,1
4,5,0,215,DEL_CUTOFF,4
4,5,1,215,POP,-1,bcahfgedjplinkom
4,5,2,215,POP,1,cahdbglefjpinkom
4,5,4,215,DEL_CUTOFF,-1
4,5,0,216,DEL_CUTOFF,-4
4,5,1,216,DEL_EXPLORED,4
4,5,2,216,DEL_EXPLORED,4
4,5,4,216,DEL_CUTOFF,4
4,5,0,217,POP,1,bchdfglepaoijnkm
4,5,1,217,POP,-4,bchafgedjplinkom
4,5,2,217,POP,-4,achdbglefjpinkom
4,5,4,217,POP,-1,bacdfghljpienkom
4,5,0,218,DEL_EXPLORED,4
4,5,1,218,POP,1,bchdfgeajplinkom
4,5,2,218,POP,-4,bchdaglefjpinkom
4,5,4,218,DEL_EXPLORED,4
4,5,0,219,PUSH,-4,bchdaglefpoijnkm,-4,4,1
4,5,1,219,PUSH,-1,bchdfagejplinkom,-4,4,-1,1
4,5,2,219,POP,-1,bchdfgleajpinkom
4,5,4,219,POP,-4,bcadfghljpienkom
4,5,0,220,DEL_CUTOFF,1
4,5,1,220,DEL_EXPLORED,1
4,5,2,220,PUSH,4,bchdfglejkpinaom,-4,-1,1
4,5,4,220,POP,-1,bchdfgaljpienkom
4,5,0,221,DEL_EXPLORED,4
4,5,1,221,PUSH,-1,bchdafgejplinkom,-4,4,1
4,5,2,221,PUSH,1,bchdfglejkpinoam,-4,-1,1
4,5,4,221,DEL_EXPLORED,4
4,5,0,222,DEL_CUTOFF,-4
4,5,1,222,DEL_EXPLORED,1
4,5,2,222,PUSH,1,bchdfglejkpinoma,-4,-1
4,5,4,222,PUSH,-4,bchafgldjpienkom,4,-1
4,5,0,223,POP,-4,bchdaglefpoijnkm
4,5,1,223,PUSH,4,bchdjfgeaplinkom,-4,4,1
4,5,2,223,DEL_EXPLORED,-1
4,5,4,223,PUSH,-1,bcahfgldjpienkom,4,-1,1
4,5,0,224,POP,-4,bchdfgleapoijnkm
4,5,1,224,PUSH,1,bchdjfgepalinkom,-4,4,-1,1
4,5,2,224,PUSH,-4,bchdfglejkpanomi,-4,4,-1
4,5,4,224,DEL_EXPLORED,1
4,5,0,225,POP,-1,bchdfglejpoiankm
4,5,1,225,DEL_CUTOFF,1
4,5,2,225,DEL_CUTOFF,-1
4,5,4,225,PUSH,-1,bachfgldjpienkom,4,-1,1
4,5,0,226,PUSH,-4,bchdfglejaoinpkm,-4,4,-1,1
4,5,1,226,DEL_EXPLORED,-1
4,5,2,226,DEL_EXPLORED,4
4,5,4,226,DEL_EXPLORED,1
4,5,0,227,PUSH,1,bchdfglejoainpkm,-4,4,-1,1
4,5,1,227,DEL_CUTOFF,4
4,5,2,227,DEL_CUTOFF,-4
4,5,4,227,DEL_CUTOFF,-1
4,5,0,228,PUSH,1,bchdfglejoianpkm,-4,4,-1
4,5,1,228,DEL_CUTOFF,-4
4,5,2,228,POP,-4,bchdfglejkpanomi
4,5,4,228,DEL_CUTOFF,4
4,5,0,229,DEL_EXPLORED,-1
4,5,1,229,POP,1,bchdjfgepalinkom
4,5,2,229,POP,1,bchdfglejkpinoma
4,5,4,229,POP,-1,bachfgldjpienkom
4,5,0,230,DEL_CUTOFF,4
4,5,1,230,PUSH,4,bchdjfgenpliakom,-4,1
4,5,2,230,DEL_EXPLORED,-1
4,5,4,230,PUSH,4,bclhfgadjpienkom,-4,4,-1,1
4,5,0,231,DEL_CUTOFF,-4
4,5,1,231,DEL_CUTOFF,1
4,5,2,231,PUSH,-4,bchdfglejkainopm,-4,4,-1,1
4,5,4,231,DEL_CUTOFF,1
4,5,0,232,POP,1,bchdfglejoianpkm
4,5,1,232,DEL_EXPLORED,-4
4,5,2,232,PUSH,1,bchdfglejkianopm,-4,4,-1
4,5,4,232,DEL_CUTOFF,-1
4,5,0,233,DEL_EXPLORED,-1
4,5,1,233,POP,4,bchdjfgenpliakom
4,5,2,233,DEL_EXPLORED,-1
4,5,4,233,DEL_CUTOFF,4
4,5,0,234,PUSH,4,bchdfglejokinpam,-4,-1,1
4,5,1,234,DEL_EXPLORED,-4
4,5,2,234,DEL_CUTOFF,4
4,5,4,234,DEL_EXPLORED,-4
4,5,0,235,DEL_CUTOFF,1
4,5,1,235,POP,4,bchdjfgeaplinkom
4,5,2,235,DEL_CUTOFF,-4
4,5,4,235,POP,4,bclhfgadjpienkom
4,5,0,236,DEL_CUTOFF,-1
4,5,1,236,PUSH,-4,achdbfgejplinkom,4,1
4,5,2,236,POP,1,bchdfglejkianopm
4,5,4,236,POP,-1,bcahfgldjpienkom
4,5,0,237,DEL_EXPLORED,-4
4,5,1,237,PUSH,1,cahdbfgejplinkom,4,-1,1
4,5,2,237,PUSH,-1,bchdfglejakinopm,-4,4,-1,1
4,5,4,237,DEL_EXPLORED,4
4,5,0,238,POP,4,bchdfglejokinpam
4,5,1,238,DEL_CUTOFF,1
4,5,2,238,DEL_EXPLORED,1
4,5,4,238,POP,-4,bchafgldjpienkom
4,5,0,239,PUSH,-4,bchdfgaejolinpkm,-4,4,-1,1
4,5,1,239,DEL_EXPLORED,-1
4,5,2,239,DEL_CUTOFF,-1
4,5,4,239,POP,-4,bchdfglajpienkom
4,5,0,240,DEL_CUTOFF,1
4,5,1,240,DEL_CUTOFF,4
4,5,2,240,DEL_CUTOFF,4
4,5,4,240,POP,1,bchdfglejpiankom
4,5,0,241,DEL_CUTOFF,-1
4,5,1,241,POP,1,cahdbfgejplinkom
4,5,2,241,DEL_CUTOFF,-4
4,5,4,241,POP,0,bchdfglejpainkom
4,5,0,242,DEL_EXPLORED,4
4,5,1,242,DEL_EXPLORED,4
4,5,2,242,POP,-1,bchdfglejakinopm
4,5,0,243,DEL_CUTOFF,-4
4,5,1,243,POP,-4,achdbfgejplinkom
4,5,2,243,DEL_EXPLORED,4
4,5,0,244,POP,-4,bchdfgaejolinpkm
4,5,1,244,POP,-1,bchdafgejplinkom
4,5,2,244,PUSH,-4,bchdfgaejklinopm,-4,4,-1,1
4,5,0,245,POP,1,bchdfglejoainpkm
4,5,1,245,PUSH,4,bchdfpgejalinkom,-4,4,-1,1
4,5,2,245,DEL_CUTOFF,1
4,5,0,246,PUSH,-1,bchdfgleajoinpkm,-4,4,1
4,5,1,246,PUSH,1,bchdfpgejlainkom,-4,4,-1,1
4,5,2,246,DEL_CUTOFF,-1
4,5,0,247,DEL_EXPLORED,1
4,5,1,247,PUSH,1,bchdfpgejliankom,-4,4,-1
4,5,2,247,DEL_EXPLORED,4
4,5,0,248,PUSH,4,bchdfglenjoiapkm,-4,1
4,5,1,248,DEL_EXPLORED,-1
4,5,2,248,DEL_CUTOFF,-4
4,5,0,249,DEL_CUTOFF,1
4,5,1,249,DEL_CUTOFF,4
4,5,2,249,POP,-4,bchdfgaejklinopm
4,5,0,250,DEL_EXPLORED,-4
4,5,1,250,DEL_CUTOFF,-4
4,5,2,250,POP,-4,bchdfglejkainopm
4,5,0,251,POP,4,bchdfglenjoiapkm
4,5,1,251,POP,1,bchdfpgejliankom
4,5,2,251,POP,1,bchdfglejkpinoam
4,5,0,252,PUSH,-4,bchdaglefjoinpkm,-4,4,1
4,5,1,252,DEL_EXPLORED,-1
4,5,2,252,PUSH,-1,bchdfglejkpianom,-4,1
4,5,0,253,DEL_CUTOFF,1
4,5,1,253,PUSH,4,bchdfpgejloinkam,-4,-1,1
4,5,2,253,DEL_EXPLORED,1
4,5,0,254,DEL_EXPLORED,4
4,5,1,254,DEL_CUTOFF,1
4,5,2,254,PUSH,-4,bchdfgleakpijnom,-4,4,1
4,5,0,255,DEL_CUTOFF,-4
4,5,1,255,DEL_CUTOFF,-1
4,5,2,255,PUSH,1,bchdfglekapijnom,-4,4,-1,1
4,5,0,256,POP,-4,bchdaglefjoinpkm
4,5,1,256,DEL_EXPLORED,-4
4,5,2,256,DEL_CUTOFF,1
4,5,0,257,POP,-1,bchdfgleajoinpkm
4,5,1,257,POP,4,bchdfpgejloinkam
4,5,2,257,DEL_EXPLORED,-1
4,5,0,258,DEL_EXPLORED,4
4,5,1,258,PUSH,-4,bchdfpaejlginkom,-4,4,-1,1
4,5,2,258,DEL_CUTOFF,4
4,5,0,259,PUSH,-4,bchdfalejgoinpkm,-4,4,-1,1
4,5,1,259,DEL_CUTOFF,1
4,5,2,259,DEL_CUTOFF,-4
4,5,0,260,PUSH,1,bchdflaejgoinpkm,-4,4,-1,1
4,5,1,260,DEL_CUTOFF,-1
4,5,2,260,POP,1,bchdfglekapijnom
4,5,0,261,DEL_CUTOFF,1
4,5,1,261,DEL_EXPLORED,4
4,5,2,261,DEL_EXPLORED,4
4,5,0,262,DEL_EXPLORED,-1
4,5,1,262,DEL_CUTOFF,-4
4,5,2,262,PUSH,-4,bchdaglefkpijnom,-4,4,1
4,5,0,263,DEL_CUTOFF,4
4,5,1,263,POP,-4,bchdfpaejlginkom
4,5,2,263,DEL_CUTOFF,1
4,5,0,264,DEL_CUTOFF,-4
4,5,1,264,POP,1,bchdfpgejlainkom
4,5,2,264,DEL_EXPLORED,4
4,5,0,265,POP,1,bchdflaejgoinpkm
4,5,1,265,PUSH,-1,bchdfpgeajlinkom,-4,4,1
4,5,2,265,DEL_CUTOFF,-4
4,5,0,266,PUSH,-1,bchdaflejgoinpkm,-4,4,1
4,5,1,266,DEL_EXPLORED,1
4,5,2,266,POP,-4,bchdaglefkpijnom
4,5,0,267,DEL_EXPLORED,1
4,5,1,267,PUSH,4,bchdfpgenjliakom,-4,1
4,5,2,267,POP,-4,bchdfgleakpijnom
4,5,0,268,DEL_CUTOFF,4
4,5,1,268,DEL_CUTOFF,1
4,5,2,268,POP,-1,bchdfglejkpianom
4,5,0,269,DEL_CUTOFF,-4
4,5,1,269,DEL_EXPLORED,-4
4,5,2,269,DEL_EXPLORED,-4
4,5,0,270,POP,-1,bchdaflejgoinpkm
4,5,1,270,POP,4,bchdfpgenjliakom
4,5,2,270,POP,4,bchdfglejkpinaom
4,5,0,271,DEL_EXPLORED,4
4,5,1,271,PUSH,-4,bchdapgefjlinkom,-4,4,1
4,5,2,271,PUSH,-4,bchdfalejgpinkom,-4,4,-1,1
4,5,0,272,PUSH,-4,bahdfclejgoinpkm,4,-1,1
4,5,1,272,DEL_CUTOFF,1
4,5,2,272,PUSH,1,bchdflaejgpinkom,-4,4,-1,1
4,5,0,273,DEL_CUTOFF,1
4,5,1,273,DEL_EXPLORED,4
4,5,2,273,PUSH,1,bchdfleajgpinkom,-4,4,-1
4,5,0,274,DEL_CUTOFF,-1
4,5,1,274,DEL_CUTOFF,-4
4,5,2,274,DEL_EXPLORED,-1
4,5,0,275,DEL_EXPLORED,4
4,5,1,275,POP,-4,bchdapgefjlinkom
4,5,2,275,PUSH,4,bchdfleijgpankom,-4,4,-1
4,5,0,276,POP,-4,bahdfclejgoinpkm
4,5,1,276,POP,-1,bchdfpgeajlinkom
4,5,2,276,DEL_CUTOFF,-1
4,5,0,277,POP,-4,bchdfalejgoinpkm
4,5,1,277,PUSH,4,bchdfpgejklinaom,-4,-1,1
4,5,2,277,DEL_CUTOFF,4
4,5,0,278,POP,-4,bchdfglejaoinpkm
4,5,1,278,PUSH,1,bchdfpgejklinoam,-4,-1,1
4,5,2,278,DEL_EXPLORED,-4
4,5,0,279,POP,-1,bchdfglejpoinakm
4,5,1,279,DEL_CUTOFF,1
4,5,2,279,POP,4,bchdfleijgpankom
4,5,0,280,DEL_EXPLORED,-4
4,5,1,280,DEL_EXPLORED,-1
4,5,2,280,PUSH,-4,bchafledjgpinkom,4,-1
4,5,0,281,POP,4,bchdfglejpoinkam
4,5,1,281,DEL_CUTOFF,-4
4,5,2,281,DEL_CUTOFF,-1
4,5,0,282,POP,0,bchdfglejpainkom
4,5,1,282,POP,1,bchdfpgejklinoam
4,5,2,282,DEL_EXPLORED,4
4,5,1,283,PUSH,-1,bchdfpgejklianom,-4,1
4,5,2,283,POP,-4,bchafledjgpinkom
4,5,1,284,DEL_EXPLORED,1
4,5,2,284,POP,1,bchdfleajgpinkom
4,5,1,285,DEL_CUTOFF,-4
4,5,2,285,DEL_EXPLORED,-1
4,5,1,286,POP,-1,bchdfpgejklianom
4,5,2,286,PUSH,4,bchdflpejgainkom,-4,4,-1,1
4,5,1,287,DEL_EXPLORED,-4
4,5,2,287,PUSH,1,bchdflpejgiankom,-4,4,-1
4,5,1,288,POP,4,bchdfpgejklinaom
4,5,2,288,DEL_EXPLORED,-1
4,5,1,289,DEL_EXPLORED,-4
4,5,2,289,DEL_CUTOFF,4
4,5,1,290,POP,4,bchdfpgejalinkom
4,5,2,290,DEL_CUTOFF,-4
4,5,1,291,PUSH,-4,bahdfcgejplinkom,4,-1,1
4,5,2,291,POP,1,bchdflpejgiankom
4,5,1,292,PUSH,1,bhadfcgejplinkom,4,-1,1
4,5,2,292,PUSH,-1,bchdflpejaginkom,-4,4,-1,1
4,5,1,293,PUSH,1,bhdafcgejplinkom,4,-1
4,5,2,293,DEL_EXPLORED,1
4,5,1,294,DEL_EXPLORED,-1
4,5,2,294,DEL_CUTOFF,-1
4,5,1,295,DEL_CUTOFF,4
4,5,2,295,DEL_CUTOFF,4
4,5,1,296,POP,1,bhdafcgejplinkom
4,5,2,296,DEL_CUTOFF,-4
4,5,1,297,DEL_EXPLORED,-1
4,5,2,297,POP,-1,bchdflpejaginkom
4,5,1,298,PUSH,4,bhgdfcaejplinkom,-4,4,-1,1
4,5,2,298,PUSH,4,bchdflpejgoinkam,-4,-1,1
4,5,1,299,DEL_CUTOFF,1
4,5,2,299,DEL_CUTOFF,1
4,5,1,300,DEL_CUTOFF,-1
4,5,2,300,DEL_CUTOFF,-1
4,5,1,301,DEL_CUTOFF,4
4,5,2,301,DEL_EXPLORED,-4
4,5,1,302,DEL_EXPLORED,-4
4,5,2,302,POP,4,bchdflpejgoinkam
4,5,1,303,POP,4,bhgdfcaejplinkom
4,5,2,303,DEL_EXPLORED,-4
4,5,1,304,POP,1,bhadfcgejplinkom
4,5,2,304,POP,4,bchdflpejgainkom
4,5,1,305,PUSH,-1,abhdfcgejplinkom,4,1
4,5,2,305,PUSH,-4,bcadflhejgpinkom,4,-1,1
4,5,1,306,DEL_EXPLORED,1
4,5,2,306,PUSH,1,bcdaflhejgpinkom,4,-1
4,5,1,307,PUSH,4,fbhdacgejplinkom,-4,4,1
4,5,2,307,DEL_EXPLORED,-1
4,5,1,308,DEL_CUTOFF,1
4,5,2,308,DEL_CUTOFF,4
4,5,1,309,DEL_CUTOFF,4
4,5,2,309,POP,1,bcdaflhejgpinkom
4,5,1,310,DEL_EXPLORED,-4
4,5,2,310,PUSH,-1,bacdflhejgpinkom,4,-1,1
4,5,1,311,POP,4,fbhdacgejplinkom
4,5,2,311,DEL_EXPLORED,1
4,5,1,312,POP,-1,abhdfcgejplinkom
4,5,2,312,DEL_CUTOFF,-1
4,5,1,313,DEL_EXPLORED,4
4,5,2,313,DEL_CUTOFF,4
4,5,1,314,POP,-4,bahdfcgejplinkom
4,5,2,314,POP,-1,bacdflhejgpinkom
4,5,1,315,POP,-1,bchdfagejplinkom
4,5,2,315,DEL_EXPLORED,4
4,5,1,316,DEL_EXPLORED,4
4,5,2,316,POP,-4,bcadflhejgpinkom
4,5,1,317,PUSH,-4,bcadfghejplinkom,4,-1,1
4,5,2,317,POP,1,bchdflaejgpinkom
4,5,1,318,PUSH,1,bcdafghejplinkom,4,-1
4,5,2,318,PUSH,-1,bchdaflejgpinkom,-4,4,1
4,5,1,319,DEL_EXPLORED,-1
4,5,2,319,DEL_EXPLORED,1
4,5,1,320,PUSH,4,bcdefghajplinkom,-4,4,-1
4,5,2,320,PUSH,4,bchdjfleagpinkom,-4,4,1
4,5,1,321,PUSH,-1,bcdefgahjplinkom,-4,4,-1,1
4,5,2,321,PUSH,1,bchdjflegapinkom,-4,4,-1,1
4,5,1,322,DEL_EXPLORED,1
4,5,2,322,DEL_CUTOFF,1
4,5,1,323,DEL_CUTOFF,-1
4,5,2,323,DEL_EXPLORED,-1
4,5,1,324,DEL_CUTOFF,4
4,5,2,324,DEL_CUTOFF,4
4,5,1,325,DEL_CUTOFF,-4
4,5,2,325,DEL_CUTOFF,-4
4,5,1,326,POP,-1,bcdefgahjplinkom
4,5,2,326,POP,1,bchdjflegapinkom
4,5,1,327,PUSH,4,bcdefghijplankom,-4,4,-1
4,5,2,327,PUSH,4,bchdjflengpiakom,-4,1
4,5,1,328,DEL_CUTOFF,-1
4,5,2,328,DEL_CUTOFF,1
4,5,1,329,DEL_CUTOFF,4
4,5,2,329,DEL_EXPLORED,-4
4,5,1,330,DEL_EXPLORED,-4
4,5,2,330,POP,4,bchdjflengpiakom
4,5,1,331,POP,4,bcdefghijplankom
4,5,2,331,DEL_EXPLORED,-4
4,5,1,332,DEL_EXPLORED,-4
4,5,2,332,POP,4,bchdjfleagpinkom
4,5,1,333,POP,4,bcdefghajplinkom
4,5,2,333,PUSH,-4,achdbflejgpinkom,4,1
4,5,1,334,POP,1,bcdafghejplinkom
4,5,2,334,PUSH,1,cahdbflejgpinkom,4,-1,1
4,5,1,335,PUSH,-1,bacdfghejplinkom,4,-1,1
4,5,2,335,DEL_CUTOFF,1
4,5,1,336,DEL_EXPLORED,1
4,5,2,336,DEL_EXPLORED,-1
4,5,1,337,PUSH,-1,abcdfghejplinkom,4,1
4,5,2,337,DEL_CUTOFF,4
4,5,1,338,DEL_EXPLORED,1
4,5,2,338,POP,1,cahdbflejgpinkom
4,5,1,339,PUSH,4,fbcdaghejplinkom,-4,4,1
4,5,2,339,DEL_EXPLORED,4
4,5,1,340,DEL_CUTOFF,1
4,5,2,340,POP,-4,achdbflejgpinkom
4,5,1,341,DEL_CUTOFF,4
4,5,2,341,POP,-1,bchdaflejgpinkom
4,5,1,342,DEL_EXPLORED,-4
4,5,2,342,DEL_EXPLORED,4
4,5,1,343,POP,4,fbcdaghejplinkom
4,5,2,343,PUSH,-4,bahdfclejgpinkom,4,-1,1
4,5,1,344,POP,-1,abcdfghejplinkom
4,5,2,344,PUSH,1,bhadfclejgpinkom,4,-1,1
4,5,1,345,PUSH,4,bgcdfahejplinkom,-4,4,-1,1
4,5,2,345,PUSH,1,bhdafclejgpinkom,4,-1
4,5,1,346,PUSH,1,bgcdfhaejplinkom,-4,4,-1,1
4,5,2,346,DEL_EXPLORED,-1
4,5,1,347,DEL_CUTOFF,1
4,5,2,347,DEL_CUTOFF,4
4,5,1,348,DEL_EXPLORED,-1
4,5,2,348,POP,1,bhdafclejgpinkom
4,5,1,349,DEL_CUTOFF,4
4,5,2,349,DEL_EXPLORED,-1
4,5,1,350,DEL_CUTOFF,-4
4,5,2,350,PUSH,4,bhldfcaejgpinkom,-4,4,-1,1
4,5,1,351,POP,1,bgcdfhaejplinkom
4,5,2,351,DEL_CUTOFF,1
4,5,1,352,PUSH,-1,bgcdafhejplinkom,-4,4,1
4,5,2,352,DEL_CUTOFF,-1
4,5,1,353,DEL_EXPLORED,1
4,5,2,353,DEL_CUTOFF,4
4,5,1,354,DEL_CUTOFF,4
4,5,2,354,DEL_EXPLORED,-4
4,5,1,355,DEL_CUTOFF,-4
4,5,2,355,POP,4,bhldfcaejgpinkom
4,5,1,356,POP,-1,bgcdafhejplinkom
4,5,2,356,POP,1,bhadfclejgpinkom
4,5,1,357,PUSH,4,bgcdfphejalinkom,-4,4,-1,1
4,5,2,357,PUSH,-1,abhdfclejgpinkom,4,1
4,5,1,358,DEL_CUTOFF,1
4,5,2,358,DEL_EXPLORED,1
4,5,1,359,DEL_CUTOFF,-1
4,5,2,359,PUSH,4,fbhdaclejgpinkom,-4,4,1
4,5,1,360,DEL_CUTOFF,4
4,5,2,360,DEL_CUTOFF,1
4,5,1,361,DEL_EXPLORED,-4
4,5,2,361,DEL_CUTOFF,4
4,5,1,362,POP,4,bgcdfphejalinkom
4,5,2,362,DEL_EXPLORED,-4
4,5,1,363,DEL_EXPLORED,-4
4,5,2,363,POP,4,fbhdaclejgpinkom
4,5,1,364,POP,4,bgcdfahejplinkom
4,5,2,364,POP,-1,abhdfclejgpinkom
4,5,1,365,POP,-1,bacdfghejplinkom
4,5,2,365,DEL_EXPLORED,4
4,5,1,366,DEL_EXPLORED,4
4,5,2,366,POP,-4,bahdfclejgpinkom
4,5,1,367,POP,-4,bcadfghejplinkom
4,5,2,367,POP,-4,bchdfalejgpinkom
4,5,1,368,POP,-4,bchdfgaejplinkom
4,5,2,368,POP,-1,bchdfglejapinkom
4,5,1,369,POP,0,bchdfglejpainkom
4,5,2,369,POP,0,bchdfglejpainkom
5,6,0,370,PUSH,1,bchdfglejpoinkma,-4,-1
5,6,1,370,PUSH,1,bchdfgeajplinkom,-4,4,-1
5,6,2,370,DEL_EXPLORED,1
5,6,3,370,PUSH,-1,bchdfglejpimnkao,-4,-1,1
5,6,4,370,PUSH,-1,bchdfgaljpienkom,-4,4,-1,1
5,6,0,371,DEL_EXPLORED,-1
5,6,1,371,DEL_EXPLORED,-1
5,6,2,371,PUSH,-1,bchdfgleajpinkom,-4,4,1
5,6,3,371,DEL_EXPLORED,1
5,6,4,371,DEL_EXPLORED,1
5,6,0,372,PUSH,-4,bchdfglejpoankmi,-4,4,-1
5,6,1,372,PUSH,4,bchdfgeijplankom,-4,4,-1
5,6,2,372,DEL_EXPLORED,1
5,6,3,372,PUSH,-1,bchdfglejpimnako,-4,-1,1
5,6,4,372,PUSH,-1,bchdfagljpienkom,-4,4,-1,1
5,6,0,373,PUSH,-1,bchdfglejpaonkmi,-4,4,-1,1
5,6,1,373,PUSH,-1,bchdfgeijpalnkom,-4,4,-1,1
5,6,2,373,PUSH,4,bchdfglenjpiakom,-4,1
5,6,3,373,DEL_EXPLORED,1
5,6,4,373,DEL_EXPLORED,1
5,6,0,374,DEL_EXPLORED,1
5,6,1,374,DEL_EXPLORED,1
5,6,2,374,PUSH,1,bchdfglenjpikaom,-4,-1,1
5,6,3,374,PUSH,-1,bchdfglejpimanko,-4,1
5,6,4,374,PUSH,-1,bchdafgljpienkom,-4,4,1
5,6,0,375,PUSH,-1,bchdfglejaponkmi,-4,4,-1,1
5,6,1,375,PUSH,-1,bchdfgeijaplnkom,-4,4,-1,1
5,6,2,375,PUSH,1,bchdfglenjpikoam,-4,-1,1
5,6,3,375,DEL_EXPLORED,1
5,6,4,375,DEL_EXPLORED,1
5,6,0,376,DEL_EXPLORED,1
5,6,1,376,DEL_EXPLORED,1
5,6,2,376,PUSH,1,bchdfglenjpikoma,-4,-1
5,6,3,376,PUSH,-4,bchdfgleapimjnko,-4,4,1
5,6,4,376,PUSH,4,bchdjfglapienkom,-4,4,1
5,6,0,377,PUSH,-1,bchdfgleajponkmi,-4,4,1
5,6,1,377,PUSH,-1,bchdfgeiajplnkom,-4,4,1
5,6,2,377,DEL_EXPLORED,-1
5,6,3,377,DEL_CUTOFF,1
5,6,4,377,DEL_CUTOFF,1
5,6,0,378,DEL_EXPLORED,1
5,6,1,378,DEL_EXPLORED,1
5,6,2,378,DEL_CUTOFF,-4
5,6,3,378,DEL_EXPLORED,4
5,6,4,378,DEL_CUTOFF,4
5,6,0,379,DEL_CUTOFF,4
5,6,1,379,DEL_CUTOFF,4
5,6,2,379,POP,1,bchdfglenjpikoma
5,6,3,379,DEL_CUTOFF,-4
5,6,4,379,DEL_EXPLORED,-4
5,6,0,380,DEL_CUTOFF,-4
5,6,1,380,DEL_CUTOFF,-4
5,6,2,380,DEL_EXPLORED,-1
5,6,3,380,POP,-4,bchdfgleapimjnko
5,6,4,380,POP,4,bchdjfglapienkom
5,6,0,381,POP,-1,bchdfgleajponkmi
5,6,1,381,POP,-1,bchdfgeiajplnkom
5,6,2,381,PUSH,-4,bchdfglenjaikopm,-4,4,-1,1
5,6,3,381,POP,-1,bchdfglejpimanko
5,6,4,381,PUSH,-4,achdbfgljpienkom,4,1
5,6,0,382,PUSH,4,bchdfglejkponami,-4,-1,1
5,6,1,382,PUSH,4,bchdfgeijkplnaom,-4,-1,1
5,6,2,382,DEL_CUTOFF,1
5,6,3,382,PUSH,-4,bchdfglejaimnpko,-4,4,-1,1
5,6,4,382,DEL_CUTOFF,1
5,6,0,383,DEL_CUTOFF,1
5,6,1,383,DEL_CUTOFF,1
5,6,2,383,DEL_CUTOFF,-1
5,6,3,383,PUSH,1,bchdfglejiamnpko,-4,4,-1,1
5,6,4,383,DEL_EXPLORED,4
5,6,0,384,DEL_CUTOFF,-1
5,6,1,384,DEL_CUTOFF,-1
5,6,2,384,DEL_EXPLORED,4
5,6,3,384,DEL_CUTOFF,1
5,6,4,384,POP,-4,achdbfgljpienkom
5,6,0,385,DEL_EXPLORED,-4
5,6,1,385,DEL_EXPLORED,-4
5,6,2,385,DEL_CUTOFF,-4
5,6,3,385,DEL_EXPLORED,-1
5,6,4,385,POP,-1,bchdafgljpienkom
5,6,0,386,POP,4,bchdfglejkponami
5,6,1,386,POP,4,bchdfgeijkplnaom
5,6,2,386,POP,-4,bchdfglenjaikopm
5,6,3,386,DEL_CUTOFF,4
5,6,4,386,PUSH,4,bchdfpgljaienkom,-4,4,-1,1
5,6,0,387,PUSH,-4,bchdfalejgponkmi,-4,4,-1,1
5,6,1,387,PUSH,-4,bchdfaeijgplnkom,-4,4,-1,1
5,6,2,387,POP,1,bchdfglenjpikoam
5,6,3,387,DEL_CUTOFF,-4
5,6,4,387,PUSH,1,bchdfpgljiaenkom,-4,4,-1,1
5,6,0,388,DEL_CUTOFF,1
5,6,1,388,DEL_CUTOFF,1
5,6,2,388,DEL_EXPLORED,-1
5,6,3,388,POP,1,bchdfglejiamnpko
5,6,4,388,DEL_CUTOFF,1
5,6,0,389,DEL_CUTOFF,-1
5,6,1,389,DEL_CUTOFF,-1
5,6,2,389,PUSH,-4,bchdfglenapikjom,-4,4,-1,1
5,6,3,389,PUSH,-1,bchdfgleajimnpko,-4,4,1
5,6,4,389,DEL_EXPLORED,-1
5,6,0,390,DEL_EXPLORED,4
5,6,1,390,DEL_EXPLORED,4
5,6,2,390,PUSH,1,bchdfglenpaikjom,-4,4,-1,1
5,6,3,390,DEL_EXPLORED,1
5,6,4,390,DEL_CUTOFF,4
5,6,0,391,DEL_CUTOFF,-4
5,6,1,391,DEL_CUTOFF,-4
5,6,2,391,DEL_CUTOFF,1
5,6,3,391,DEL_CUTOFF,4
5,6,4,391,DEL_CUTOFF,-4
5,6,0,392,POP,-4,bchdfalejgponkmi
5,6,1,392,POP,-4,bchdfaeijgplnkom
5,6,2,392,DEL_EXPLORED,-1
5,6,3,392,DEL_CUTOFF,-4
5,6,4,392,POP,1,bchdfpgljiaenkom
5,6,0,393,POP,-1,bchdfglejaponkmi
5,6,1,393,POP,-1,bchdfgeijaplnkom
5,6,2,393,DEL_CUTOFF,4
5,6,3,393,POP,-1,bchdfgleajimnpko
5,6,4,393,PUSH,-1,bchdfpglajienkom,-4,4,1
5,6,0,394,PUSH,4,bchdfglejpmonkai,-4,-1,1
5,6,1,394,PUSH,4,bchdfgeijpolnkam,-4,-1,1
5,6,2,394,DEL_CUTOFF,-4
5,6,3,394,DEL_EXPLORED,4
5,6,4,394,DEL_EXPLORED,1
5,6,0,395,PUSH,1,bchdfglejpmonkia,-4,-1
5,6,1,395,PUSH,1,bchdfgeijpolnkma,-4,-1
5,6,2,395,POP,1,bchdfglenpaikjom
5,6,3,395,PUSH,-4,bchdfalejgimnpko,-4,4,-1,1
5,6,4,395,DEL_CUTOFF,4
5,6,0,396,DEL_EXPLORED,-1
5,6,1,396,DEL_EXPLORED,-1
5,6,2,396,PUSH,-1,bchdfgleanpikjom,-4,4,1
5,6,3,396,DEL_CUTOFF,1
5,6,4,396,DEL_CUTOFF,-4
5,6,0,397,DEL_CUTOFF,-4
5,6,1,397,DEL_CUTOFF,-4
5,6,2,397,DEL_EXPLORED,1
5,6,3,397,DEL_CUTOFF,-1
5,6,4,397,POP,-1,bchdfpglajienkom
5,6,0,398,POP,1,bchdfglejpmonkia
5,6,1,398,POP,1,bchdfgeijpolnkma
5,6,2,398,DEL_CUTOFF,4
5,6,3,398,DEL_EXPLORED,4
5,6,4,398,PUSH,4,bchdfpgljkienaom,-4,-1,1
5,6,0,399,PUSH,-1,bchdfglejpmonaki,-4,-1,1
5,6,1,399,PUSH,-1,bchdfgeijpolnakm,-4,-1,1
5,6,2,399,DEL_CUTOFF,-4
5,6,3,399,DEL_CUTOFF,-4
5,6,4,399,DEL_CUTOFF,1
5,6,0,400,DEL_EXPLORED,1
5,6,1,400,DEL_EXPLORED,1
5,6,2,400,POP,-1,bchdfgleanpikjom
5,6,3,400,POP,-4,bchdfalejgimnpko
5,6,4,400,DEL_CUTOFF,-1
5,6,0,401,DEL_CUTOFF,-1
5,6,1,401,DEL_CUTOFF,-1
5,6,2,401,DEL_EXPLORED,4
5,6,3,401,POP,-4,bchdfglejaimnpko
5,6,4,401,DEL_EXPLORED,-4
5,6,0,402,DEL_CUTOFF,-4
5,6,1,402,DEL_CUTOFF,-4
5,6,2,402,PUSH,-4,bchdfalengpikjom,-4,4,-1,1
5,6,3,402,POP,-1,bchdfglejpimnako
5,6,4,402,POP,4,bchdfpgljkienaom
5,6,0,403,POP,-1,bchdfglejpmonaki
5,6,1,403,POP,-1,bchdfgeijpolnakm
5,6,2,403,DEL_CUTOFF,1
5,6,3,403,PUSH,-4,bchdfglejpamnkio,-4,4,-1,1
5,6,4,403,DEL_EXPLORED,-4
5,6,0,404,DEL_EXPLORED,-4
5,6,1,404,DEL_EXPLORED,-4
5,6,2,404,DEL_CUTOFF,-1
5,6,3,404,PUSH,1,bchdfglejpmankio,-4,4,-1
5,6,4,404,POP,4,bchdfpgljaienkom
5,6,0,405,POP,4,bchdfglejpmonkai
5,6,1,405,POP,4,bchdfgeijpolnkam
5,6,2,405,DEL_EXPLORED,4
5,6,3,405,DEL_EXPLORED,-1
5,6,4,405,PUSH,-4,bahdfcgljpienkom,4,-1,1
5,6,0,406,PUSH,-4,bchdfgaejplonkmi,-4,4,-1,1
5,6,1,406,PUSH,-4,bchdfgaijpelnkom,-4,4,-1,1
5,6,2,406,DEL_CUTOFF,-4
5,6,3,406,PUSH,4,bchdfglejpmonkia,-4,-1
5,6,4,406,PUSH,1,bhadfcgljpienkom,4,-1,1
5,6,0,407,PUSH,1,bchdfgeajplonkmi,-4,4,-1
5,6,1,407,PUSH,1,bchdfgiajpelnkom,-4,4,-1
5,6,2,407,POP,-4,bchdfalengpikjom
5,6,3,407,DEL_CUTOFF,-1
5,6,4,407,DEL_CUTOFF,1
5,6,0,408,DEL_EXPLORED,-1
5,6,1,408,DEL_EXPLORED,-1
5,6,2,408,POP,-4,bchdfglenapikjom
5,6,3,408,DEL_EXPLORED,-4
5,6,4,408,DEL_EXPLORED,-1
5,6,0,409,DEL_CUTOFF,4
5,6,1,409,DEL_CUTOFF,4
5,6,2,409,POP,1,bchdfglenjpikaom
5,6,3,409,POP,4,bchdfglejpmonkia
5,6,4,409,DEL_CUTOFF,4
5,6,0,410,DEL_CUTOFF,-4
5,6,1,410,DEL_CUTOFF,-4
5,6,2,410,DEL_EXPLORED,-4
5,6,3,410,PUSH,-4,bchdfglajpmenkio,-4,4,-1
5,6,4,410,POP,1,bhadfcgljpienkom
5,6,0,411,POP,1,bchdfgeajplonkmi
5,6,1,411,POP,1,bchdfgiajpelnkom
5,6,2,411,POP,4,bchdfglenjpiakom
5,6,3,411,DEL_CUTOFF,-1
5,6,4,411,PUSH,-1,abhdfcgljpienkom,4,1
5,6,0,412,PUSH,-1,bchdfagejplonkmi,-4,4,-1,1
5,6,1,412,PUSH,-1,bchdfagijpelnkom,-4,4,-1,1
5,6,2,412,PUSH,-4,bchdaglefjpinkom,-4,4,1
5,6,3,412,DEL_EXPLORED,4
5,6,4,412,DEL_EXPLORED,1
5,6,0,413,DEL_EXPLORED,1
5,6,1,413,DEL_EXPLORED,1
5,6,2,413,PUSH,1,bchdgalefjpinkom,-4,4,-1,1
5,6,3,413,DEL_CUTOFF,-4
5,6,4,413,DEL_CUTOFF,4
5,6,0,414,DEL_CUTOFF,-1
5,6,1,414,DEL_CUTOFF,-1
5,6,2,414,PUSH,1,bchdglaefjpinkom,-4,4,-1,1
5,6,3,414,POP,-4,bchdfglajpmenkio
5,6,4,414,POP,-1,abhdfcgljpienkom
5,6,0,415,DEL_CUTOFF,4
5,6,1,415,DEL_CUTOFF,4
5,6,2,415,PUSH,1,bchdgleafjpinkom,-4,4,-1
5,6,3,415,POP,1,bchdfglejpmankio
5,6,4,415,DEL_EXPLORED,4
5,6,0,416,DEL_CUTOFF,-4
5,6,1,416,DEL_CUTOFF,-4
5,6,2,416,DEL_EXPLORED,-1
5,6,3,416,PUSH,-1,bchdfglejapmnkio,-4,4,-1,1
5,6,4,416,POP,-4,bahdfcgljpienkom
5,6,0,417,POP,-1,bchdfagejplonkmi
5,6,1,417,POP,-1,bchdfagijpelnkom
5,6,2,417,DEL_CUTOFF,4
5,6,3,417,DEL_EXPLORED,1
5,6,4,417,POP,-1,bchdfagljpienkom
5,6,0,418,DEL_EXPLORED,4
5,6,1,418,DEL_EXPLORED,4
5,6,2,418,DEL_CUTOFF,-4
5,6,3,418,PUSH,-1,bchdfgleajpmnkio,-4,4,1
5,6,4,418,PUSH,4,bchdfgiljpaenkom,-4,4,-1,1
5,6,0,419,PUSH,-4,bcadfghejplonkmi,4,-1,1
5,6,1,419,PUSH,-4,bcadfghijpelnkom,4,-1,1
5,6,2,419,POP,1,bchdgleafjpinkom
5,6,3,419,DEL_EXPLORED,1
5,6,4,419,PUSH,1,bchdfgiljpeankom,-4,4,-1
5,6,0,420,DEL_CUTOFF,1
5,6,1,420,DEL_CUTOFF,1
5,6,2,420,DEL_EXPLORED,-1
5,6,3,420,DEL_CUTOFF,4
5,6,4,420,DEL_EXPLORED,-1
5,6,0,421,DEL_CUTOFF,-1
5,6,1,421,DEL_CUTOFF,-1
5,6,2,421,PUSH,4,bchdglpefjainkom,-4,4,-1,1
5,6,3,421,DEL_CUTOFF,-4
5,6,4,421,PUSH,4,bchdfgiljpemnkoa,-4,-1
5,6,0,422,DEL_EXPLORED,4
5,6,1,422,DEL_EXPLORED,4
5,6,2,422,DEL_CUTOFF,1
5,6,3,422,POP,-1,bchdfgleajpmnkio
5,6,4,422,DEL_CUTOFF,-1
5,6,0,423,POP,-4,bcadfghejplonkmi
5,6,1,423,POP,-4,bcadfghijpelnkom
5,6,2,423,DEL_CUTOFF,-1
5,6,3,423,PUSH,4,bchdfglejkpmnaio,-4,-1,1
5,6,4,423,DEL_EXPLORED,-4
5,6,0,424,POP,-4,bchdfgaejplonkmi
5,6,1,424,POP,-4,bchdfgaijpelnkom
5,6,2,424,DEL_CUTOFF,4
5,6,3,424,DEL_CUTOFF,1
5,6,4,424,POP,4,bchdfgiljpemnkoa
5,6,0,425,POP,-1,bchdfglejpaonkmi
5,6,1,425,POP,-1,bchdfgeijpalnkom
5,6,2,425,DEL_EXPLORED,-4
5,6,3,425,DEL_CUTOFF,-1
5,6,4,425,PUSH,-4,bchdfgiajpelnkom,-4,4,-1
5,6,0,426,DEL_EXPLORED,4
5,6,1,426,PUSH,4,bchdfgeijplmnkoa,-4,-1
5,6,2,426,POP,4,bchdglpefjainkom
5,6,3,426,DEL_EXPLORED,-4
5,6,4,426,DEL_CUTOFF,-1
5,6,0,427,PUSH,-4,bchdfglajpoenkmi,-4,4,-1
5,6,1,427,PUSH,-1,bchdfgeijplmnkao,-4,-1,1
5,6,2,427,PUSH,-4,bcadglhefjpinkom,4,-1,1
5,6,3,427,POP,4,bchdfglejkpmnaio
5,6,4,427,DEL_EXPLORED,4
5,6,0,428,PUSH,-1,bchdfgaljpoenkmi,-4,4,-1,1
5,6,1,428,DEL_EXPLORED,1
5,6,2,428,DEL_CUTOFF,1
5,6,3,428,PUSH,-4,bchdfalejgpmnkio,-4,4,-1,1
5,6,4,428,DEL_CUTOFF,-4
5,6,0,429,DEL_EXPLORED,1
5,6,1,429,PUSH,-1,bchdfgeijplmnako,-4,-1,1
5,6,2,429,DEL_CUTOFF,-1
5,6,3,429,DEL_CUTOFF,1
5,6,4,429,POP,-4,bchdfgiajpelnkom
5,6,0,430,PUSH,-1,bchdfagljpoenkmi,-4,4,-1,1
5,6,1,430,DEL_EXPLORED,1
5,6,2,430,DEL_EXPLORED,4
5,6,3,430,DEL_CUTOFF,-1
5,6,4,430,POP,1,bchdfgiljpeankom
5,6,0,431,DEL_EXPLORED,1
5,6,1,431,DEL_CUTOFF,-1
5,6,2,431,POP,-4,bcadglhefjpinkom
5,6,3,431,DEL_EXPLORED,4
5,6,4,431,PUSH,-1,bchdfgiljapenkom,-4,4,-1,1
5,6,0,432,DEL_CUTOFF,-1
5,6,1,432,DEL_CUTOFF,-4
5,6,2,432,POP,1,bchdglaefjpinkom
5,6,3,432,DEL_CUTOFF,-4
5,6,4,432,DEL_EXPLORED,1
5,6,0,433,DEL_CUTOFF,4
5,6,1,433,POP,-1,bchdfgeijplmnako
5,6,2,433,DEL_EXPLORED,-1
5,6,3,433,POP,-4,bchdfalejgpmnkio
5,6,4,433,PUSH,-1,bchdfgilajpenkom,-4,4,1
5,6,0,434,DEL_CUTOFF,-4
5,6,1,434,PUSH,-4,bchdfgeijpamnklo,-4,4,-1,1
5,6,2,434,PUSH,4,bchdgjlefapinkom,-4,4,-1,1
5,6,3,434,POP,-1,bchdfglejapmnkio
5,6,4,434,DEL_EXPLORED,1
5,6,0,435,POP,-1,bchdfagljpoenkmi
5,6,1,435,DEL_CUTOFF,1
5,6,2,435,PUSH,1,bchdgjlefpainkom,-4,4,-1,1
5,6,3,435,DEL_EXPLORED,4
5,6,4,435,DEL_CUTOFF,4
5,6,0,436,PUSH,4,bchdfgoljpaenkmi,-4,4,-1,1
5,6,1,436,DEL_CUTOFF,-1
5,6,2,436,DEL_CUTOFF,1
5,6,3,436,PUSH,-4,bchdfgaejplmnkio,-4,4,-1,1
5,6,4,436,DEL_CUTOFF,-4
5,6,0,437,DEL_CUTOFF,1
5,6,1,437,DEL_EXPLORED,4
5,6,2,437,DEL_EXPLORED,-1
5,6,3,437,PUSH,1,bchdfgeajplmnkio,-4,4,-1
5,6,4,437,POP,-1,bchdfgilajpenkom
5,6,0,438,DEL_CUTOFF,-1
5,6,1,438,DEL_CUTOFF,-4
5,6,2,438,DEL_CUTOFF,4
5,6,3,438,DEL_EXPLORED,-1
5,6,4,438,PUSH,4,bchdfgiljkpenaom,-4,-1,1
5,6,0,439,DEL_CUTOFF,4
5,6,1,439,POP,-4,bchdfgeijpamnklo
5,6,2,439,DEL_CUTOFF,-4
5,6,3,439,DEL_CUTOFF,4
5,6,4,439,DEL_CUTOFF,1
5,6,0,440,DEL_EXPLORED,-4
5,6,1,440,POP,-1,bchdfgeijplmnkao
5,6,2,440,POP,1,bchdgjlefpainkom
5,6,3,440,DEL_CUTOFF,-4
5,6,4,440,DEL_CUTOFF,-1
5,6,0,441,POP,4,bchdfgoljpaenkmi
5,6,1,441,DEL_EXPLORED,-4
5,6,2,441,PUSH,-1,bchdgjleafpinkom,-4,4,1
5,6,3,441,POP,1,bchdfgeajplmnkio
5,6,4,441,DEL_EXPLORED,-4
5,6,0,442,PUSH,-4,bcadfghljpoenkmi,4,-1,1
5,6,1,442,POP,4,bchdfgeijplmnkoa
5,6,2,442,DEL_EXPLORED,1
5,6,3,442,PUSH,-1,bchdfagejplmnkio,-4,4,-1,1
5,6,4,442,POP,4,bchdfgiljkpenaom
5,6,0,443,DEL_CUTOFF,1
5,6,1,443,DEL_EXPLORED,-4
5,6,2,443,DEL_CUTOFF,4
5,6,3,443,DEL_EXPLORED,1
5,6,4,443,PUSH,-4,bchdfailjgpenkom,-4,4,-1,1
5,6,0,444,DEL_CUTOFF,-1
5,6,1,444,POP,4,bchdfgeijplankom
5,6,2,444,DEL_CUTOFF,-4
5,6,3,444,DEL_CUTOFF,-1
5,6,4,444,DEL_CUTOFF,1
5,6,0,445,DEL_EXPLORED,4
5,6,1,445,PUSH,-4,bchafgedjplinkom,4,-1
5,6,2,445,POP,-1,bchdgjleafpinkom
5,6,3,445,DEL_CUTOFF,4
5,6,4,445,DEL_CUTOFF,-1
5,6,0,446,POP,-4,bcadfghljpoenkmi
5,6,1,446,PUSH,-1,bcahfgedjplinkom,4,-1,1
5,6,2,446,PUSH,4,bchdgjlefkpinaom,-4,-1,1
5,6,3,446,DEL_CUTOFF,-4
5,6,4,446,DEL_EXPLORED,4
5,6,0,447,POP,-1,bchdfgaljpoenkmi
5,6,1,447,DEL_EXPLORED,1
5,6,2,447,DEL_CUTOFF,1
5,6,3,447,POP,-1,bchdfagejplmnkio
5,6,4,447,DEL_CUTOFF,-4
5,6,0,448,DEL_EXPLORED,4
5,6,1,448,PUSH,-1,bachfgedjplinkom,4,-1,1
5,6,2,448,DEL_CUTOFF,-1
5,6,3,448,DEL_EXPLORED,4
5,6,4,448,POP,-4,bchdfailjgpenkom
5,6,0,449,PUSH,-4,bchafgldjpoenkmi,4,-1
5,6,1,449,DEL_EXPLORED,1
5,6,2,449,DEL_EXPLORED,-4
5,6,3,449,PUSH,-4,bcadfghejplmnkio,4,-1,1
5,6,4,449,POP,-1,bchdfgiljapenkom
5,6,0,450,PUSH,-1,bcahfgldjpoenkmi,4,-1,1
5,6,1,450,PUSH,-1,abchfgedjplinkom,4,1
5,6,2,450,POP,4,bchdgjlefkpinaom
5,6,3,450,DEL_CUTOFF,1
5,6,4,450,PUSH,4,bchdfgiljpoenkam,-4,-1,1
5,6,0,451,DEL_EXPLORED,1
5,6,1,451,DEL_EXPLORED,1
5,6,2,451,DEL_EXPLORED,-4
5,6,3,451,DEL_CUTOFF,-1
5,6,4,451,PUSH,1,bchdfgiljpoenkma,-4,-1
5,6,0,452,DEL_CUTOFF,-1
5,6,1,452,DEL_CUTOFF,4
5,6,2,452,POP,4,bchdgjlefapinkom
5,6,3,452,DEL_EXPLORED,4
5,6,4,452,DEL_EXPLORED,-1
5,6,0,453,DEL_CUTOFF,4
5,6,1,453,POP,-1,abchfgedjplinkom
5,6,2,453,PUSH,-4,bahdgclefjpinkom,4,-1,1
5,6,3,453,POP,-4,bcadfghejplmnkio
5,6,4,453,DEL_CUTOFF,-4
5,6,0,454,POP,-1,bcahfgldjpoenkmi
5,6,1,454,PUSH,4,bgchfaedjplinkom,-4,4,-1,1
5,6,2,454,PUSH,1,bhadgclefjpinkom,4,-1,1
5,6,3,454,POP,-4,bchdfgaejplmnkio
5,6,4,454,POP,1,bchdfgiljpoenkma
5,6,0,455,DEL_EXPLORED,4
5,6,1,455,DEL_CUTOFF,1
5,6,2,455,DEL_CUTOFF,1
5,6,3,455,POP,-4,bchdfglejpamnkio
5,6,4,455,PUSH,-1,bchdfgiljpoenakm,-4,-1,1
5,6,0,456,POP,-4,bchafgldjpoenkmi
5,6,1,456,DEL_CUTOFF,-1
5,6,2,456,DEL_EXPLORED,-1
5,6,3,456,POP,-1,bchdfglejpimnkao
5,6,4,456,DEL_EXPLORED,1
5,6,0,457,POP,-4,bchdfglajpoenkmi
5,6,1,457,DEL_CUTOFF,4
5,6,2,457,DEL_CUTOFF,4
5,6,3,457,DEL_EXPLORED,-4
5,6,4,457,DEL_CUTOFF,-1
5,6,0,458,POP,-4,bchdfglejpoankmi
5,6,1,458,DEL_EXPLORED,-4
5,6,2,458,POP,1,bhadgclefjpinkom
5,6,3,458,POP,4,bchdfglejpimnkoa
5,6,4,458,DEL_CUTOFF,-4
5,6,0,459,POP,1,bchdfglejpoinkma
5,6,1,459,POP,4,bgchfaedjplinkom
5,6,2,459,PUSH,-1,abhdgclefjpinkom,4,1
5,6,3,459,POP,1,bchdfglejpiankom
5,6,4,459,POP,-1,bchdfgiljpoenakm
5,6,0,460,PUSH,-1,bchdfglejpoinakm,-4,-1,1
5,6,1,460,POP,-1,bachfgedjplinkom
5,6,2,460,DEL_EXPLORED,1
5,6,3,460,POP,0,bchdfglejpainkom
5,6,4,460,DEL_EXPLORED,-4
5,6,0,461,DEL_EXPLORED,1
5,6,1,461,PUSH,4,bcehfgadjplinkom,-4,4,-1,1
5,6,2,461,DEL_CUTOFF,4
5,6,4,461,POP,4,bchdfgiljpoenkam
5,6,0,462,PUSH,-1,bchdfglejpoiankm,-4,1
5,6,1,462,PUSH,1,bcehfgdajplinkom,-4,4,-1
5,6,2,462,POP,-1,abhdgclefjpinkom
5,6,4,462,DEL_EXPLORED,-4
5,6,0,463,DEL_EXPLORED,1
5,6,1,463,DEL_EXPLORED,-1
5,6,2,463,DEL_EXPLORED,4
5,6,4,463,POP,4,bchdfgiljpaenkom
5,6,0,464,PUSH,-4,bchdfgleapoijnkm,-4,4,1
5,6,1,464,DEL_CUTOFF,4
5,6,2,464,POP,-4,bahdgclefjpinkom
5,6,4,464,PUSH,-4,bcadfghljpienkom,4,-1,1
5,6,0,465,PUSH,1,bchdfglepaoijnkm,-4,4,-1,1
5,6,1,465,DEL_CUTOFF,-4
5,6,2,465,POP,1,bchdgalefjpinkom
5,6,4,465,PUSH,1,bcdafghljpienkom,4,-1
5,6,0,466,PUSH,1,bchdfglepoaijnkm,-4,4,-1,1
5,6,1,466,POP,1,bcehfgdajplinkom
5,6,2,466,DEL_EXPLORED,4
5,6,4,466,DEL_EXPLORED,-1
5,6,0,467,DEL_CUTOFF,1
5,6,1,467,PUSH,-1,bcehfagdjplinkom,-4,4,-1,1
5,6,2,467,PUSH,-4,achdbglefjpinkom,4,1
5,6,4,467,PUSH,4,bcdlfghajpienkom,-4,4,-1
5,6,0,468,DEL_EXPLORED,-1
5,6,1,468,DEL_EXPLORED,1
5,6,2,468,PUSH,1,cahdbglefjpinkom,4,-1,1
5,6,4,468,DEL_CUTOFF,-1
5,6,0,469,DEL_CUTOFF,4
5,6,1,469,DEL_CUTOFF,-1
5,6,2,469,PUSH,1,chadbglefjpinkom,4,-1,1
5,6,4,469,DEL_CUTOFF,4
5,6,0,470,DEL_CUTOFF,-4
5,6,1,470,DEL_CUTOFF,4
5,6,2,470,DEL_CUTOFF,1
5,6,4,470,DEL_EXPLORED,-4
5,6,0,471,POP,1,bchdfglepoaijnkm
5,6,1,471,DEL_CUTOFF,-4
5,6,2,471,DEL_EXPLORED,-1
5,6,4,471,POP,4,bcdlfghajpienkom
5,6,0,472,DEL_EXPLORED,-1
5,6,1,472,POP,-1,bcehfagdjplinkom
5,6,2,472,DEL_CUTOFF,4
5,6,4,472,POP,1,bcdafghljpienkom
5,6,0,473,PUSH,4,bchdfglepnoijakm,-4,-1,1
5,6,1,473,PUSH,4,bcehfgldjpainkom,-4,4,-1,1
5,6,2,473,POP,1,chadbglefjpinkom
5,6,4,473,PUSH,-1,bacdfghljpienkom,4,-1,1
5,6,0,474,DEL_CUTOFF,1
5,6,1,474,DEL_CUTOFF,1
5,6,2,474,DEL_EXPLORED,-1
5,6,4,474,DEL_EXPLORED,1
5,6,0,475,DEL_CUTOFF,-1
5,6,1,475,DEL_CUTOFF,-1
5,6,2,475,PUSH,4,cghdbalefjpinkom,-4,4,-1,1
5,6,4,475,PUSH,-1,abcdfghljpienkom,4,1
5,6,0,476,DEL_EXPLORED,-4
5,6,1,476,DEL_CUTOFF,4
5,6,2,476,DEL_CUTOFF,1
5,6,4,476,DEL_EXPLORED,1
5,6,0,477,POP,4,bchdfglepnoijakm
5,6,1,477,DEL_EXPLORED,-4
5,6,2,477,DEL_CUTOFF,-1
5,6,4,477,DEL_CUTOFF,4
5,6,0,478,PUSH,-4,bchdfalepgoijnkm,-4,4,-1,1
5,6,1,478,POP,4,bcehfgldjpainkom
5,6,2,478,DEL_CUTOFF,4
5,6,4,478,POP,-1,abcdfghljpienkom
5,6,0,479,DEL_CUTOFF,1
5,6,1,479,DEL_EXPLORED,-4
5,6,2,479,DEL_EXPLORED,-4
5,6,4,479,PUSH,4,bgcdfahljpienkom,-4,4,-1,1
5,6,0,480,DEL_CUTOFF,-1
5,6,1,480,POP,4,bcehfgadjplinkom
5,6,2,480,POP,4,cghdbalefjpinkom
5,6,4,480,DEL_CUTOFF,1
5,6,0,481,DEL_EXPLORED,4
5,6,1,481,POP,-1,bcahfgedjplinkom
5,6,2,481,POP,1,cahdbglefjpinkom
5,6,4,481,DEL_CUTOFF,-1
5,6,0,482,DEL_CUTOFF,-4
5,6,1,482,DEL_EXPLORED,4
5,6,2,482,DEL_EXPLORED,4
5,6,4,482,DEL_CUTOFF,4
5,6,0,483,POP,-4,bchdfalepgoijnkm
5,6,1,483,POP,-4,bchafgedjplinkom
5,6,2,483,POP,-4,achdbglefjpinkom
5,6,4,483,DEL_EXPLORED,-4
5,6,0,484,POP,1,bchdfglepaoijnkm
5,6,1,484,POP,1,bchdfgeajplinkom
5,6,2,484,POP,-4,bchdaglefjpinkom
5,6,4,484,POP,4,bgcdfahljpienkom
5,6,0,485,DEL_EXPLORED,4
5,6,1,485,PUSH,-1,bchdfagejplinkom,-4,4,-1,1
5,6,2,485,POP,-1,bchdfgleajpinkom
5,6,4,485,POP,-1,bacdfghljpienkom
5,6,0,486,PUSH,-4,bchdaglefpoijnkm,-4,4,1
5,6,1,486,DEL_EXPLORED,1
5,6,2,486,PUSH,4,bchdfglejkpinaom,-4,-1,1
5,6,4,486,DEL_EXPLORED,4
5,6,0,487,PUSH,1,bchdgalefpoijnkm,-4,4,-1,1
5,6,1,487,PUSH,-1,bchdafgejplinkom,-4,4,1
5,6,2,487,PUSH,1,bchdfglejkpinoam,-4,-1,1
5,6,4,487,POP,-4,bcadfghljpienkom
5,6,0,488,DEL_CUTOFF,1
5,6,1,488,DEL_EXPLORED,1
5,6,2,488,PUSH,1,bchdfglejkpinoma,-4,-1
5,6,4,488,POP,-1,bchdfgaljpienkom
5,6,0,489,DEL_EXPLORED,-1
5,6,1,489,PUSH,4,bchdjfgeaplinkom,-4,4,1
5,6,2,489,DEL_EXPLORED,-1
5,6,4,489,DEL_EXPLORED,4
5,6,0,490,DEL_CUTOFF,4
5,6,1,490,PUSH,1,bchdjfgepalinkom,-4,4,-1,1
5,6,2,490,PUSH,-4,bchdfglejkpanomi,-4,4,-1
5,6,4,490,PUSH,-4,bchafgldjpienkom,4,-1
5,6,0,491,DEL_CUTOFF,-4
5,6,1,491,PUSH,1,bchdjfgeplainkom,-4,4,-1,1
5,6,2,491,PUSH,-1,bchdfglejkapnomi,-4,4,-1,1
5,6,4,491,PUSH,-1,bcahfgldjpienkom,4,-1,1
5,6,0,492,POP,1,bchdgalefpoijnkm
5,6,1,492,DEL_CUTOFF,1
5,6,2,492,DEL_EXPLORED,1
5,6,4,492,DEL_EXPLORED,1
5,6,0,493,DEL_EXPLORED,4
5,6,1,493,DEL_EXPLORED,-1
5,6,2,493,DEL_CUTOFF,-1
5,6,4,493,PUSH,-1,bachfgldjpienkom,4,-1,1
5,6,0,494,PUSH,-4,achdbglefpoijnkm,4,1
5,6,1,494,DEL_CUTOFF,4
5,6,2,494,DEL_CUTOFF,4
5,6,4,494,DEL_EXPLORED,1
5,6,0,495,DEL_CUTOFF,1
5,6,1,495,DEL_CUTOFF,-4
5,6,2,495,DEL_CUTOFF,-4
5,6,4,495,PUSH,-1,abchfgldjpienkom,4,1
5,6,0,496,DEL_EXPLORED,4
5,6,1,496,POP,1,bchdjfgeplainkom
5,6,2,496,POP,-1,bchdfglejkapnomi
5,6,4,496,DEL_EXPLORED,1
5,6,0,497,POP,-4,achdbglefpoijnkm
5,6,1,497,DEL_EXPLORED,-1
5,6,2,497,DEL_EXPLORED,4
5,6,4,497,DEL_CUTOFF,4
5,6,0,498,POP,-4,bchdaglefpoijnkm
5,6,1,498,PUSH,4,bchdjfgepklinaom,-4,-1,1
5,6,2,498,PUSH,-4,bchdfglajkpenomi,-4,4,-1
5,6,4,498,POP,-1,abchfgldjpienkom
5,6,0,499,POP,-4,bchdfgleapoijnkm
5,6,1,499,DEL_CUTOFF,1
5,6,2,499,DEL_CUTOFF,-1
5,6,4,499,PUSH,4,bgchfaldjpienkom,-4,4,-1,1
5,6,0,500,POP,-1,bchdfglejpoiankm
5,6,1,500,DEL_CUTOFF,-1
5,6,2,500,DEL_EXPLORED,4
5,6,4,500,DEL_CUTOFF,1
5,6,0,501,PUSH,-4,bchdfglejaoinpkm,-4,4,-1,1
5,6,1,501,DEL_EXPLORED,-4
5,6,2,501,DEL_CUTOFF,-4
5,6,4,501,DEL_CUTOFF,-1
5,6,0,502,PUSH,1,bchdfglejoainpkm,-4,4,-1,1
5,6,1,502,POP,4,bchdjfgepklinaom
5,6,2,502,POP,-4,bchdfglajkpenomi
5,6,4,502,DEL_CUTOFF,4
5,6,0,503,PUSH,1,bchdfglejoianpkm,-4,4,-1
5,6,1,503,PUSH,-4,bchdjagepflinkom,-4,4,-1,1
5,6,2,503,POP,-4,bchdfglejkpanomi
5,6,4,503,DEL_EXPLORED,-4
5,6,0,504,DEL_EXPLORED,-1
5,6,1,504,DEL_CUTOFF,1
5,6,2,504,POP,1,bchdfglejkpinoma
5,6,4,504,POP,4,bgchfaldjpienkom
5,6,0,505,PUSH,4,bchdfglejoimnpka,-4,-1
5,6,1,505,DEL_CUTOFF,-1
5,6,2,505,DEL_EXPLORED,-1
5,6,4,505,POP,-1,bachfgldjpienkom
5,6,0,506,DEL_CUTOFF,-1
5,6,1,506,DEL_EXPLORED,4
5,6,2,506,PUSH,-4,bchdfglejkainopm,-4,4,-1,1
5,6,4,506,PUSH,4,bclhfgadjpienkom,-4,4,-1,1
5,6,0,507,DEL_EXPLORED,-4
5,6,1,507,DEL_CUTOFF,-4
5,6,2,507,PUSH,1,bchdfglejkianopm,-4,4,-1
5,6,4,507,PUSH,1,bclhfgdajpienkom,-4,4,-1
5,6,0,508,POP,4,bchdfglejoimnpka
5,6,1,508,POP,-4,bchdjagepflinkom
5,6,2,508,DEL_EXPLORED,-1
5,6,4,508,DEL_EXPLORED,-1
5,6,0,509,PUSH,-4,bchdfglajoienpkm,-4,4,-1
5,6,1,509,POP,1,bchdjfgepalinkom
5,6,2,509,PUSH,4,bchdfglejkimnopa,-4,-1
5,6,4,509,DEL_CUTOFF,4
5,6,0,510,DEL_CUTOFF,-1
5,6,1,510,PUSH,4,bchdjfgenpliakom,-4,1
5,6,2,510,DEL_CUTOFF,-1
5,6,4,510,DEL_CUTOFF,-4
5,6,0,511,DEL_EXPLORED,4
5,6,1,511,PUSH,1,bchdjfgenplikaom,-4,-1,1
5,6,2,511,DEL_EXPLORED,-4
5,6,4,511,POP,1,bclhfgdajpienkom
5,6,0,512,DEL_CUTOFF,-4
5,6,1,512,DEL_CUTOFF,1
5,6,2,512,POP,4,bchdfglejkimnopa
5,6,4,512,PUSH,-1,bclhfagdjpienkom,-4,4,-1,1
5,6,0,513,POP,-4,bchdfglajoienpkm
5,6,1,513,DEL_EXPLORED,-1
5,6,2,513,PUSH,-4,bchdfglajkienopm,-4,4,-1
5,6,4,513,DEL_EXPLORED,1
5,6,0,514,POP,1,bchdfglejoianpkm
5,6,1,514,DEL_CUTOFF,-4
5,6,2,514,DEL_CUTOFF,-1
5,6,4,514,DEL_CUTOFF,-1
5,6,0,515,DEL_EXPLORED,-1
5,6,1,515,POP,1,bchdjfgenplikaom
5,6,2,515,DEL_EXPLORED,4
5,6,4,515,DEL_CUTOFF,4
5,6,0,516,PUSH,4,bchdfglejokinpam,-4,-1,1
5,6,1,516,DEL_EXPLORED,-4
5,6,2,516,DEL_CUTOFF,-4
5,6,4,516,DEL_CUTOFF,-4
5,6,0,517,PUSH,1,bchdfglejokinpma,-4,-1
5,6,1,517,POP,4,bchdjfgenpliakom
5,6,2,517,POP,-4,bchdfglajkienopm
5,6,4,517,POP,-1,bclhfagdjpienkom
5,6,0,518,DEL_EXPLORED,-1
5,6,1,518,DEL_EXPLORED,-4
5,6,2,518,POP,1,bchdfglejkianopm
5,6,4,518,PUSH,4,bclhfgidjpaenkom,-4,4,-1,1
5,6,0,519,DEL_CUTOFF,-4
5,6,1,519,POP,4,bchdjfgeaplinkom
5,6,2,519,PUSH,-1,bchdfglejakinopm,-4,4,-1,1
5,6,4,519,DEL_CUTOFF,1
5,6,0,520,POP,1,bchdfglejokinpma
5,6,1,520,PUSH,-4,achdbfgejplinkom,4,1
5,6,2,520,DEL_EXPLORED,1
5,6,4,520,DEL_CUTOFF,-1
5,6,0,521,PUSH,-1,bchdfglejokinapm,-4,-1,1
5,6,1,521,PUSH,1,cahdbfgejplinkom,4,-1,1
5,6,2,521,PUSH,-1,bchdfgleajkinopm,-4,4,1
5,6,4,521,DEL_CUTOFF,4
5,6,0,522,DEL_EXPLORED,1
5,6,1,522,PUSH,1,chadbfgejplinkom,4,-1,1
5,6,2,522,DEL_EXPLORED,1
5,6,4,522,DEL_EXPLORED,-4
5,6,0,523,DEL_CUTOFF,-1
5,6,1,523,DEL_CUTOFF,1
5,6,2,523,DEL_CUTOFF,4
5,6,4,523,POP,4,bclhfgidjpaenkom
5,6,0,524,DEL_CUTOFF,-4
5,6,1,524,DEL_EXPLORED,-1
5,6,2,524,DEL_CUTOFF,-4
5,6,4,524,DEL_EXPLORED,-4
5,6,0,525,POP,-1,bchdfglejokinapm
5,6,1,525,DEL_CUTOFF,4
5,6,2,525,POP,-1,bchdfgleajkinopm
5,6,4,525,POP,4,bclhfgadjpienkom
5,6,0,526,DEL_EXPLORED,-4
5,6,1,526,POP,1,chadbfgejplinkom
5,6,2,526,PUSH,4,bchdfglejokinapm,-4,-1,1
5,6,4,526,POP,-1,bcahfgldjpienkom
5,6,0,527,POP,4,bchdfglejokinpam
5,6,1,527,DEL_EXPLORED,-1
5,6,2,527,DEL_CUTOFF,1
5,6,4,527,DEL_EXPLORED,4
5,6,0,528,PUSH,-4,bchdfgaejolinpkm,-4,4,-1,1
5,6,1,528,PUSH,4,cfhdbagejplinkom,-4,4,-1,1
5,6,2,528,DEL_CUTOFF,-1
5,6,4,528,POP,-4,bchafgldjpienkom
5,6,0,529,PUSH,1,bchdfgeajolinpkm,-4,4,-1
5,6,1,529,DEL_CUTOFF,1
5,6,2,529,DEL_EXPLORED,-4
5,6,4,529,POP,-4,bchdfglajpienkom
5,6,0,530,DEL_EXPLORED,-1
5,6,1,530,DEL_CUTOFF,-1
5,6,2,530,POP,4,bchdfglejokinapm
5,6,4,530,POP,1,bchdfglejpiankom
5,6,0,531,DEL_CUTOFF,4
5,6,1,531,DEL_CUTOFF,4
5,6,2,531,PUSH,-4,bchdfalejgkinopm,-4,4,-1,1
5,6,4,531,POP,0,bchdfglejpainkom
5,6,0,532,DEL_CUTOFF,-4
5,6,1,532,DEL_EXPLORED,-4
5,6,2,532,DEL_CUTOFF,1
5,6,0,533,POP,1,bchdfgeajolinpkm
5,6,1,533,POP,4,cfhdbagejplinkom
5,6,2,533,DEL_CUTOFF,-1
5,6,0,534,PUSH,-1,bchdfagejolinpkm,-4,4,-1,1
5,6,1,534,POP,1,cahdbfgejplinkom
5,6,2,534,DEL_EXPLORED,4
5,6,0,535,DEL_EXPLORED,1
5,6,1,535,DEL_EXPLORED,4
5,6,2,535,DEL_CUTOFF,-4
5,6,0,536,DEL_CUTOFF,-1
5,6,1,536,POP,-4,achdbfgejplinkom
5,6,2,536,POP,-4,bchdfalejgkinopm
5,6,0,537,DEL_CUTOFF,4
5,6,1,537,POP,-1,bchdafgejplinkom
5,6,2,537,POP,-1,bchdfglejakinopm
5,6,0,538,DEL_CUTOFF,-4
5,6,1,538,PUSH,4,bchdfpgejalinkom,-4,4,-1,1
5,6,2,538,DEL_EXPLORED,4
5,6,0,539,POP,-1,bchdfagejolinpkm
5,6,1,539,PUSH,1,bchdfpgejlainkom,-4,4,-1,1
5,6,2,539,PUSH,-4,bchdfgaejklinopm,-4,4,-1,1
5,6,0,540,DEL_EXPLORED,4
5,6,1,540,PUSH,1,bchdfpgejliankom,-4,4,-1
5,6,2,540,PUSH,1,bchdfgeajklinopm,-4,4,-1
5,6,0,541,PUSH,-4,bcadfghejolinpkm,4,-1,1
5,6,1,541,DEL_EXPLORED,-1
5,6,2,541,DEL_EXPLORED,-1
5,6,0,542,DEL_CUTOFF,1
5,6,1,542,PUSH,4,bchdfpgejlimnkoa,-4,-1
5,6,2,542,DEL_CUTOFF,4
5,6,0,543,DEL_CUTOFF,-1
5,6,1,543,DEL_CUTOFF,-1
5,6,2,543,DEL_CUTOFF,-4
5,6,0,544,DEL_EXPLORED,4
5,6,1,544,DEL_EXPLORED,-4
5,6,2,544,POP,1,bchdfgeajklinopm
5,6,0,545,POP,-4,bcadfghejolinpkm
5,6,1,545,POP,4,bchdfpgejlimnkoa
5,6,2,545,PUSH,-1,bchdfagejklinopm,-4,4,-1,1
5,6,0,546,POP,-4,bchdfgaejolinpkm
5,6,1,546,PUSH,-4,bchdfpgajlienkom,-4,4,-1
5,6,2,546,DEL_EXPLORED,1
5,6,0,547,POP,1,bchdfglejoainpkm
5,6,1,547,DEL_CUTOFF,-1
5,6,2,547,DEL_CUTOFF,-1
5,6,0,548,PUSH,-1,bchdfgleajoinpkm,-4,4,1
5,6,1,548,DEL_EXPLORED,4
5,6,2,548,DEL_CUTOFF,4
5,6,0,549,DEL_EXPLORED,1
5,6,1,549,DEL_CUTOFF,-4
5,6,2,549,DEL_CUTOFF,-4
5,6,0,550,PUSH,4,bchdfglenjoiapkm,-4,1
5,6,1,550,POP,-4,bchdfpgajlienkom
5,6,2,550,POP,-1,bchdfagejklinopm
5,6,0,551,PUSH,1,bchdfglenjoipakm,-4,-1,1
5,6,1,551,POP,1,bchdfpgejliankom
5,6,2,551,DEL_EXPLORED,4
5,6,0,552,DEL_CUTOFF,1
5,6,1,552,DEL_EXPLORED,-1
5,6,2,552,PUSH,-4,bcadfghejklinopm,4,-1,1
5,6,0,553,DEL_EXPLORED,-1
5,6,1,553,PUSH,4,bchdfpgejloinkam,-4,-1,1
5,6,2,553,DEL_CUTOFF,1
5,6,0,554,DEL_CUTOFF,-4
5,6,1,554,PUSH,1,bchdfpgejloinkma,-4,-1
5,6,2,554,DEL_CUTOFF,-1
5,6,0,555,POP,1,bchdfglenjoipakm
5,6,1,555,DEL_EXPLORED,-1
5,6,2,555,DEL_EXPLORED,4
5,6,0,556,DEL_EXPLORED,-4
5,6,1,556,DEL_CUTOFF,-4
5,6,2,556,POP,-4,bcadfghejklinopm
5,6,0,557,POP,4,bchdfglenjoiapkm
5,6,1,557,POP,1,bchdfpgejloinkma
5,6,2,557,POP,-4,bchdfgaejklinopm
5,6,0,558,PUSH,-4,bchdaglefjoinpkm,-4,4,1
5,6,1,558,PUSH,-1,bchdfpgejloinakm,-4,-1,1
5,6,2,558,POP,-4,bchdfglejkainopm
5,6,0,559,PUSH,1,bchdgalefjoinpkm,-4,4,-1,1
5,6,1,559,DEL_EXPLORED,1
5,6,2,559,POP,1,bchdfglejkpinoam
5,6,0,560,DEL_CUTOFF,1
5,6,1,560,DEL_CUTOFF,-1
5,6,2,560,PUSH,-1,bchdfglejkpianom,-4,1
5,6,0,561,DEL_EXPLORED,-1
5,6,1,561,DEL_CUTOFF,-4
5,6,2,561,DEL_EXPLORED,1
5,6,0,562,DEL_CUTOFF,4
5,6,1,562,POP,-1,bchdfpgejloinakm
5,6,2,562,PUSH,-4,bchdfgleakpijnom,-4,4,1
5,6,0,563,DEL_CUTOFF,-4
5,6,1,563,DEL_EXPLORED,-4
5,6,2,563,PUSH,1,bchdfglekapijnom,-4,4,-1,1
5,6,0,564,POP,1,bchdgalefjoinpkm
5,6,1,564,POP,4,bchdfpgejloinkam
5,6,2,564,PUSH,1,bchdfglekpaijnom,-4,4,-1,1
5,6,0,565,DEL_EXPLORED,4
5,6,1,565,PUSH,-4,bchdfpaejlginkom,-4,4,-1,1
5,6,2,565,DEL_CUTOFF,1
5,6,0,566,PUSH,-4,achdbglefjoinpkm,4,1
5,6,1,566,PUSH,1,bchdfpeajlginkom,-4,4,-1
5,6,2,566,DEL_EXPLORED,-1
5,6,0,567,DEL_CUTOFF,1
5,6,1,567,DEL_EXPLORED,-1
5,6,2,567,DEL_CUTOFF,4
5,6,0,568,DEL_EXPLORED,4
5,6,1,568,DEL_CUTOFF,4
5,6,2,568,DEL_CUTOFF,-4
5,6,0,569,POP,-4,achdbglefjoinpkm
5,6,1,569,DEL_CUTOFF,-4
5,6,2,569,POP,1,bchdfglekpaijnom
5,6,0,570,POP,-4,bchdaglefjoinpkm
5,6,1,570,POP,1,bchdfpeajlginkom
5,6,2,570,DEL_EXPLORED,-1
5,6,0,571,POP,-1,bchdfgleajoinpkm
5,6,1,571,PUSH,-1,bchdfapejlginkom,-4,4,-1,1
5,6,2,571,PUSH,4,bchdfgleknpijaom,-4,-1,1
5,6,0,572,DEL_EXPLORED,4
5,6,1,572,DEL_EXPLORED,1
5,6,2,572,DEL_CUTOFF,1
5,6,0,573,PUSH,-4,bchdfalejgoinpkm,-4,4,-1,1
5,6,1,573,DEL_CUTOFF,-1
5,6,2,573,DEL_CUTOFF,-1
5,6,0,574,PUSH,1,bchdflaejgoinpkm,-4,4,-1,1
5,6,1,574,DEL_CUTOFF,4
5,6,2,574,DEL_EXPLORED,-4
5,6,0,575,PUSH,1,bchdfleajgoinpkm,-4,4,-1
5,6,1,575,DEL_CUTOFF,-4
5,6,2,575,POP,4,bchdfgleknpijaom
5,6,0,576,DEL_EXPLORED,-1
5,6,1,576,POP,-1,bchdfapejlginkom
5,6,2,576,PUSH,-4,bchdfalekgpijnom,-4,4,-1,1
5,6,0,577,DEL_CUTOFF,4
5,6,1,577,DEL_EXPLORED,4
5,6,2,577,DEL_CUTOFF,1
5,6,0,578,DEL_CUTOFF,-4
5,6,1,578,PUSH,-4,bcadfphejlginkom,4,-1,1
5,6,2,578,DEL_CUTOFF,-1
5,6,0,579,POP,1,bchdfleajgoinpkm
5,6,1,579,DEL_CUTOFF,1
5,6,2,579,DEL_EXPLORED,4
5,6,0,580,DEL_EXPLORED,-1
5,6,1,580,DEL_CUTOFF,-1
5,6,2,580,DEL_CUTOFF,-4
5,6,0,581,PUSH,4,bchdfloejgainpkm,-4,4,-1,1
5,6,1,581,DEL_EXPLORED,4
5,6,2,581,POP,-4,bchdfalekgpijnom
5,6,0,582,DEL_CUTOFF,1
5,6,1,582,POP,-4,bcadfphejlginkom
5,6,2,582,POP,1,bchdfglekapijnom
5,6,0,583,DEL_CUTOFF,-1
5,6,1,583,POP,-4,bchdfpaejlginkom
5,6,2,583,DEL_EXPLORED,4
5,6,0,584,DEL_CUTOFF,4
5,6,1,584,POP,1,bchdfpgejlainkom
5,6,2,584,PUSH,-4,bchdaglefkpijnom,-4,4,1
5,6,0,585,DEL_EXPLORED,-4
5,6,1,585,PUSH,-1,bchdfpgeajlinkom,-4,4,1
5,6,2,585,PUSH,1,bchdgalefkpijnom,-4,4,-1,1
5,6,0,586,POP,4,bchdfloejgainpkm
5,6,1,586,DEL_EXPLORED,1
5,6,2,586,DEL_CUTOFF,1
5,6,0,587,PUSH,-4,bcadflhejgoinpkm,4,-1,1
5,6,1,587,PUSH,4,bchdfpgenjliakom,-4,1
5,6,2,587,DEL_EXPLORED,-1
5,6,0,588,DEL_CUTOFF,1
5,6,1,588,PUSH,1,bchdfpgenjlikaom,-4,-1,1
5,6,2,588,DEL_CUTOFF,4
5,6,0,589,DEL_CUTOFF,-1
5,6,1,589,DEL_CUTOFF,1
5,6,2,589,DEL_CUTOFF,-4
5,6,0,590,DEL_EXPLORED,4
5,6,1,590,DEL_EXPLORED,-1
5,6,2,590,POP,1,bchdgalefkpijnom
5,6,0,591,POP,-4,bcadflhejgoinpkm
5,6,1,591,DEL_CUTOFF,-4
5,6,2,591,DEL_EXPLORED,4
5,6,0,592,POP,1,bchdflaejgoinpkm
5,6,1,592,POP,1,bchdfpgenjlikaom
5,6,2,592,PUSH,-4,achdbglefkpijnom,4,1
5,6,0,593,PUSH,-1,bchdaflejgoinpkm,-4,4,1
5,6,1,593,DEL_EXPLORED,-4
5,6,2,593,DEL_CUTOFF,1
5,6,0,594,DEL_EXPLORED,1
5,6,1,594,POP,4,bchdfpgenjliakom
5,6,2,594,DEL_EXPLORED,4
5,6,0,595,PUSH,4,bchdjfleagoinpkm,-4,4,1
5,6,1,595,PUSH,-4,bchdapgefjlinkom,-4,4,1
5,6,2,595,POP,-4,achdbglefkpijnom
5,6,0,596,DEL_CUTOFF,1
5,6,1,596,PUSH,1,bchdpagefjlinkom,-4,4,-1,1
5,6,2,596,POP,-4,bchdaglefkpijnom
5,6,0,597,DEL_CUTOFF,4
5,6,1,597,DEL_CUTOFF,1
5,6,2,597,POP,-4,bchdfgleakpijnom
5,6,0,598,DEL_EXPLORED,-4
5,6,1,598,DEL_EXPLORED,-1
5,6,2,598,POP,-1,bchdfglejkpianom
5,6,0,599,POP,4,bchdjfleagoinpkm
5,6,1,599,DEL_CUTOFF,4
5,6,2,599,DEL_EXPLORED,-4
5,6,0,600,PUSH,-4,achdbflejgoinpkm,4,1
5,6,1,600,DEL_CUTOFF,-4
5,6,2,600,POP,4,bchdfglejkpinaom
5,6,0,601,DEL_CUTOFF,1
5,6,1,601,POP,1,bchdpagefjlinkom
5,6,2,601,PUSH,-4,bchdfalejgpinkom,-4,4,-1,1
5,6,0,602,DEL_EXPLORED,4
5,6,1,602,DEL_EXPLORED,4
5,6,2,602,PUSH,1,bchdflaejgpinkom,-4,4,-1,1
5,6,0,603,POP,-4,achdbflejgoinpkm
5,6,1,603,PUSH,-4,achdbpgefjlinkom,4,1
5,6,2,603,PUSH,1,bchdfleajgpinkom,-4,4,-1
5,6,0,604,POP,-1,bchdaflejgoinpkm
5,6,1,604,DEL_CUTOFF,1
5,6,2,604,DEL_EXPLORED,-1
5,6,0,605,DEL_EXPLORED,4
5,6,1,605,DEL_EXPLORED,4
5,6,2,605,PUSH,4,bchdfleijgpankom,-4,4,-1
5,6,0,606,PUSH,-4,bahdfclejgoinpkm,4,-1,1
5,6,1,606,POP,-4,achdbpgefjlinkom
5,6,2,606,PUSH,-1,bchdfleijgapnkom,-4,4,-1,1
5,6,0,607,PUSH,1,bhadfclejgoinpkm,4,-1,1
5,6,1,607,POP,-4,bchdapgefjlinkom
5,6,2,607,DEL_EXPLORED,1
5,6,0,608,DEL_CUTOFF,1
5,6,1,608,POP,-1,bchdfpgeajlinkom
5,6,2,608,DEL_CUTOFF,-1
5,6,0,609,DEL_EXPLORED,-1
5,6,1,609,PUSH,4,bchdfpgejklinaom,-4,-1,1
5,6,2,609,DEL_CUTOFF,4
5,6,0,610,DEL_CUTOFF,4
5,6,1,610,PUSH,1,bchdfpgejklinoam,-4,-1,1
5,6,2,610,DEL_CUTOFF,-4
5,6,0,611,POP,1,bhadfclejgoinpkm
5,6,1,611,PUSH,1,bchdfpgejklinoma,-4,-1
5,6,2,611,POP,-1,bchdfleijgapnkom
5,6,0,612,PUSH,-1,abhdfclejgoinpkm,4,1
5,6,1,612,DEL_EXPLORED,-1
5,6,2,612,PUSH,4,bchdfleijgpmnkoa,-4,-1
5,6,0,613,DEL_EXPLORED,1
5,6,1,613,DEL_CUTOFF,-4
5,6,2,613,DEL_CUTOFF,-1
5,6,0,614,DEL_CUTOFF,4
5,6,1,614,POP,1,bchdfpgejklinoma
5,6,2,614,DEL_EXPLORED,-4
5,6,0,615,POP,-1,abhdfclejgoinpkm
5,6,1,615,DEL_EXPLORED,-1
5,6,2,615,POP,4,bchdfleijgpmnkoa
5,6,0,616,DEL_EXPLORED,4
5,6,1,616,PUSH,-4,bchdfpgejkainolm,-4,4,-1,1
5,6,2,616,DEL_EXPLORED,-4
5,6,0,617,POP,-4,bahdfclejgoinpkm
5,6,1,617,DEL_CUTOFF,1
5,6,2,617,POP,4,bchdfleijgpankom
5,6,0,618,POP,-4,bchdfalejgoinpkm
5,6,1,618,DEL_CUTOFF,-1
5,6,2,618,PUSH,-4,bchafledjgpinkom,4,-1
5,6,0,619,POP,-4,bchdfglejaoinpkm
5,6,1,619,DEL_EXPLORED,4
5,6,2,619,PUSH,-1,bcahfledjgpinkom,4,-1,1
5,6,0,620,POP,-1,bchdfglejpoinakm
5,6,1,620,DEL_CUTOFF,-4
5,6,2,620,DEL_EXPLORED,1
5,6,0,621,DEL_EXPLORED,-4
5,6,1,621,POP,-4,bchdfpgejkainolm
5,6,2,621,DEL_CUTOFF,-1
5,6,0,622,POP,4,bchdfglejpoinkam
5,6,1,622,POP,1,bchdfpgejklinoam
5,6,2,622,DEL_CUTOFF,4
5,6,0,623,POP,0,bchdfglejpainkom
5,6,1,623,PUSH,-1,bchdfpgejklianom,-4,1
5,6,2,623,POP,-1,bcahfledjgpinkom
5,6,1,624,DEL_EXPLORED,1
5,6,2,624,DEL_EXPLORED,4
5,6,1,625,PUSH,-4,bchdfpgeaklijnom,-4,4,1
5,6,2,625,POP,-4,bchafledjgpinkom
5,6,1,626,DEL_CUTOFF,1
5,6,2,626,POP,1,bchdfleajgpinkom
5,6,1,627,DEL_EXPLORED,4
5,6,2,627,DEL_EXPLORED,-1
5,6,1,628,DEL_CUTOFF,-4
5,6,2,628,PUSH,4,bchdflpejgainkom,-4,4,-1,1
5,6,1,629,POP,-4,bchdfpgeaklijnom
5,6,2,629,PUSH,1,bchdflpejgiankom,-4,4,-1
5,6,1,630,POP,-1,bchdfpgejklianom
5,6,2,630,DEL_EXPLORED,-1
5,6,1,631,DEL_EXPLORED,-4
5,6,2,631,PUSH,4,bchdflpejgimnkoa,-4,-1
5,6,1,632,POP,4,bchdfpgejklinaom
5,6,2,632,DEL_CUTOFF,-1
5,6,1,633,DEL_EXPLORED,-4
5,6,2,633,DEL_EXPLORED,-4
5,6,1,634,POP,4,bchdfpgejalinkom
5,6,2,634,POP,4,bchdflpejgimnkoa
5,6,1,635,PUSH,-4,bahdfcgejplinkom,4,-1,1
5,6,2,635,PUSH,-4,bchdflpajgienkom,-4,4,-1
5,6,1,636,PUSH,1,bhadfcgejplinkom,4,-1,1
5,6,2,636,DEL_CUTOFF,-1
5,6,1,637,PUSH,1,bhdafcgejplinkom,4,-1
5,6,2,637,DEL_EXPLORED,4
5,6,1,638,DEL_EXPLORED,-1
5,6,2,638,DEL_CUTOFF,-4
5,6,1,639,PUSH,4,bhdefcgajplinkom,-4,4,-1
5,6,2,639,POP,-4,bchdflpajgienkom
5,6,1,640,DEL_CUTOFF,-1
5,6,2,640,POP,1,bchdflpejgiankom
5,6,1,641,DEL_CUTOFF,4
5,6,2,641,PUSH,-1,bchdflpejaginkom,-4,4,-1,1
5,6,1,642,DEL_EXPLORED,-4
5,6,2,642,DEL_EXPLORED,1
5,6,1,643,POP,4,bhdefcgajplinkom
5,6,2,643,PUSH,-1,bchdflpeajginkom,-4,4,1
5,6,1,644,POP,1,bhdafcgejplinkom
5,6,2,644,DEL_EXPLORED,1
5,6,1,645,DEL_EXPLORED,-1
5,6,2,645,DEL_CUTOFF,4
5,6,1,646,PUSH,4,bhgdfcaejplinkom,-4,4,-1,1
5,6,2,646,DEL_CUTOFF,-4
5,6,1,647,PUSH,1,bhgdfceajplinkom,-4,4,-1
5,6,2,647,POP,-1,bchdflpeajginkom
5,6,1,648,DEL_EXPLORED,-1
5,6,2,648,PUSH,4,bchdflpejkginaom,-4,-1,1
5,6,1,649,DEL_CUTOFF,4
5,6,2,649,DEL_CUTOFF,1
5,6,1,650,DEL_CUTOFF,-4
5,6,2,650,DEL_CUTOFF,-1
5,6,1,651,POP,1,bhgdfceajplinkom
5,6,2,651,DEL_EXPLORED,-4
5,6,1,652,PUSH,-1,bhgdfacejplinkom,-4,4,-1,1
5,6,2,652,POP,4,bchdflpejkginaom
5,6,1,653,DEL_EXPLORED,1
5,6,2,653,PUSH,-4,bchdfapejlginkom,-4,4,-1,1
5,6,1,654,DEL_CUTOFF,-1
5,6,2,654,DEL_CUTOFF,1
5,6,1,655,DEL_CUTOFF,4
5,6,2,655,DEL_CUTOFF,-1
5,6,1,656,DEL_CUTOFF,-4
5,6,2,656,DEL_EXPLORED,4
5,6,1,657,POP,-1,bhgdfacejplinkom
5,6,2,657,DEL_CUTOFF,-4
5,6,1,658,PUSH,4,bhgdfclejpainkom,-4,4,-1,1
5,6,2,658,POP,-4,bchdfapejlginkom
5,6,1,659,DEL_CUTOFF,1
5,6,2,659,POP,-1,bchdflpejaginkom
5,6,1,660,DEL_CUTOFF,-1
5,6,2,660,PUSH,4,bchdflpejgoinkam,-4,-1,1
5,6,1,661,DEL_CUTOFF,4
5,6,2,661,PUSH,1,bchdflpejgoinkma,-4,-1
5,6,1,662,DEL_EXPLORED,-4
5,6,2,662,DEL_EXPLORED,-1
5,6,1,663,POP,4,bhgdfclejpainkom
5,6,2,663,DEL_CUTOFF,-4
5,6,1,664,DEL_EXPLORED,-4
5,6,2,664,POP,1,bchdflpejgoinkma
5,6,1,665,POP,4,bhgdfcaejplinkom
5,6,2,665,PUSH,-1,bchdflpejgoinakm,-4,-1,1
5,6,1,666,POP,1,bhadfcgejplinkom
5,6,2,666,DEL_EXPLORED,1
5,6,1,667,PUSH,-1,abhdfcgejplinkom,4,1
5,6,2,667,DEL_CUTOFF,-1
5,6,1,668,DEL_EXPLORED,1
5,6,2,668,DEL_CUTOFF,-4
5,6,1,669,PUSH,4,fbhdacgejplinkom,-4,4,1
5,6,2,669,POP,-1,bchdflpejgoinakm
5,6,1,670,PUSH,1,fbhdcagejplinkom,-4,4,-1,1
5,6,2,670,DEL_EXPLORED,-4
5,6,1,671,DEL_CUTOFF,1
5,6,2,671,POP,4,bchdflpejgoinkam
5,6,1,672,DEL_EXPLORED,-1
5,6,2,672,DEL_EXPLORED,-4
5,6,1,673,DEL_CUTOFF,4
5,6,2,673,POP,4,bchdflpejgainkom
5,6,1,674,DEL_CUTOFF,-4
5,6,2,674,PUSH,-4,bcadflhejgpinkom,4,-1,1
5,6,1,675,POP,1,fbhdcagejplinkom
5,6,2,675,PUSH,1,bcdaflhejgpinkom,4,-1
5,6,1,676,PUSH,4,fbhdjcgeaplinkom,-4,4,1
5,6,2,676,DEL_EXPLORED,-1
5,6,1,677,DEL_CUTOFF,1
5,6,2,677,PUSH,4,bcdeflhajgpinkom,-4,4,-1
5,6,1,678,DEL_CUTOFF,4
5,6,2,678,DEL_CUTOFF,-1
5,6,1,679,DEL_EXPLORED,-4
5,6,2,679,DEL_CUTOFF,4
5,6,1,680,POP,4,fbhdjcgeaplinkom
5,6,2,680,DEL_EXPLORED,-4
5,6,1,681,DEL_EXPLORED,-4
5,6,2,681,POP,4,bcdeflhajgpinkom
5,6,1,682,POP,4,fbhdacgejplinkom
5,6,2,682,POP,1,bcdaflhejgpinkom
5,6,1,683,POP,-1,abhdfcgejplinkom
5,6,2,683,PUSH,-1,bacdflhejgpinkom,4,-1,1
5,6,1,684,DEL_EXPLORED,4
5,6,2,684,DEL_EXPLORED,1
5,6,1,685,POP,-4,bahdfcgejplinkom
5,6,2,685,PUSH,-1,abcdflhejgpinkom,4,1
5,6,1,686,POP,-1,bchdfagejplinkom
5,6,2,686,DEL_EXPLORED,1
5,6,1,687,DEL_EXPLORED,4
5,6,2,687,DEL_CUTOFF,4
5,6,1,688,PUSH,-4,bcadfghejplinkom,4,-1,1
5,6,2,688,POP,-1,abcdflhejgpinkom
5,6,1,689,PUSH,1,bcdafghejplinkom,4,-1
5,6,2,689,PUSH,4,blcdfahejgpinkom,-4,4,-1,1
5,6,1,690,DEL_EXPLORED,-1
5,6,2,690,DEL_CUTOFF,1
5,6,1,691,PUSH,4,bcdefghajplinkom,-4,4,-1
5,6,2,691,DEL_CUTOFF,-1
5,6,1,692,PUSH,-1,bcdefgahjplinkom,-4,4,-1,1
5,6,2,692,DEL_CUTOFF,4
5,6,1,693,DEL_EXPLORED,1
5,6,2,693,DEL_EXPLORED,-4
5,6,1,694,PUSH,-1,bcdefaghjplinkom,-4,4,-1,1
5,6,2,694,POP,4,blcdfahejgpinkom
5,6,1,695,DEL_EXPLORED,1
5,6,2,695,POP,-1,bacdflhejgpinkom
5,6,1,696,DEL_CUTOFF,-1
5,6,2,696,DEL_EXPLORED,4
5,6,1,697,DEL_CUTOFF,4
5,6,2,697,POP,-4,bcadflhejgpinkom
5,6,1,698,DEL_CUTOFF,-4
5,6,2,698,POP,1,bchdflaejgpinkom
5,6,1,699,POP,-1,bcdefaghjplinkom
5,6,2,699,PUSH,-1,bchdaflejgpinkom,-4,4,1
5,6,1,700,PUSH,4,bcdefglhjpainkom,-4,4,-1,1
5,6,2,700,DEL_EXPLORED,1
5,6,1,701,DEL_CUTOFF,1
5,6,2,701,PUSH,4,bchdjfleagpinkom,-4,4,1
5,6,1,702,DEL_CUTOFF,-1
5,6,2,702,PUSH,1,bchdjflegapinkom,-4,4,-1,1
5,6,1,703,DEL_CUTOFF,4
5,6,2,703,PUSH,1,bchdjflegpainkom,-4,4,-1,1
5,6,1,704,DEL_EXPLORED,-4
5,6,2,704,DEL_CUTOFF,1
5,6,1,705,POP,4,bcdefglhjpainkom
5,6,2,705,DEL_EXPLORED,-1
5,6,1,706,PUSH,-4,bcaefgdhjplinkom,4,-1,1
5,6,2,706,DEL_CUTOFF,4
5,6,1,707,DEL_CUTOFF,1
5,6,2,707,DEL_CUTOFF,-4
5,6,1,708,DEL_CUTOFF,-1
5,6,2,708,POP,1,bchdjflegpainkom
5,6,1,709,DEL_EXPLORED,4
5,6,2,709,DEL_EXPLORED,-1
5,6,1,710,POP,-4,bcaefgdhjplinkom
5,6,2,710,PUSH,4,bchdjflegkpinaom,-4,-1,1
5,6,1,711,POP,-1,bcdefgahjplinkom
5,6,2,711,DEL_CUTOFF,1
5,6,1,712,PUSH,4,bcdefghijplankom,-4,4,-1
5,6,2,712,DEL_CUTOFF,-1
5,6,1,713,PUSH,-1,bcdefghijpalnkom,-4,4,-1,1
5,6,2,713,DEL_EXPLORED,-4
5,6,1,714,DEL_EXPLORED,1
5,6,2,714,POP,4,bchdjflegkpinaom
5,6,1,715,DEL_CUTOFF,-1
5,6,2,715,PUSH,-4,bchdjalegfpinkom,-4,4,-1,1
5,6,1,716,DEL_CUTOFF,4
5,6,2,716,DEL_CUTOFF,1
5,6,1,717,DEL_CUTOFF,-4
5,6,2,717,DEL_CUTOFF,-1
5,6,1,718,POP,-1,bcdefghijpalnkom
5,6,2,718,DEL_EXPLORED,4
5,6,1,719,PUSH,4,bcdefghijplmnkoa,-4,-1
5,6,2,719,DEL_CUTOFF,-4
5,6,1,720,DEL_CUTOFF,-1
5,6,2,720,POP,-4,bchdjalegfpinkom
5,6,1,721,DEL_EXPLORED,-4
5,6,2,721,POP,1,bchdjflegapinkom
5,6,1,722,POP,4,bcdefghijplmnkoa
5,6,2,722,PUSH,4,bchdjflengpiakom,-4,1
5,6,1,723,DEL_EXPLORED,-4
5,6,2,723,PUSH,1,bchdjflengpikaom,-4,-1,1
5,6,1,724,POP,4,bcdefghijplankom
5,6,2,724,DEL_CUTOFF,1
5,6,1,725,DEL_EXPLORED,-4
5,6,2,725,DEL_EXPLORED,-1
5,6,1,726,POP,4,bcdefghajplinkom
5,6,2,726,DEL_CUTOFF,-4
5,6,1,727,POP,1,bcdafghejplinkom
5,6,2,727,POP,1,bchdjflengpikaom
5,6,1,728,PUSH,-1,bacdfghejplinkom,4,-1,1
5,6,2,728,DEL_EXPLORED,-4
5,6,1,729,DEL_EXPLORED,1
5,6,2,729,POP,4,bchdjflengpiakom
5,6,1,730,PUSH,-1,abcdfghejplinkom,4,1
5,6,2,730,DEL_EXPLORED,-4
5,6,1,731,DEL_EXPLORED,1
5,6,2,731,POP,4,bchdjfleagpinkom
5,6,1,732,PUSH,4,fbcdaghejplinkom,-4,4,1
5,6,2,732,PUSH,-4,achdbflejgpinkom,4,1
5,6,1,733,PUSH,1,fbcdgahejplinkom,-4,4,-1,1
5,6,2,733,PUSH,1,cahdbflejgpinkom,4,-1,1
5,6,1,734,DEL_CUTOFF,1
5,6,2,734,PUSH,1,chadbflejgpinkom,4,-1,1
5,6,1,735,DEL_EXPLORED,-1
5,6,2,735,DEL_CUTOFF,1
5,6,1,736,DEL_CUTOFF,4
5,6,2,736,DEL_EXPLORED,-1
5,6,1,737,DEL_CUTOFF,-4
5,6,2,737,DEL_CUTOFF,4
5,6,1,738,POP,1,fbcdgahejplinkom
5,6,2,738,POP,1,chadbflejgpinkom
5,6,1,739,PUSH,4,fbcdjgheaplinkom,-4,4,1
5,6,2,739,DEL_EXPLORED,-1
5,6,1,740,DEL_CUTOFF,1
5,6,2,740,PUSH,4,cfhdbalejgpinkom,-4,4,-1,1
5,6,1,741,DEL_CUTOFF,4
5,6,2,741,DEL_CUTOFF,1
5,6,1,742,DEL_EXPLORED,-4
5,6,2,742,DEL_CUTOFF,-1
5,6,1,743,POP,4,fbcdjgheaplinkom
5,6,2,743,DEL_CUTOFF,4
5,6,1,744,DEL_EXPLORED,-4
5,6,2,744,DEL_EXPLORED,-4
5,6,1,745,POP,4,fbcdaghejplinkom
5,6,2,745,POP,4,cfhdbalejgpinkom
5,6,1,746,POP,-1,abcdfghejplinkom
5,6,2,746,POP,1,cahdbflejgpinkom
5,6,1,747,PUSH,4,bgcdfahejplinkom,-4,4,-1,1
5,6,2,747,DEL_EXPLORED,4
5,6,1,748,PUSH,1,bgcdfhaejplinkom,-4,4,-1,1
5,6,2,748,POP,-4,achdbflejgpinkom
5,6,1,749,PUSH,1,bgcdfheajplinkom,-4,4,-1
5,6,2,749,POP,-1,bchdaflejgpinkom
5,6,1,750,DEL_EXPLORED,-1
5,6,2,750,DEL_EXPLORED,4
5,6,1,751,DEL_CUTOFF,4
5,6,2,751,PUSH,-4,bahdfclejgpinkom,4,-1,1
5,6,1,752,DEL_CUTOFF,-4
5,6,2,752,PUSH,1,bhadfclejgpinkom,4,-1,1
5,6,1,753,POP,1,bgcdfheajplinkom
5,6,2,753,PUSH,1,bhdafclejgpinkom,4,-1
5,6,1,754,DEL_EXPLORED,-1
5,6,2,754,DEL_EXPLORED,-1
5,6,1,755,PUSH,4,bgcdfhlejpainkom,-4,4,-1,1
5,6,2,755,PUSH,4,bhdefclajgpinkom,-4,4,-1
5,6,1,756,DEL_CUTOFF,1
5,6,2,756,DEL_CUTOFF,-1
5,6,1,757,DEL_CUTOFF,-1
5,6,2,757,DEL_CUTOFF,4
5,6,1,758,DEL_CUTOFF,4
5,6,2,758,DEL_EXPLORED,-4
5,6,1,759,DEL_EXPLORED,-4
5,6,2,759,POP,4,bhdefclajgpinkom
5,6,1,760,POP,4,bgcdfhlejpainkom
5,6,2,760,POP,1,bhdafclejgpinkom
5,6,1,761,PUSH,-4,bgadfhcejplinkom,4,-1,1
5,6,2,761,DEL_EXPLORED,-1
5,6,1,762,DEL_CUTOFF,1
5,6,2,762,PUSH,4,bhldfcaejgpinkom,-4,4,-1,1
5,6,1,763,DEL_CUTOFF,-1
5,6,2,763,PUSH,1,bhldfceajgpinkom,-4,4,-1
5,6,1,764,DEL_EXPLORED,4
5,6,2,764,DEL_EXPLORED,-1
5,6,1,765,POP,-4,bgadfhcejplinkom
5,6,2,765,DEL_CUTOFF,4
5,6,1,766,POP,1,bgcdfhaejplinkom
5,6,2,766,DEL_CUTOFF,-4
5,6,1,767,PUSH,-1,bgcdafhejplinkom,-4,4,1
5,6,2,767,POP,1,bhldfceajgpinkom
5,6,1,768,DEL_EXPLORED,1
5,6,2,768,PUSH,-1,bhldfacejgpinkom,-4,4,-1,1
5,6,1,769,PUSH,4,bgcdjfheaplinkom,-4,4,1
5,6,2,769,DEL_EXPLORED,1
5,6,1,770,DEL_CUTOFF,1
5,6,2,770,DEL_CUTOFF,-1
5,6,1,771,DEL_CUTOFF,4
5,6,2,771,DEL_CUTOFF,4
5,6,1,772,DEL_EXPLORED,-4
5,6,2,772,DEL_CUTOFF,-4
5,6,1,773,POP,4,bgcdjfheaplinkom
5,6,2,773,POP,-1,bhldfacejgpinkom
5,6,1,774,PUSH,-4,agcdbfhejplinkom,4,1
5,6,2,774,PUSH,4,bhldfcpejgainkom,-4,4,-1,1
5,6,1,775,DEL_CUTOFF,1
5,6,2,775,DEL_CUTOFF,1
5,6,1,776,DEL_EXPLORED,4
5,6,2,776,DEL_CUTOFF,-1
5,6,1,777,POP,-4,agcdbfhejplinkom
5,6,2,777,DEL_CUTOFF,4
5,6,1,778,POP,-1,bgcdafhejplinkom
5,6,2,778,DEL_EXPLORED,-4
5,6,1,779,PUSH,4,bgcdfphejalinkom,-4,4,-1,1
5,6,2,779,POP,4,bhldfcpejgainkom
5,6,1,780,PUSH,1,bgcdfphejlainkom,-4,4,-1,1
5,6,2,780,DEL_EXPLORED,-4
5,6,1,781,DEL_CUTOFF,1
5,6,2,781,POP,4,bhldfcaejgpinkom
5,6,1,782,DEL_EXPLORED,-1
5,6,2,782,POP,1,bhadfclejgpinkom
5,6,1,783,DEL_CUTOFF,4
5,6,2,783,PUSH,-1,abhdfclejgpinkom,4,1
5,6,1,784,DEL_CUTOFF,-4
5,6,2,784,DEL_EXPLORED,1
5,6,1,785,POP,1,bgcdfphejlainkom
5,6,2,785,PUSH,4,fbhdaclejgpinkom,-4,4,1
5,6,1,786,PUSH,-1,bgcdfpheajlinkom,-4,4,1
5,6,2,786,PUSH,1,fbhdcalejgpinkom,-4,4,-1,1
5,6,1,787,DEL_EXPLORED,1
5,6,2,787,DEL_CUTOFF,1
5,6,1,788,DEL_CUTOFF,4
5,6,2,788,DEL_EXPLORED,-1
5,6,1,789,DEL_CUTOFF,-4
5,6,2,789,DEL_CUTOFF,4
5,6,1,790,POP,-1,bgcdfpheajlinkom
5,6,2,790,DEL_CUTOFF,-4
5,6,1,791,PUSH,4,bgcdfphejklinaom,-4,-1,1
5,6,2,791,POP,1,fbhdcalejgpinkom
5,6,1,792,DEL_CUTOFF,1
5,6,2,792,PUSH,4,fbhdjcleagpinkom,-4,4,1
5,6,1,793,DEL_CUTOFF,-1
5,6,2,793,DEL_CUTOFF,1
5,6,1,794,DEL_EXPLORED,-4
5,6,2,794,DEL_CUTOFF,4
5,6,1,795,POP,4,bgcdfphejklinaom
5,6,2,795,DEL_EXPLORED,-4
5,6,1,796,DEL_EXPLORED,-4
5,6,2,796,POP,4,fbhdjcleagpinkom
5,6,1,797,POP,4,bgcdfphejalinkom
5,6,2,797,DEL_EXPLORED,-4
5,6,1,798,DEL_EXPLORED,-4
5,6,2,798,POP,4,fbhdaclejgpinkom
5,6,1,799,POP,4,bgcdfahejplinkom
5,6,2,799,POP,-1,abhdfclejgpinkom
5,6,1,800,POP,-1,bacdfghejplinkom
5,6,2,800,DEL_EXPLORED,4
5,6,1,801,DEL_EXPLORED,4
5,6,2,801,POP,-4,bahdfclejgpinkom
5,6,1,802,POP,-4,bcadfghejplinkom
5,6,2,802,POP,-4,bchdfalejgpinkom
5,6,1,803,POP,-4,bchdfgaejplinkom
5,6,2,803,POP,-1,bchdfglejapinkom
5,6,1,804,POP,0,bchdfglejpainkom
5,6,2,804,POP,0,bchdfglejpainkom
6,7,0,805,PUSH,1,bchdfglejpoinkma,-4,-1
6,7,1,805,PUSH,1,bchdfgeajplinkom,-4,4,-1
6,7,2,805,DEL_EXPLORED,1
6,7,3,805,PUSH,-1,bchdfglejpimnkao,-4,-1,1
6,7,4,805,PUSH,-1,bchdfgaljpienkom,-4,4,-1,1
6,7,0,806,DEL_EXPLORED,-1
6,7,1,806,DEL_EXPLORED,-1
6,7,2,806,PUSH,-1,bchdfgleajpinkom,-4,4,1
6,7,3,806,DEL_EXPLORED,1
6,7,4,806,DEL_EXPLORED,1
6,7,0,807,PUSH,-4,bchdfglejpoankmi,-4,4,-1
6,7,1,807,PUSH,4,bchdfgeijplankom,-4,4,-1
6,7,2,807,DEL_EXPLORED,1
6,7,3,807,PUSH,-1,bchdfglejpimnako,-4,-1,1
6,7,4,807,PUSH,-1,bchdfagljpienkom,-4,4,-1,1
6,7,0,808,PUSH,-1,bchdfglejpaonkmi,-4,4,-1,1
6,7,1,808,PUSH,-1,bchdfgeijpalnkom,-4,4,-1,1
6,7,2,808,PUSH,4,bchdfglenjpiakom,-4,1
6,7,3,808,DEL_EXPLORED,1
6,7,4,808,DEL_EXPLORED,1
6,7,0,809,DEL_EXPLORED,1
6,7,1,809,DEL_EXPLORED,1
6,7,2,809,PUSH,1,bchdfglenjpikaom,-4,-1,1
6,7,3,809,PUSH,-1,bchdfglejpimanko,-4,1
6,7,4,809,PUSH,-1,bchdafgljpienkom,-4,4,1
6,7,0,810,PUSH,-1,bchdfglejaponkmi,-4,4,-1,1
6,7,1,810,PUSH,-1,bchdfgeijaplnkom,-4,4,-1,1
6,7,2,810,PUSH,1,bchdfglenjpikoam,-4,-1,1
6,7,3,810,DEL_EXPLORED,1
6,7,4,810,DEL_EXPLORED,1
6,7,0,811,DEL_EXPLORED,1
6,7,1,811,DEL_EXPLORED,1
6,7,2,811,PUSH,1,bchdfglenjpikoma,-4,-1
6,7,3,811,PUSH,-4,bchdfgleapimjnko,-4,4,1
6,7,4,811,PUSH,4,bchdjfglapienkom,-4,4,1
6,7,0,812,PUSH,-1,bchdfgleajponkmi,-4,4,1
6,7,1,812,PUSH,-1,bchdfgeiajplnkom,-4,4,1
6,7,2,812,DEL_EXPLORED,-1
6,7,3,812,PUSH,1,bchdfglepaimjnko,-4,4,-1,1
6,7,4,812,PUSH,1,bchdjfglpaienkom,-4,4,-1,1
6,7,0,813,DEL_EXPLORED,1
6,7,1,813,DEL_EXPLORED,1
6,7,2,813,PUSH,-4,bchdfglenjpakomi,-4,4,-1
6,7,3,813,DEL_CUTOFF,1
6,7,4,813,DEL_CUTOFF,1
6,7,0,814,PUSH,4,bchdfglenjpoakmi,-4,1
6,7,1,814,PUSH,4,bchdfgeinjplakom,-4,1
6,7,2,814,DEL_CUTOFF,-1
6,7,3,814,DEL_EXPLORED,-1
6,7,4,814,DEL_EXPLORED,-1
6,7,0,815,DEL_CUTOFF,1
6,7,1,815,DEL_CUTOFF,1
6,7,2,815,DEL_EXPLORED,4
6,7,3,815,DEL_CUTOFF,4
6,7,4,815,DEL_CUTOFF,4
6,7,0,816,DEL_EXPLORED,-4
6,7,1,816,DEL_EXPLORED,-4
6,7,2,816,DEL_CUTOFF,-4
6,7,3,816,DEL_CUTOFF,-4
6,7,4,816,DEL_CUTOFF,-4
6,7,0,817,POP,4,bchdfglenjpoakmi
6,7,1,817,POP,4,bchdfgeinjplakom
6,7,2,817,POP,-4,bchdfglenjpakomi
6,7,3,817,POP,1,bchdfglepaimjnko
6,7,4,817,POP,1,bchdjfglpaienkom
6,7,0,818,PUSH,-4,bchdaglefjponkmi,-4,4,1
6,7,1,818,PUSH,-4,bchdageifjplnkom,-4,4,1
6,7,2,818,POP,1,bchdfglenjpikoma
6,7,3,818,DEL_EXPLORED,4
6,7,4,818,PUSH,4,bchdjfglnpieakom,-4,1
6,7,0,819,DEL_CUTOFF,1
6,7,1,819,DEL_CUTOFF,1
6,7,2,819,DEL_EXPLORED,-1
6,7,3,819,PUSH,-4,bchdaglefpimjnko,-4,4,1
6,7,4,819,DEL_CUTOFF,1
6,7,0,820,DEL_EXPLORED,4
6,7,1,820,DEL_EXPLORED,4
6,7,2,820,PUSH,-4,bchdfglenjaikopm,-4,4,-1,1
6,7,3,820,DEL_CUTOFF,1
6,7,4,820,DEL_EXPLORED,-4
6,7,0,821,DEL_CUTOFF,-4
6,7,1,821,DEL_CUTOFF,-4
6,7,2,821,PUSH,1,bchdfglenjiakopm,-4,4,-1
6,7,3,821,DEL_EXPLORED,4
6,7,4,821,POP,4,bchdjfglnpieakom
6,7,0,822,POP,-4,bchdaglefjponkmi
6,7,1,822,POP,-4,bchdageifjplnkom
6,7,2,822,DEL_EXPLORED,-1
6,7,3,822,DEL_CUTOFF,-4
6,7,4,822,DEL_EXPLORED,-4
6,7,0,823,POP,-1,bchdfgleajponkmi
6,7,1,823,POP,-1,bchdfgeiajplnkom
6,7,2,823,DEL_CUTOFF,4
6,7,3,823,POP,-4,bchdaglefpimjnko
6,7,4,823,POP,4,bchdjfglapienkom
6,7,0,824,PUSH,4,bchdfglejkponami,-4,-1,1
6,7,1,824,PUSH,4,bchdfgeijkplnaom,-4,-1,1
6,7,2,824,DEL_CUTOFF,-4
6,7,3,824,POP,-4,bchdfgleapimjnko
6,7,4,824,PUSH,-4,achdbfgljpienkom,4,1
6,7,0,825,PUSH,1,bchdfglejkponmai,-4,-1,1
6,7,1,825,PUSH,1,bchdfgeijkplnoam,-4,-1,1
6,7,2,825,POP,1,bchdfglenjiakopm
6,7,3,825,POP,-1,bchdfglejpimanko
6,7,4,825,PUSH,1,cahdbfgljpienkom,4,-1,1
6,7,0,826,DEL_CUTOFF,1
6,7,1,826,DEL_CUTOFF,1
6,7,2,826,PUSH,-1,bchdfglenajikopm,-4,4,-1,1
6,7,3,826,PUSH,-4,bchdfglejaimnpko,-4,4,-1,1
6,7,4,826,DEL_CUTOFF,1
6,7,0,827,DEL_EXPLORED,-1
6,7,1,827,DEL_EXPLORED,-1
6,7,2,827,DEL_EXPLORED,1
6,7,3,827,PUSH,1,bchdfglejiamnpko,-4,4,-1,1
6,7,4,827,DEL_EXPLORED,-1
6,7,0,828,DEL_CUTOFF,-4
6,7,1,828,DEL_CUTOFF,-4
6,7,2,828,DEL_CUTOFF,-1
6,7,3,828,PUSH,1,bchdfglejimanpko,-4,4,-1
6,7,4,828,DEL_CUTOFF,4
6,7,0,829,POP,1,bchdfglejkponmai
6,7,1,829,POP,1,bchdfgeijkplnoam
6,7,2,829,DEL_CUTOFF,4
6,7,3,829,DEL_EXPLORED,-1
6,7,4,829,POP,1,cahdbfgljpienkom
6,7,0,830,PUSH,-1,bchdfglejkpoanmi,-4,1
6,7,1,830,PUSH,-1,bchdfgeijkplanom,-4,1
6,7,2,830,DEL_CUTOFF,-4
6,7,3,830,DEL_CUTOFF,4
6,7,4,830,DEL_EXPLORED,4
6,7,0,831,DEL_EXPLORED,1
6,7,1,831,DEL_EXPLORED,1
6,7,2,831,POP,-1,bchdfglenajikopm
6,7,3,831,DEL_CUTOFF,-4
6,7,4,831,POP,-4,achdbfgljpienkom
6,7,0,832,DEL_CUTOFF,-4
6,7,1,832,DEL_CUTOFF,-4
6,7,2,832,DEL_EXPLORED,4
6,7,3,832,POP,1,bchdfglejimanpko
6,7,4,832,POP,-1,bchdafgljpienkom
6,7,0,833,POP,-1,bchdfglejkpoanmi
6,7,1,833,POP,-1,bchdfgeijkplanom
6,7,2,833,PUSH,-4,bchdfgaenjlikopm,-4,4,-1,1
6,7,3,833,DEL_EXPLORED,-1
6,7,4,833,PUSH,4,bchdfpgljaienkom,-4,4,-1,1
6,7,0,834,DEL_EXPLORED,-4
6,7,1,834,DEL_EXPLORED,-4
6,7,2,834,DEL_CUTOFF,1
6,7,3,834,PUSH,4,bchdfglejikmnpao,-4,-1,1
6,7,4,834,PUSH,1,bchdfpgljiaenkom,-4,4,-1,1
6,7,0,835,POP,4,bchdfglejkponami
6,7,1,835,POP,4,bchdfgeijkplnaom
6,7,2,835,DEL_CUTOFF,-1
6,7,3,835,DEL_CUTOFF,1
6,7,4,835,PUSH,1,bchdfpgljieankom,-4,4,-1
6,7,0,836,PUSH,-4,bchdfalejgponkmi,-4,4,-1,1
6,7,1,836,PUSH,-4,bchdfaeijgplnkom,-4,4,-1,1
6,7,2,836,DEL_EXPLORED,4
6,7,3,836,DEL_CUTOFF,-1
6,7,4,836,DEL_EXPLORED,-1
6,7,0,837,PUSH,1,bchdflaejgponkmi,-4,4,-1,1
6,7,1,837,PUSH,1,bchdfeaijgplnkom,-4,4,-1,1
6,7,2,837,DEL_CUTOFF,-4
6,7,3,837,DEL_EXPLORED,-4
6,7,4,837,DEL_CUTOFF,4
6,7,0,838,DEL_CUTOFF,1
6,7,1,838,DEL_CUTOFF,1
6,7,2,838,POP,-4,bchdfgaenjlikopm
6,7,3,838,POP,4,bchdfglejikmnpao
6,7,4,838,DEL_CUTOFF,-4
6,7,0,839,DEL_EXPLORED,-1
6,7,1,839,DEL_EXPLORED,-1
6,7,2,839,POP,-4,bchdfglenjaikopm
6,7,3,839,PUSH,-4,bchdfgaejilmnpko,-4,4,-1,1
6,7,4,839,POP,1,bchdfpgljieankom
6,7,0,840,DEL_CUTOFF,4
6,7,1,840,DEL_CUTOFF,4
6,7,2,840,POP,1,bchdfglenjpikoam
6,7,3,840,DEL_CUTOFF,1
6,7,4,840,DEL_EXPLORED,-1
6,7,0,841,DEL_CUTOFF,-4
6,7,1,841,DEL_CUTOFF,-4
6,7,2,841,DEL_EXPLORED,-1
6,7,3,841,DEL_CUTOFF,-1
6,7,4,841,PUSH,4,bchdfpgljioenkam,-4,-1,1
6,7,0,842,POP,1,bchdflaejgponkmi
6,7,1,842,POP,1,bchdfeaijgplnkom
6,7,2,842,PUSH,-4,bchdfglenapikjom,-4,4,-1,1
6,7,3,842,DEL_EXPLORED,4
6,7,4,842,DEL_CUTOFF,1
6,7,0,843,PUSH,-1,bchdaflejgponkmi,-4,4,1
6,7,1,843,PUSH,-1,bchdafeijgplnkom,-4,4,1
6,7,2,843,PUSH,1,bchdfglenpaikjom,-4,4,-1,1
6,7,3,843,DEL_CUTOFF,-4
6,7,4,843,DEL_CUTOFF,-1
6,7,0,844,DEL_EXPLORED,1
6,7,1,844,DEL_EXPLORED,1
6,7,2,844,PUSH,1,bchdfglenpiakjom,-4,4,-1
6,7,3,844,POP,-4,bchdfgaejilmnpko
6,7,4,844,DEL_EXPLORED,-4
6,7,0,845,DEL_CUTOFF,4
6,7,1,845,DEL_CUTOFF,4
6,7,2,845,DEL_EXPLORED,-1
6,7,3,845,POP,1,bchdfglejiamnpko
6,7,4,845,POP,4,bchdfpgljioenkam
6,7,0,846,DEL_CUTOFF,-4
6,7,1,846,DEL_CUTOFF,-4
6,7,2,846,DEL_CUTOFF,4
6,7,3,846,PUSH,-1,bchdfgleajimnpko,-4,4,1
6,7,4,846,PUSH,-4,bchdfpaljigenkom,-4,4,-1,1
6,7,0,847,POP,-1,bchdaflejgponkmi
6,7,1,847,POP,-1,bchdafeijgplnkom
6,7,2,847,DEL_CUTOFF,-4
6,7,3,847,DEL_EXPLORED,1
6,7,4,847,DEL_CUTOFF,1
6,7,0,848,DEL_EXPLORED,4
6,7,1,848,DEL_EXPLORED,4
6,7,2,848,POP,1,bchdfglenpiakjom
6,7,3,848,PUSH,4,bchdfglenjimapko,-4,1
6,7,4,848,DEL_CUTOFF,-1
6,7,0,849,PUSH,-4,bahdfclejgponkmi,4,-1,1
6,7,1,849,PUSH,-4,bahdfceijgplnkom,4,-1,1
6,7,2,849,DEL_EXPLORED,-1
6,7,3,849,DEL_CUTOFF,1
6,7,4,849,DEL_EXPLORED,4
6,7,0,850,DEL_CUTOFF,1
6,7,1,850,DEL_CUTOFF,1
6,7,2,850,PUSH,4,bchdfglenpoikjam,-4,-1,1
6,7,3,850,DEL_EXPLORED,-4
6,7,4,850,DEL_CUTOFF,-4
6,7,0,851,DEL_CUTOFF,-1
6,7,1,851,DEL_CUTOFF,-1
6,7,2,851,DEL_CUTOFF,1
6,7,3,851,POP,4,bchdfglenjimapko
6,7,4,851,POP,-4,bchdfpaljigenkom
6,7,0,852,DEL_EXPLORED,4
6,7,1,852,DEL_EXPLORED,4
6,7,2,852,DEL_CUTOFF,-1
6,7,3,852,PUSH,-4,bchdaglefjimnpko,-4,4,1
6,7,4,852,POP,1,bchdfpgljiaenkom
6,7,0,853,POP,-4,bahdfclejgponkmi
6,7,1,853,POP,-4,bahdfceijgplnkom
6,7,2,853,DEL_EXPLORED,-4
6,7,3,853,DEL_CUTOFF,1
6,7,4,853,PUSH,-1,bchdfpglajienkom,-4,4,1
6,7,0,854,POP,-4,bchdfalejgponkmi
6,7,1,854,POP,-4,bchdfaeijgplnkom
6,7,2,854,POP,4,bchdfglenpoikjam
6,7,3,854,DEL_EXPLORED,4
6,7,4,854,DEL_EXPLORED,1
6,7,0,855,POP,-1,bchdfglejaponkmi
6,7,1,855,POP,-1,bchdfgeijaplnkom
6,7,2,855,PUSH,-4,bchdfgaenplikjom,-4,4,-1,1
6,7,3,855,DEL_CUTOFF,-4
6,7,4,855,PUSH,4,bchdfpglnjieakom,-4,1
6,7,0,856,PUSH,4,bchdfglejpmonkai,-4,-1,1
6,7,1,856,PUSH,4,bchdfgeijpolnkam,-4,-1,1
6,7,2,856,DEL_CUTOFF,1
6,7,3,856,POP,-4,bchdaglefjimnpko
6,7,4,856,DEL_CUTOFF,1
6,7,0,857,PUSH,1,bchdfglejpmonkia,-4,-1
6,7,1,857,PUSH,1,bchdfgeijpolnkma,-4,-1
6,7,2,857,DEL_CUTOFF,-1
6,7,3,857,POP,-1,bchdfgleajimnpko
6,7,4,857,DEL_EXPLORED,-4
6,7,0,858,DEL_EXPLORED,-1
6,7,1,858,DEL_EXPLORED,-1
6,7,2,858,DEL_EXPLORED,4
6,7,3,858,DEL_EXPLORED,4
6,7,4,858,POP,4,bchdfpglnjieakom
6,7,0,859,PUSH,-4,bchdfglejpmankio,-4,4,-1
6,7,1,859,PUSH,-4,bchdfgeijpoankml,-4,4,-1
6,7,2,859,DEL_CUTOFF,-4
6,7,3,859,PUSH,-4,bchdfalejgimnpko,-4,4,-1,1
6,7,4,859,PUSH,-4,bchdapglfjienkom,-4,4,1
6,7,0,860,DEL_CUTOFF,-1
6,7,1,860,DEL_CUTOFF,-1
6,7,2,860,POP,-4,bchdfgaenplikjom
6,7,3,860,PUSH,1,bchdflaejgimnpko,-4,4,-1,1
6,7,4,860,DEL_CUTOFF,1
6,7,0,861,DEL_EXPLORED,4
6,7,1,861,DEL_EXPLORED,4
6,7,2,861,POP,1,bchdfglenpaikjom
6,7,3,861,DEL_CUTOFF,1
6,7,4,861,DEL_EXPLORED,4
6,7,0,862,DEL_CUTOFF,-4
6,7,1,862,DEL_CUTOFF,-4
6,7,2,862,PUSH,-1,bchdfgleanpikjom,-4,4,1
6,7,3,862,DEL_EXPLORED,-1
6,7,4,862,DEL_CUTOFF,-4
6,7,0,863,POP,-4,bchdfglejpmankio
6,7,1,863,POP,-4,bchdfgeijpoankml
6,7,2,863,DEL_EXPLORED,1
6,7,3,863,DEL_CUTOFF,4
6,7,4,863,POP,-4,bchdapglfjienkom
6,7,0,864,POP,1,bchdfglejpmonkia
6,7,1,864,POP,1,bchdfgeijpolnkma
6,7,2,864,PUSH,4,bchdfgleknpiajom,-4,1
6,7,3,864,DEL_CUTOFF,-4
6,7,4,864,POP,-1,bchdfpglajienkom
6,7,0,865,PUSH,-1,bchdfglejpmonaki,-4,-1,1
6,7,1,865,PUSH,-1,bchdfgeijpolnakm,-4,-1,1
6,7,2,865,DEL_CUTOFF,1
6,7,3,865,POP,1,bchdflaejgimnpko
6,7,4,865,PUSH,4,bchdfpgljkienaom,-4,-1,1
6,7,0,866,DEL_EXPLORED,1
6,7,1,866,DEL_EXPLORED,1
6,7,2,866,DEL_EXPLORED,-4
6,7,3,866,PUSH,-1,bchdaflejgimnpko,-4,4,1
6,7,4,866,PUSH,1,bchdfpgljkienoam,-4,-1,1
6,7,0,867,PUSH,-1,bchdfglejpmoanki,-4,1
6,7,1,867,PUSH,-1,bchdfgeijpolankm,-4,1
6,7,2,867,POP,4,bchdfgleknpiajom
6,7,3,867,DEL_EXPLORED,1
6,7,4,867,DEL_CUTOFF,1
6,7,0,868,DEL_EXPLORED,1
6,7,1,868,DEL_EXPLORED,1
6,7,2,868,PUSH,-4,bchdaglefnpikjom,-4,4,1
6,7,3,868,DEL_CUTOFF,4
6,7,4,868,DEL_EXPLORED,-1
6,7,0,869,DEL_CUTOFF,-4
6,7,1,869,DEL_CUTOFF,-4
6,7,2,869,DEL_CUTOFF,1
6,7,3,869,DEL_CUTOFF,-4
6,7,4,869,DEL_CUTOFF,-4
6,7,0,870,POP,-1,bchdfglejpmoanki
6,7,1,870,POP,-1,bchdfgeijpolankm
6,7,2,870,DEL_EXPLORED,4
6,7,3,870,POP,-1,bchdaflejgimnpko
6,7,4,870,POP,1,bchdfpgljkienoam
6,7,0,871,PUSH,-4,bchdfglejamonpki,-4,4,-1,1
6,7,1,871,PUSH,-4,bchdfgeijaolnpkm,-4,4,-1,1
6,7,2,871,DEL_CUTOFF,-4
6,7,3,871,DEL_EXPLORED,4
6,7,4,871,PUSH,-1,bchdfpgljkieanom,-4,1
6,7,0,872,DEL_CUTOFF,1
6,7,1,872,DEL_CUTOFF,1
6,7,2,872,POP,-4,bchdaglefnpikjom
6,7,3,872,PUSH,-4,bahdfclejgimnpko,4,-1,1
6,7,4,872,DEL_EXPLORED,1
6,7,0,873,DEL_CUTOFF,-1
6,7,1,873,DEL_CUTOFF,-1
6,7,2,873,POP,-1,bchdfgleanpikjom
6,7,3,873,DEL_CUTOFF,1
6,7,4,873,DEL_CUTOFF,-4
6,7,0,874,DEL_EXPLORED,4
6,7,1,874,DEL_EXPLORED,4
6,7,2,874,DEL_EXPLORED,4
6,7,3,874,DEL_CUTOFF,-1
6,7,4,874,POP,-1,bchdfpgljkieanom
6,7,0,875,DEL_CUTOFF,-4
6,7,1,875,DEL_CUTOFF,-4
6,7,2,875,PUSH,-4,bchdfalengpikjom,-4,4,-1,1
6,7,3,875,DEL_EXPLORED,4
6,7,4,875,DEL_EXPLORED,-4
6,7,0,876,POP,-4,bchdfglejamonpki
6,7,1,876,POP,-4,bchdfgeijaolnpkm
6,7,2,876,PUSH,1,bchdflaengpikjom,-4,4,-1,1
6,7,3,876,POP,-4,bahdfclejgimnpko
6,7,4,876,POP,4,bchdfpgljkienaom
6,7,0,877,POP,-1,bchdfglejpmonaki
6,7,1,877,POP,-1,bchdfgeijpolnakm
6,7,2,877,DEL_CUTOFF,1
6,7,3,877,POP,-4,bchdfalejgimnpko
6,7,4,877,DEL_EXPLORED,-4
6,7,0,878,DEL_EXPLORED,-4
6,7,1,878,DEL_EXPLORED,-4
6,7,2,878,DEL_EXPLORED,-1
6,7,3,878,POP,-4,bchdfglejaimnpko
6,7,4,878,POP,4,bchdfpgljaienkom
6,7,0,879,POP,4,bchdfglejpmonkai
6,7,1,879,POP,4,bchdfgeijpolnkam
6,7,2,879,DEL_CUTOFF,4
6,7,3,879,POP,-1,bchdfglejpimnako
6,7,4,879,PUSH,-4,bahdfcgljpienkom,4,-1,1
6,7,0,880,PUSH,-4,bchdfgaejplonkmi,-4,4,-1,1
6,7,1,880,PUSH,-4,bchdfgaijpelnkom,-4,4,-1,1
6,7,2,880,DEL_CUTOFF,-4
6,7,3,880,PUSH,-4,bchdfglejpamnkio,-4,4,-1,1
6,7,4,880,PUSH,1,bhadfcgljpienkom,4,-1,1
6,7,0,881,PUSH,1,bchdfgeajplonkmi,-4,4,-1
6,7,1,881,PUSH,1,bchdfgiajpelnkom,-4,4,-1
6,7,2,881,POP,1,bchdflaengpikjom
6,7,3,881,PUSH,1,bchdfglejpmankio,-4,4,-1
6,7,4,881,PUSH,1,bhdafcgljpienkom,4,-1
6,7,0,882,DEL_EXPLORED,-1
6,7,1,882,DEL_EXPLORED,-1
6,7,2,882,PUSH,-1,bchdaflengpikjom,-4,4,1
6,7,3,882,DEL_EXPLORED,-1
6,7,4,882,DEL_EXPLORED,-1
6,7,0,883,PUSH,4,bchdfgeojplankmi,-4,4,-1
6,7,1,883,PUSH,4,bchdfgiljpeankom,-4,4,-1
6,7,2,883,DEL_EXPLORED,1
6,7,3,883,PUSH,4,bchdfglejpmonkia,-4,-1
6,7,4,883,DEL_CUTOFF,4
6,7,0,884,DEL_CUTOFF,-1
6,7,1,884,DEL_CUTOFF,-1
6,7,2,884,DEL_CUTOFF,4
6,7,3,884,PUSH,-1,bchdfglejpmonkai,-4,-1,1
6,7,4,884,POP,1,bhdafcgljpienkom
6,7,0,885,DEL_CUTOFF,4
6,7,1,885,DEL_CUTOFF,4
6,7,2,885,DEL_CUTOFF,-4
6,7,3,885,DEL_EXPLORED,1
6,7,4,885,DEL_EXPLORED,-1
6,7,0,886,DEL_EXPLORED,-4
6,7,1,886,DEL_EXPLORED,-4
6,7,2,886,POP,-1,bchdaflengpikjom
6,7,3,886,DEL_CUTOFF,-1
6,7,4,886,PUSH,4,bhgdfcaljpienkom,-4,4,-1,1
6,7,0,887,POP,4,bchdfgeojplankmi
6,7,1,887,POP,4,bchdfgiljpeankom
6,7,2,887,DEL_EXPLORED,4
6,7,3,887,DEL_CUTOFF,-4
6,7,4,887,DEL_CUTOFF,1
6,7,0,888,PUSH,-4,bchafgedjplonkmi,4,-1
6,7,1,888,PUSH,-4,bchafgidjpelnkom,4,-1
6,7,2,888,PUSH,-4,bahdfclengpikjom,4,-1,1
6,7,3,888,POP,-1,bchdfglejpmonkai
6,7,4,888,DEL_CUTOFF,-1
6,7,0,889,DEL_CUTOFF,-1
6,7,1,889,DEL_CUTOFF,-1
6,7,2,889,DEL_CUTOFF,1
6,7,3,889,DEL_EXPLORED,-4
6,7,4,889,DEL_CUTOFF,4
6,7,0,890,DEL_EXPLORED,4
6,7,1,890,DEL_EXPLORED,4
6,7,2,890,DEL_CUTOFF,-1
6,7,3,890,POP,4,bchdfglejpmonkia
6,7,4,890,DEL_EXPLORED,-4
6,7,0,891,POP,-4,bchafgedjplonkmi
6,7,1,891,POP,-4,bchafgidjpelnkom
6,7,2,891,DEL_EXPLORED,4
6,7,3,891,PUSH,-4,bchdfglajpmenkio,-4,4,-1
6,7,4,891,POP,4,bhgdfcaljpienkom
6,7,0,892,POP,1,bchdfgeajplonkmi
6,7,1,892,POP,1,bchdfgiajpelnkom
6,7,2,892,POP,-4,bahdfclengpikjom
6,7,3,892,PUSH,-1,bchdfgaljpmenkio,-4,4,-1,1
6,7,4,892,POP,1,bhadfcgljpienkom
6,7,0,893,PUSH,-1,bchdfagejplonkmi,-4,4,-1,1
6,7,1,893,PUSH,-1,bchdfagijpelnkom,-4,4,-1,1
6,7,2,893,POP,-4,bchdfalengpikjom
6,7,3,893,DEL_EXPLORED,1
6,7,4,893,PUSH,-1,abhdfcgljpienkom,4,1
6,7,0,894,DEL_EXPLORED,1
6,7,1,894,DEL_EXPLORED,1
6,7,2,894,POP,-4,bchdfglenapikjom
6,7,3,894,DEL_CUTOFF,-1
6,7,4,894,DEL_EXPLORED,1
6,7,0,895,PUSH,-1,bchdafgejplonkmi,-4,4,1
6,7,1,895,PUSH,-1,bchdafgijpelnkom,-4,4,1
6,7,2,895,POP,1,bchdfglenjpikaom
6,7,3,895,DEL_CUTOFF,4
6,7,4,895,PUSH,4,fbhdacgljpienkom,-4,4,1
6,7,0,896,DEL_EXPLORED,1
6,7,1,896,DEL_EXPLORED,1
6,7,2,896,DEL_EXPLORED,-4
6,7,3,896,DEL_CUTOFF,-4
6,7,4,896,DEL_CUTOFF,1
6,7,0,897,DEL_CUTOFF,4
6,7,1,897,DEL_CUTOFF,4
6,7,2,897,POP,4,bchdfglenjpiakom
6,7,3,897,POP,-1,bchdfgaljpmenkio
6,7,4,897,DEL_CUTOFF,4
6,7,0,898,DEL_CUTOFF,-4
6,7,1,898,DEL_CUTOFF,-4
6,7,2,898,PUSH,-4,bchdaglefjpinkom,-4,4,1
6,7,3,898,DEL_EXPLORED,4
6,7,4,898,DEL_EXPLORED,-4
6,7,0,899,POP,-1,bchdafgejplonkmi
6,7,1,899,POP,-1,bchdafgijpelnkom
6,7,2,899,PUSH,1,bchdgalefjpinkom,-4,4,-1,1
6,7,3,899,PUSH,-4,bchafgldjpmenkio,4,-1
6,7,4,899,POP,4,fbhdacgljpienkom
6,7,0,900,PUSH,4,bchdfpgejalonkmi,-4,4,-1,1
6,7,1,900,PUSH,4,bchdfpgijaelnkom,-4,4,-1,1
6,7,2,900,PUSH,1,bchdglaefjpinkom,-4,4,-1,1
6,7,3,900,DEL_CUTOFF,-1
6,7,4,900,POP,-1,abhdfcgljpienkom
6,7,0,901,DEL_CUTOFF,1
6,7,1,901,DEL_CUTOFF,1
6,7,2,901,PUSH,1,bchdgleafjpinkom,-4,4,-1
6,7,3,901,DEL_EXPLORED,4
6,7,4,901,DEL_EXPLORED,4
6,7,0,902,DEL_CUTOFF,-1
6,7,1,902,DEL_CUTOFF,-1
6,7,2,902,DEL_EXPLORED,-1
6,7,3,902,POP,-4,bchafgldjpmenkio
6,7,4,902,POP,-4,bahdfcgljpienkom
6,7,0,903,DEL_CUTOFF,4
6,7,1,903,DEL_CUTOFF,4
6,7,2,903,PUSH,4,bchdgleifjpankom,-4,4,-1
6,7,3,903,POP,-4,bchdfglajpmenkio
6,7,4,903,POP,-1,bchdfagljpienkom
6,7,0,904,DEL_EXPLORED,-4
6,7,1,904,DEL_EXPLORED,-4
6,7,2,904,DEL_CUTOFF,-1
6,7,3,904,POP,1,bchdfglejpmankio
6,7,4,904,PUSH,4,bchdfgiljpaenkom,-4,4,-1,1
6,7,0,905,POP,4,bchdfpgejalonkmi
6,7,1,905,POP,4,bchdfpgijaelnkom
6,7,2,905,DEL_CUTOFF,4
6,7,3,905,PUSH,-1,bchdfglejapmnkio,-4,4,-1,1
6,7,4,905,PUSH,1,bchdfgiljpeankom,-4,4,-1
6,7,0,906,PUSH,-4,bahdfcgejplonkmi,4,-1,1
6,7,1,906,PUSH,-4,bahdfcgijpelnkom,4,-1,1
6,7,2,906,DEL_EXPLORED,-4
6,7,3,906,DEL_EXPLORED,1
6,7,4,906,DEL_EXPLORED,-1
6,7,0,907,DEL_CUTOFF,1
6,7,1,907,DEL_CUTOFF,1
6,7,2,907,POP,4,bchdgleifjpankom
6,7,3,907,PUSH,-1,bchdfgleajpmnkio,-4,4,1
6,7,4,907,PUSH,4,bchdfgiljpemnkoa,-4,-1
6,7,0,908,DEL_CUTOFF,-1
6,7,1,908,DEL_CUTOFF,-1
6,7,2,908,PUSH,-4,bchagledfjpinkom,4,-1
6,7,3,908,DEL_EXPLORED,1
6,7,4,908,PUSH,-1,bchdfgiljpemnkao,-4,-1,1
6,7,0,909,DEL_EXPLORED,4
6,7,1,909,DEL_EXPLORED,4
6,7,2,909,DEL_CUTOFF,-1
6,7,3,909,PUSH,4,bchdfglenjpmakio,-4,1
6,7,4,909,DEL_EXPLORED,1
6,7,0,910,POP,-4,bahdfcgejplonkmi
6,7,1,910,POP,-4,bahdfcgijpelnkom
6,7,2,910,DEL_EXPLORED,4
6,7,3,910,DEL_CUTOFF,1
6,7,4,910,DEL_CUTOFF,-1
6,7,0,911,POP,-1,bchdfagejplonkmi
6,7,1,911,POP,-1,bchdfagijpelnkom
6,7,2,911,POP,-4,bchagledfjpinkom
6,7,3,911,DEL_EXPLORED,-4
6,7,4,911,DEL_CUTOFF,-4
6,7,0,912,DEL_EXPLORED,4
6,7,1,912,DEL_EXPLORED,4
6,7,2,912,POP,1,bchdgleafjpinkom
6,7,3,912,POP,4,bchdfglenjpmakio
6,7,4,912,POP,-1,bchdfgiljpemnkao
6,7,0,913,PUSH,-4,bcadfghejplonkmi,4,-1,1
6,7,1,913,PUSH,-4,bcadfghijpelnkom,4,-1,1
6,7,2,913,DEL_EXPLORED,-1
6,7,3,913,PUSH,-4,bchdaglefjpmnkio,-4,4,1
6,7,4,913,DEL_EXPLORED,-4
6,7,0,914,PUSH,1,bcdafghejplonkmi,4,-1
6,7,1,914,PUSH,1,bcdafghijpelnkom,4,-1
6,7,2,914,PUSH,4,bchdglpefjainkom,-4,4,-1,1
6,7,3,914,DEL_CUTOFF,1
6,7,4,914,POP,4,bchdfgiljpemnkoa
6,7,0,915,DEL_EXPLORED,-1
6,7,1,915,DEL_EXPLORED,-1
6,7,2,915,PUSH,1,bchdglpefjiankom,-4,4,-1
6,7,3,915,DEL_EXPLORED,4
6,7,4,915,PUSH,-4,bchdfgiajpelnkom,-4,4,-1
6,7,0,916,DEL_CUTOFF,4
6,7,1,916,DEL_CUTOFF,4
6,7,2,916,DEL_EXPLORED,-1
6,7,3,916,DEL_CUTOFF,-4
6,7,4,916,PUSH,-1,bchdfgaijpelnkom,-4,4,-1,1
6,7,0,917,POP,1,bcdafghejplonkmi
6,7,1,917,POP,1,bcdafghijpelnkom
6,7,2,917,DEL_CUTOFF,4
6,7,3,917,POP,-4,bchdaglefjpmnkio
6,7,4,917,DEL_EXPLORED,1
6,7,0,918,PUSH,-1,bacdfghejplonkmi,4,-1,1
6,7,1,918,PUSH,-1,bacdfghijpelnkom,4,-1,1
6,7,2,918,DEL_CUTOFF,-4
6,7,3,918,POP,-1,bchdfgleajpmnkio
6,7,4,918,DEL_CUTOFF,-1
6,7,0,919,DEL_EXPLORED,1
6,7,1,919,DEL_EXPLORED,1
6,7,2,919,POP,1,bchdglpefjiankom
6,7,3,919,PUSH,4,bchdfglejkpmnaio,-4,-1,1
6,7,4,919,DEL_CUTOFF,4
6,7,0,920,DEL_CUTOFF,-1
6,7,1,920,DEL_CUTOFF,-1
6,7,2,920,PUSH,-1,bchdglpefajinkom,-4,4,-1,1
6,7,3,920,PUSH,1,bchdfglejkpmniao,-4,-1,1
6,7,4,920,DEL_CUTOFF,-4
6,7,0,921,DEL_CUTOFF,4
6,7,1,921,DEL_CUTOFF,4
6,7,2,921,DEL_EXPLORED,1
6,7,3,921,DEL_CUTOFF,1
6,7,4,921,POP,-1,bchdfgaijpelnkom
6,7,0,922,POP,-1,bacdfghejplonkmi
6,7,1,922,POP,-1,bacdfghijpelnkom
6,7,2,922,DEL_CUTOFF,-1
6,7,3,922,DEL_EXPLORED,-1
6,7,4,922,DEL_EXPLORED,4
6,7,0,923,DEL_EXPLORED,4
6,7,1,923,DEL_EXPLORED,4
6,7,2,923,DEL_CUTOFF,4
6,7,3,923,DEL_CUTOFF,-4
6,7,4,923,PUSH,-4,bchafgidjpelnkom,4,-1
6,7,0,924,POP,-4,bcadfghejplonkmi
6,7,1,924,POP,-4,bcadfghijpelnkom
6,7,2,924,DEL_CUTOFF,-4
6,7,3,924,POP,1,bchdfglejkpmniao
6,7,4,924,DEL_CUTOFF,-1
6,7,0,925,POP,-4,bchdfgaejplonkmi
6,7,1,925,POP,-4,bchdfgaijpelnkom
6,7,2,925,POP,-1,bchdglpefajinkom
6,7,3,925,PUSH,-1,bchdfglejkpmanio,-4,1
6,7,4,925,DEL_EXPLORED,4
6,7,0,926,POP,-1,bchdfglejpaonkmi
6,7,1,926,POP,-1,bchdfgeijpalnkom
6,7,2,926,PUSH,4,bchdglpefjoinkam,-4,-1,1
6,7,3,926,DEL_EXPLORED,1
6,7,4,926,POP,-4,bchafgidjpelnkom
6,7,0,927,DEL_EXPLORED,4
6,7,1,927,PUSH,4,bchdfgeijplmnkoa,-4,-1
6,7,2,927,DEL_CUTOFF,1
6,7,3,927,DEL_CUTOFF,-4
6,7,4,927,POP,-4,bchdfgiajpelnkom
6,7,0,928,PUSH,-4,bchdfglajpoenkmi,-4,4,-1
6,7,1,928,PUSH,-1,bchdfgeijplmnkao,-4,-1,1
6,7,2,928,DEL_CUTOFF,-1
6,7,3,928,POP,-1,bchdfglejkpmanio
6,7,4,928,POP,1,bchdfgiljpeankom
6,7,0,929,PUSH,-1,bchdfgaljpoenkmi,-4,4,-1,1
6,7,1,929,DEL_EXPLORED,1
6,7,2,929,DEL_EXPLORED,-4
6,7,3,929,DEL_EXPLORED,-4
6,7,4,929,PUSH,-1,bchdfgiljapenkom,-4,4,-1,1
6,7,0,930,DEL_EXPLORED,1
6,7,1,930,PUSH,-1,bchdfgeijplmnako,-4,-1,1
6,7,2,930,POP,4,bchdglpefjoinkam
6,7,3,930,POP,4,bchdfglejkpmnaio
6,7,4,930,DEL_EXPLORED,1
6,7,0,931,PUSH,-1,bchdfagljpoenkmi,-4,4,-1,1
6,7,1,931,DEL_EXPLORED,1
6,7,2,931,DEL_EXPLORED,-4
6,7,3,931,PUSH,-4,bchdfalejgpmnkio,-4,4,-1,1
6,7,4,931,PUSH,-1,bchdfgilajpenkom,-4,4,1
6,7,0,932,DEL_EXPLORED,1
6,7,1,932,PUSH,-1,bchdfgeijplmanko,-4,1
6,7,2,932,POP,4,bchdglpefjainkom
6,7,3,932,PUSH,1,bchdflaejgpmnkio,-4,4,-1,1
6,7,4,932,DEL_EXPLORED,1
6,7,0,933,PUSH,-1,bchdafgljpoenkmi,-4,4,1
6,7,1,933,DEL_EXPLORED,1
6,7,2,933,PUSH,-4,bcadglhefjpinkom,4,-1,1
6,7,3,933,DEL_CUTOFF,1
6,7,4,933,PUSH,4,bchdfgilnjpeakom,-4,1
6,7,0,934,DEL_EXPLORED,1
6,7,1,934,DEL_CUTOFF,-4
6,7,2,934,PUSH,1,bcdaglhefjpinkom,4,-1
6,7,3,934,DEL_EXPLORED,-1
6,7,4,934,DEL_CUTOFF,1
6,7,0,935,DEL_CUTOFF,4
6,7,1,935,POP,-1,bchdfgeijplmanko
6,7,2,935,DEL_EXPLORED,-1
6,7,3,935,DEL_CUTOFF,4
6,7,4,935,DEL_EXPLORED,-4
6,7,0,936,DEL_CUTOFF,-4
6,7,1,936,PUSH,-4,bchdfgeijalmnpko,-4,4,-1,1
6,7,2,936,DEL_CUTOFF,4
6,7,3,936,DEL_CUTOFF,-4
6,7,4,936,POP,4,bchdfgilnjpeakom
6,7,0,937,POP,-1,bchdafgljpoenkmi
6,7,1,937,DEL_CUTOFF,1
6,7,2,937,POP,1,bcdaglhefjpinkom
6,7,3,937,POP,1,bchdflaejgpmnkio
6,7,4,937,PUSH,-4,bchdagilfjpenkom,-4,4,1
6,7,0,938,PUSH,4,bchdfpgljaoenkmi,-4,4,-1,1
6,7,1,938,DEL_CUTOFF,-1
6,7,2,938,PUSH,-1,bacdglhefjpinkom,4,-1,1
6,7,3,938,PUSH,-1,bchdaflejgpmnkio,-4,4,1
6,7,4,938,DEL_CUTOFF,1
6,7,0,939,DEL_CUTOFF,1
6,7,1,939,DEL_EXPLORED,4
6,7,2,939,DEL_EXPLORED,1
6,7,3,939,DEL_EXPLORED,1
6,7,4,939,DEL_EXPLORED,4
6,7,0,940,DEL_CUTOFF,-1
6,7,1,940,DEL_CUTOFF,-4
6,7,2,940,DEL_CUTOFF,-1
6,7,3,940,DEL_CUTOFF,4
6,7,4,940,DEL_CUTOFF,-4
6,7,0,941,DEL_CUTOFF,4
6,7,1,941,POP,-4,bchdfgeijalmnpko
6,7,2,941,DEL_CUTOFF,4
6,7,3,941,DEL_CUTOFF,-4
6,7,4,941,POP,-4,bchdagilfjpenkom
6,7,0,942,DEL_EXPLORED,-4
6,7,1,942,POP,-1,bchdfgeijplmnako
6,7,2,942,POP,-1,bacdglhefjpinkom
6,7,3,942,POP,-1,bchdaflejgpmnkio
6,7,4,942,POP,-1,bchdfgilajpenkom
6,7,0,943,POP,4,bchdfpgljaoenkmi
6,7,1,943,PUSH,-4,bchdfgeijpamnklo,-4,4,-1,1
6,7,2,943,DEL_EXPLORED,4
6,7,3,943,DEL_EXPLORED,4
6,7,4,943,PUSH,4,bchdfgiljkpenaom,-4,-1,1
6,7,0,944,PUSH,-4,bahdfcgljpoenkmi,4,-1,1
6,7,1,944,PUSH,1,bchdfgeijpmanklo,-4,4,-1
6,7,2,944,POP,-4,bcadglhefjpinkom
6,7,3,944,PUSH,-4,bahdfclejgpmnkio,4,-1,1
6,7,4,944,PUSH,1,bchdfgiljkpenoam,-4,-1,1
6,7,0,945,DEL_CUTOFF,1
6,7,1,945,DEL_EXPLORED,-1
6,7,2,945,POP,1,bchdglaefjpinkom
6,7,3,945,DEL_CUTOFF,1
6,7,4,945,DEL_CUTOFF,1
6,7,0,946,DEL_CUTOFF,-1
6,7,1,946,DEL_CUTOFF,4
6,7,2,946,DEL_EXPLORED,-1
6,7,3,946,DEL_CUTOFF,-1
6,7,4,946,DEL_EXPLORED,-1
6,7,0,947,DEL_EXPLORED,4
6,7,1,947,DEL_CUTOFF,-4
6,7,2,947,PUSH,4,bchdgjlefapinkom,-4,4,-1,1
6,7,3,947,DEL_EXPLORED,4
6,7,4,947,DEL_CUTOFF,-4
6,7,0,948,POP,-4,bahdfcgljpoenkmi
6,7,1,948,POP,1,bchdfgeijpmanklo
6,7,2,948,PUSH,1,bchdgjlefpainkom,-4,4,-1,1
6,7,3,948,POP,-4,bahdfclejgpmnkio
6,7,4,948,POP,1,bchdfgiljkpenoam
6,7,0,949,POP,-1,bchdfagljpoenkmi
6,7,1,949,PUSH,-1,bchdfgeijapmnklo,-4,4,-1,1
6,7,2,949,PUSH,1,bchdgjlefpiankom,-4,4,-1
6,7,3,949,POP,-4,bchdfalejgpmnkio
6,7,4,949,PUSH,-1,bchdfgiljkpeanom,-4,1
6,7,0,950,PUSH,4,bchdfgoljpaenkmi,-4,4,-1,1
6,7,1,950,DEL_EXPLORED,1
6,7,2,950,DEL_EXPLORED,-1
6,7,3,950,POP,-1,bchdfglejapmnkio
6,7,4,950,DEL_EXPLORED,1
6,7,0,951,PUSH,1,bchdfgoljpeankmi,-4,4,-1
6,7,1,951,DEL_CUTOFF,-1
6,7,2,951,DEL_CUTOFF,4
6,7,3,951,DEL_EXPLORED,4
6,7,4,951,DEL_CUTOFF,-4
6,7,0,952,DEL_EXPLORED,-1
6,7,1,952,DEL_CUTOFF,4
6,7,2,952,DEL_CUTOFF,-4
6,7,3,952,PUSH,-4,bchdfgaejplmnkio,-4,4,-1,1
6,7,4,952,POP,-1,bchdfgiljkpeanom
6,7,0,953,DEL_CUTOFF,4
6,7,1,953,DEL_CUTOFF,-4
6,7,2,953,POP,1,bchdgjlefpiankom
6,7,3,953,PUSH,1,bchdfgeajplmnkio,-4,4,-1
6,7,4,953,DEL_EXPLORED,-4
6,7,0,954,DEL_CUTOFF,-4
6,7,1,954,POP,-1,bchdfgeijapmnklo
6,7,2,954,DEL_EXPLORED,-1
6,7,3,954,DEL_EXPLORED,-1
6,7,4,954,POP,4,bchdfgiljkpenaom
6,7,0,955,POP,1,bchdfgoljpeankmi
6,7,1,955,DEL_EXPLORED,4
6,7,2,955,PUSH,4,bchdgjlefpoinkam,-4,-1,1
6,7,3,955,PUSH,4,bchdfgemjplankio,-4,4,-1
6,7,4,955,PUSH,-4,bchdfailjgpenkom,-4,4,-1,1
6,7,0,956,PUSH,-1,bchdfgoljapenkmi,-4,4,-1,1
6,7,1,956,PUSH,-4,bchdfgaijpemnklo,-4,4,-1,1
6,7,2,956,DEL_CUTOFF,1
6,7,3,956,DEL_CUTOFF,-1
6,7,4,956,PUSH,1,bchdfialjgpenkom,-4,4,-1,1
6,7,0,957,DEL_EXPLORED,1
6,7,1,957,DEL_CUTOFF,1
6,7,2,957,DEL_CUTOFF,-1
6,7,3,957,DEL_CUTOFF,4
6,7,4,957,DEL_CUTOFF,1
6,7,0,958,DEL_CUTOFF,-1
6,7,1,958,DEL_CUTOFF,-1
6,7,2,958,DEL_EXPLORED,-4
6,7,3,958,DEL_EXPLORED,-4
6,7,4,958,DEL_EXPLORED,-1
6,7,0,959,DEL_CUTOFF,4
6,7,1,959,DEL_EXPLORED,4
6,7,2,959,POP,4,bchdgjlefpoinkam
6,7,3,959,POP,4,bchdfgemjplankio
6,7,4,959,DEL_CUTOFF,4
6,7,0,960,DEL_CUTOFF,-4
6,7,1,960,DEL_CUTOFF,-4
6,7,2,960,PUSH,-4,bchdgjaefplinkom,-4,4,-1,1
6,7,3,960,PUSH,-4,bchafgedjplmnkio,4,-1
6,7,4,960,DEL_CUTOFF,-4
6,7,0,961,POP,-1,bchdfgoljapenkmi
6,7,1,961,POP,-4,bchdfgaijpemnklo
6,7,2,961,DEL_CUTOFF,1
6,7,3,961,DEL_CUTOFF,-1
6,7,4,961,POP,1,bchdfialjgpenkom
6,7,0,962,PUSH,4,bchdfgoljpmenkai,-4,-1,1
6,7,1,962,POP,-4,bchdfgeijpamnklo
6,7,2,962,DEL_CUTOFF,-1
6,7,3,962,DEL_EXPLORED,4
6,7,4,962,PUSH,-1,bchdafiljgpenkom,-4,4,1
6,7,0,963,DEL_CUTOFF,1
6,7,1,963,POP,-1,bchdfgeijplmnkao
6,7,2,963,DEL_EXPLORED,4
6,7,3,963,POP,-4,bchafgedjplmnkio
6,7,4,963,DEL_EXPLORED,1
6,7,0,964,DEL_CUTOFF,-1
6,7,1,964,DEL_EXPLORED,-4
6,7,2,964,DEL_CUTOFF,-4
6,7,3,964,POP,1,bchdfgeajplmnkio
6,7,4,964,DEL_CUTOFF,4
6,7,0,965,DEL_EXPLORED,-4
6,7,1,965,POP,4,bchdfgeijplmnkoa
6,7,2,965,POP,-4,bchdgjaefplinkom
6,7,3,965,PUSH,-1,bchdfagejplmnkio,-4,4,-1,1
6,7,4,965,DEL_CUTOFF,-4
6,7,0,966,POP,4,bchdfgoljpmenkai
6,7,1,966,DEL_EXPLORED,-4
6,7,2,966,POP,1,bchdgjlefpainkom
6,7,3,966,DEL_EXPLORED,1
6,7,4,966,POP,-1,bchdafiljgpenkom
6,7,0,967,DEL_EXPLORED,-4
6,7,1,967,POP,4,bchdfgeijplankom
6,7,2,967,PUSH,-1,bchdgjleafpinkom,-4,4,1
6,7,3,967,PUSH,-1,bchdafgejplmnkio,-4,4,1
6,7,4,967,DEL_EXPLORED,4
6,7,0,968,POP,4,bchdfgoljpaenkmi
6,7,1,968,PUSH,-4,bchafgedjplinkom,4,-1
6,7,2,968,DEL_EXPLORED,1
6,7,3,968,DEL_EXPLORED,1
6,7,4,968,PUSH,-4,bahdfciljgpenkom,4,-1,1
6,7,0,969,PUSH,-4,bcadfghljpoenkmi,4,-1,1
6,7,1,969,PUSH,-1,bcahfgedjplinkom,4,-1,1
6,7,2,969,PUSH,4,bchdgjlenfpiakom,-4,1
6,7,3,969,DEL_CUTOFF,4
6,7,4,969,DEL_CUTOFF,1
6,7,0,970,PUSH,1,bcdafghljpoenkmi,4,-1
6,7,1,970,DEL_EXPLORED,1
6,7,2,970,DEL_CUTOFF,1
6,7,3,970,DEL_CUTOFF,-4
6,7,4,970,DEL_CUTOFF,-1
6,7,0,971,DEL_EXPLORED,-1
6,7,1,971,PUSH,-1,bachfgedjplinkom,4,-1,1
6,7,2,971,DEL_EXPLORED,-4
6,7,3,971,POP,-1,bchdafgejplmnkio
6,7,4,971,DEL_EXPLORED,4
6,7,0,972,DEL_CUTOFF,4
6,7,1,972,DEL_EXPLORED,1
6,7,2,972,POP,4,bchdgjlenfpiakom
6,7,3,972,PUSH,4,bchdfpgejalmnkio,-4,4,-1,1
6,7,4,972,POP,-4,bahdfciljgpenkom
6,7,0,973,POP,1,bcdafghljpoenkmi
6,7,1,973,PUSH,-1,abchfgedjplinkom,4,1
6,7,2,973,PUSH,-4,bchdajlegfpinkom,-4,4,1
6,7,3,973,DEL_CUTOFF,1
6,7,4,973,POP,-4,bchdfailjgpenkom
6,7,0,974,PUSH,-1,bacdfghljpoenkmi,4,-1,1
6,7,1,974,DEL_EXPLORED,1
6,7,2,974,DEL_CUTOFF,1
6,7,3,974,DEL_CUTOFF,-1
6,7,4,974,POP,-1,bchdfgiljapenkom
6,7,0,975,DEL_EXPLORED,1
6,7,1,975,PUSH,4,fbchagedjplinkom,-4,4,1
6,7,2,975,DEL_EXPLORED,4
6,7,3,975,DEL_CUTOFF,4
6,7,4,975,PUSH,4,bchdfgiljpoenkam,-4,-1,1
6,7,0,976,DEL_CUTOFF,-1
6,7,1,976,DEL_CUTOFF,1
6,7,2,976,DEL_CUTOFF,-4
6,7,3,976,DEL_EXPLORED,-4
6,7,4,976,PUSH,1,bchdfgiljpoenkma,-4,-1
6,7,0,977,DEL_CUTOFF,4
6,7,1,977,DEL_CUTOFF,4
6,7,2,977,POP,-4,bchdajlegfpinkom
6,7,3,977,POP,4,bchdfpgejalmnkio
6,7,4,977,DEL_EXPLORED,-1
6,7,0,978,POP,-1,bacdfghljpoenkmi
6,7,1,978,DEL_EXPLORED,-4
6,7,2,978,POP,-1,bchdgjleafpinkom
6,7,3,978,PUSH,-4,bahdfcgejplmnkio,4,-1,1
6,7,4,978,PUSH,-4,bchdfgiljpoankme,-4,4,-1
6,7,0,979,DEL_EXPLORED,4
6,7,1,979,POP,4,fbchagedjplinkom
6,7,2,979,PUSH,4,bchdgjlefkpinaom,-4,-1,1
6,7,3,979,DEL_CUTOFF,1
6,7,4,979,DEL_CUTOFF,-1
6,7,0,980,POP,-4,bcadfghljpoenkmi
6,7,1,980,POP,-1,abchfgedjplinkom
6,7,2,980,PUSH,1,bchdgjlefkpinoam,-4,-1,1
6,7,3,980,DEL_CUTOFF,-1
6,7,4,980,DEL_EXPLORED,4
6,7,0,981,POP,-1,bchdfgaljpoenkmi
6,7,1,981,PUSH,4,bgchfaedjplinkom,-4,4,-1,1
6,7,2,981,DEL_CUTOFF,1
6,7,3,981,DEL_EXPLORED,4
6,7,4,981,DEL_CUTOFF,-4
6,7,0,982,DEL_EXPLORED,4
6,7,1,982,PUSH,1,bgchfeadjplinkom,-4,4,-1,1
6,7,2,982,DEL_EXPLORED,-1
6,7,3,982,POP,-4,bahdfcgejplmnkio
6,7,4,982,POP,-4,bchdfgiljpoankme
6,7,0,983,PUSH,-4,bchafgldjpoenkmi,4,-1
6,7,1,983,DEL_CUTOFF,1
6,7,2,983,DEL_CUTOFF,-4
6,7,3,983,POP,-1,bchdfagejplmnkio
6,7,4,983,POP,1,bchdfgiljpoenkma
6,7,0,984,PUSH,-1,bcahfgldjpoenkmi,4,-1,1
6,7,1,984,DEL_EXPLORED,-1
6,7,2,984,POP,1,bchdgjlefkpinoam
6,7,3,984,DEL_EXPLORED,4
6,7,4,984,PUSH,-1,bchdfgiljpoenakm,-4,-1,1
6,7,0,985,DEL_EXPLORED,1
6,7,1,985,DEL_CUTOFF,4
6,7,2,985,PUSH,-1,bchdgjlefkpianom,-4,1
6,7,3,985,PUSH,-4,bcadfghejplmnkio,4,-1,1
6,7,4,985,DEL_EXPLORED,1
6,7,0,986,PUSH,-1,bachfgldjpoenkmi,4,-1,1
6,7,1,986,DEL_CUTOFF,-4
6,7,2,986,DEL_EXPLORED,1
6,7,3,986,PUSH,1,bcdafghejplmnkio,4,-1
6,7,4,986,PUSH,-1,bchdfgiljpoeankm,-4,1
6,7,0,987,DEL_EXPLORED,1
6,7,1,987,POP,1,bgchfeadjplinkom
6,7,2,987,DEL_CUTOFF,-4
6,7,3,987,DEL_EXPLORED,-1
6,7,4,987,DEL_EXPLORED,1
6,7,0,988,DEL_CUTOFF,-1
6,7,1,988,PUSH,-1,bgchafedjplinkom,-4,4,1
6,7,2,988,POP,-1,bchdgjlefkpianom
6,7,3,988,DEL_CUTOFF,4
6,7,4,988,DEL_CUTOFF,-4
6,7,0,989,DEL_CUTOFF,4
6,7,1,989,DEL_EXPLORED,1
6,7,2,989,DEL_EXPLORED,-4
6,7,3,989,POP,1,bcdafghejplmnkio
6,7,4,989,POP,-1,bchdfgiljpoeankm
6,7,0,990,POP,-1,bachfgldjpoenkmi
6,7,1,990,DEL_CUTOFF,4
6,7,2,990,POP,4,bchdgjlefkpinaom
6,7,3,990,PUSH,-1,bacdfghejplmnkio,4,-1,1
6,7,4,990,PUSH,-4,bchdfgiljaoenpkm,-4,4,-1,1
6,7,0,991,PUSH,4,bclhfgadjpoenkmi,-4,4,-1,1
6,7,1,991,DEL_CUTOFF,-4
6,7,2,991,DEL_EXPLORED,-4
6,7,3,991,DEL_EXPLORED,1
6,7,4,991,DEL_CUTOFF,1
6,7,0,992,DEL_CUTOFF,1
6,7,1,992,POP,-1,bgchafedjplinkom
6,7,2,992,POP,4,bchdgjlefapinkom
6,7,3,992,DEL_CUTOFF,-1
6,7,4,992,DEL_CUTOFF,-1
6,7,0,993,DEL_CUTOFF,-1
6,7,1,993,PUSH,4,bgchfpedjalinkom,-4,4,-1,1
6,7,2,993,PUSH,-4,bahdgclefjpinkom,4,-1,1
6,7,3,993,DEL_CUTOFF,4
6,7,4,993,DEL_EXPLORED,4
6,7,0,994,DEL_CUTOFF,4
6,7,1,994,DEL_CUTOFF,1
6,7,2,994,PUSH,1,bhadgclefjpinkom,4,-1,1
6,7,3,994,POP,-1,bacdfghejplmnkio
6,7,4,994,DEL_CUTOFF,-4
6,7,0,995,DEL_EXPLORED,-4
6,7,1,995,DEL_CUTOFF,-1
6,7,2,995,PUSH,1,bhdagclefjpinkom,4,-1
6,7,3,995,DEL_EXPLORED,4
6,7,4,995,POP,-4,bchdfgiljaoenpkm
6,7,0,996,POP,4,bclhfgadjpoenkmi
6,7,1,996,DEL_CUTOFF,4
6,7,2,996,DEL_EXPLORED,-1
6,7,3,996,POP,-4,bcadfghejplmnkio
6,7,4,996,POP,-1,bchdfgiljpoenakm
6,7,0,997,POP,-1,bcahfgldjpoenkmi
6,7,1,997,DEL_EXPLORED,-4
6,7,2,997,DEL_CUTOFF,4
6,7,3,997,POP,-4,bchdfgaejplmnkio
6,7,4,997,DEL_EXPLORED,-4
6,7,0,998,DEL_EXPLORED,4
6,7,1,998,POP,4,bgchfpedjalinkom
6,7,2,998,POP,1,bhdagclefjpinkom
6,7,3,998,POP,-4,bchdfglejpamnkio
6,7,4,998,POP,4,bchdfgiljpoenkam
6,7,0,999,POP,-4,bchafgldjpoenkmi
6,7,1,999,DEL_EXPLORED,-4
6,7,2,999,DEL_EXPLORED,-1
6,7,3,999,POP,-1,bchdfglejpimnkao
6,7,4,999,DEL_EXPLORED,-4
6,7,0,1000,POP,-4,bchdfglajpoenkmi
6,7,1,1000,POP,4,bgchfaedjplinkom
6,7,2,1000,PUSH,4,bhldgcaefjpinkom,-4,4,-1,1
6,7,3,1000,DEL_EXPLORED,-4
6,7,4,1000,POP,4,bchdfgiljpaenkom
6,7,0,1001,POP,-4,bchdfglejpoankmi
6,7,1,1001,POP,-1,bachfgedjplinkom
6,7,2,1001,DEL_CUTOFF,1
6,7,3,1001,POP,4,bchdfglejpimnkoa
6,7,4,1001,PUSH,-4,bcadfghljpienkom,4,-1,1
6,7,0,1002,POP,1,bchdfglejpoinkma
6,7,1,1002,PUSH,4,bcehfgadjplinkom,-4,4,-1,1
6,7,2,1002,DEL_CUTOFF,-1
6,7,3,1002,POP,1,bchdfglejpiankom
6,7,4,1002,PUSH,1,bcdafghljpienkom,4,-1
6,7,0,1003,PUSH,-1,bchdfglejpoinakm,-4,-1,1
6,7,1,1003,PUSH,1,bcehfgdajplinkom,-4,4,-1
6,7,2,1003,DEL_CUTOFF,4
6,7,3,1003,POP,0,bchdfglejpainkom
6,7,4,1003,DEL_EXPLORED,-1
6,7,0,1004,DEL_EXPLORED,1
6,7,1,1004,DEL_EXPLORED,-1
6,7,2,1004,DEL_EXPLORED,-4
6,7,4,1004,PUSH,4,bcdlfghajpienkom,-4,4,-1
6,7,0,1005,PUSH,-1,bchdfglejpoiankm,-4,1
6,7,1,1005,PUSH,4,bcehfgdijplankom,-4,4,-1
6,7,2,1005,POP,4,bhldgcaefjpinkom
6,7,4,1005,PUSH,-1,bcdlfgahjpienkom,-4,4,-1,1
6,7,0,1006,DEL_EXPLORED,1
6,7,1,1006,DEL_CUTOFF,-1
6,7,2,1006,POP,1,bhadgclefjpinkom
6,7,4,1006,DEL_EXPLORED,1
6,7,0,1007,PUSH,-4,bchdfgleapoijnkm,-4,4,1
6,7,1,1007,DEL_CUTOFF,4
6,7,2,1007,PUSH,-1,abhdgclefjpinkom,4,1
6,7,4,1007,DEL_CUTOFF,-1
6,7,0,1008,PUSH,1,bchdfglepaoijnkm,-4,4,-1,1
6,7,1,1008,DEL_EXPLORED,-4
6,7,2,1008,DEL_EXPLORED,1
6,7,4,1008,DEL_CUTOFF,4
6,7,0,1009,PUSH,1,bchdfglepoaijnkm,-4,4,-1,1
6,7,1,1009,POP,4,bcehfgdijplankom
6,7,2,1009,PUSH,4,gbhdaclefjpinkom,-4,4,1
6,7,4,1009,DEL_CUTOFF,-4
6,7,0,1010,PUSH,1,bchdfglepoiajnkm,-4,4,-1
6,7,1,1010,PUSH,-4,bceafgdhjplinkom,4,-1
6,7,2,1010,DEL_CUTOFF,1
6,7,4,1010,POP,-1,bcdlfgahjpienkom
6,7,0,1011,DEL_EXPLORED,-1
6,7,1,1011,DEL_CUTOFF,-1
6,7,2,1011,DEL_CUTOFF,4
6,7,4,1011,PUSH,4,bcdlfghejpiankom,-4,4,-1
6,7,0,1012,DEL_CUTOFF,4
6,7,1,1012,DEL_EXPLORED,4
6,7,2,1012,DEL_EXPLORED,-4
6,7,4,1012,DEL_CUTOFF,-1
6,7,0,1013,DEL_CUTOFF,-4
6,7,1,1013,POP,-4,bceafgdhjplinkom
6,7,2,1013,POP,4,gbhdaclefjpinkom
6,7,4,1013,DEL_CUTOFF,4
6,7,0,1014,POP,1,bchdfglepoiajnkm
6,7,1,1014,POP,1,bcehfgdajplinkom
6,7,2,1014,POP,-1,abhdgclefjpinkom
6,7,4,1014,DEL_EXPLORED,-4
6,7,0,1015,DEL_EXPLORED,-1
6,7,1,1015,PUSH,-1,bcehfagdjplinkom,-4,4,-1,1
6,7,2,1015,DEL_EXPLORED,4
6,7,4,1015,POP,4,bcdlfghejpiankom
6,7,0,1016,PUSH,4,bchdfglepokijnam,-4,-1,1
6,7,1,1016,DEL_EXPLORED,1
6,7,2,1016,POP,-4,bahdgclefjpinkom
6,7,4,1016,DEL_EXPLORED,-4
6,7,0,1017,DEL_CUTOFF,1
6,7,1,1017,PUSH,-1,bcehafgdjplinkom,-4,4,1
6,7,2,1017,POP,1,bchdgalefjpinkom
6,7,4,1017,POP,4,bcdlfghajpienkom
6,7,0,1018,DEL_CUTOFF,-1
6,7,1,1018,DEL_EXPLORED,1
6,7,2,1018,DEL_EXPLORED,4
6,7,4,1018,POP,1,bcdafghljpienkom
6,7,0,1019,DEL_EXPLORED,-4
6,7,1,1019,DEL_CUTOFF,4
6,7,2,1019,PUSH,-4,achdbglefjpinkom,4,1
6,7,4,1019,PUSH,-1,bacdfghljpienkom,4,-1,1
6,7,0,1020,POP,4,bchdfglepokijnam
6,7,1,1020,DEL_CUTOFF,-4
6,7,2,1020,PUSH,1,cahdbglefjpinkom,4,-1,1
6,7,4,1020,DEL_EXPLORED,1
6,7,0,1021,PUSH,-4,bchdfgaepolijnkm,-4,4,-1,1
6,7,1,1021,POP,-1,bcehafgdjplinkom
6,7,2,1021,PUSH,1,chadbglefjpinkom,4,-1,1
6,7,4,1021,PUSH,-1,abcdfghljpienkom,4,1
6,7,0,1022,DEL_CUTOFF,1
6,7,1,1022,PUSH,4,bcehfpgdjalinkom,-4,4,-1,1
6,7,2,1022,PUSH,1,chdabglefjpinkom,4,-1
6,7,4,1022,DEL_EXPLORED,1
6,7,0,1023,DEL_CUTOFF,-1
6,7,1,1023,DEL_CUTOFF,1
6,7,2,1023,DEL_EXPLORED,-1
6,7,4,1023,PUSH,4,fbcdaghljpienkom,-4,4,1
6,7,0,1024,DEL_EXPLORED,4
6,7,1,1024,DEL_CUTOFF,-1
6,7,2,1024,DEL_CUTOFF,4
6,7,4,1024,DEL_CUTOFF,1
6,7,0,1025,DEL_CUTOFF,-4
6,7,1,1025,DEL_CUTOFF,4
6,7,2,1025,POP,1,chdabglefjpinkom
6,7,4,1025,DEL_CUTOFF,4
6,7,0,1026,POP,-4,bchdfgaepolijnkm
6,7,1,1026,DEL_EXPLORED,-4
6,7,2,1026,DEL_EXPLORED,-1
6,7,4,1026,DEL_EXPLORED,-4
6,7,0,1027,POP,1,bchdfglepoaijnkm
6,7,1,1027,POP,4,bcehfpgdjalinkom
6,7,2,1027,PUSH,4,chldbgaefjpinkom,-4,4,-1,1
6,7,4,1027,POP,4,fbcdaghljpienkom
6,7,0,1028,DEL_EXPLORED,-1
6,7,1,1028,PUSH,-4,baehfcgdjplinkom,4,-1,1
6,7,2,1028,DEL_CUTOFF,1
6,7,4,1028,POP,-1,abcdfghljpienkom
6,7,0,1029,PUSH,4,bchdfglepnoijakm,-4,-1,1
6,7,1,1029,DEL_CUTOFF,1
6,7,2,1029,DEL_CUTOFF,-1
6,7,4,1029,PUSH,4,bgcdfahljpienkom,-4,4,-1,1
6,7,0,1030,PUSH,1,bchdfglepnoijkam,-4,-1,1
6,7,1,1030,DEL_CUTOFF,-1
6,7,2,1030,DEL_CUTOFF,4
6,7,4,1030,PUSH,1,bgcdfhaljpienkom,-4,4,-1,1
6,7,0,1031,DEL_CUTOFF,1
6,7,1,1031,DEL_EXPLORED,4
6,7,2,1031,DEL_EXPLORED,-4
6,7,4,1031,DEL_CUTOFF,1
6,7,0,1032,DEL_EXPLORED,-1
6,7,1,1032,POP,-4,baehfcgdjplinkom
6,7,2,1032,POP,4,chldbgaefjpinkom
6,7,4,1032,DEL_EXPLORED,-1
6,7,0,1033,DEL_CUTOFF,-4
6,7,1,1033,POP,-1,bcehfagdjplinkom
6,7,2,1033,POP,1,chadbglefjpinkom
6,7,4,1033,DEL_CUTOFF,4
6,7,0,1034,POP,1,bchdfglepnoijkam
6,7,1,1034,PUSH,4,bcehfgldjpainkom,-4,4,-1,1
6,7,2,1034,DEL_EXPLORED,-1
6,7,4,1034,DEL_CUTOFF,-4
6,7,0,1035,PUSH,-1,bchdfglepnoiajkm,-4,1
6,7,1,1035,PUSH,1,bcehfgldjpiankom,-4,4,-1
6,7,2,1035,PUSH,4,cghdbalefjpinkom,-4,4,-1,1
6,7,4,1035,POP,1,bgcdfhaljpienkom
6,7,0,1036,DEL_EXPLORED,1
6,7,1,1036,DEL_EXPLORED,-1
6,7,2,1036,PUSH,1,cghdblaefjpinkom,-4,4,-1,1
6,7,4,1036,PUSH,-1,bgcdafhljpienkom,-4,4,1
6,7,0,1037,DEL_CUTOFF,-4
6,7,1,1037,DEL_CUTOFF,4
6,7,2,1037,DEL_CUTOFF,1
6,7,4,1037,DEL_EXPLORED,1
6,7,0,1038,POP,-1,bchdfglepnoiajkm
6,7,1,1038,DEL_CUTOFF,-4
6,7,2,1038,DEL_EXPLORED,-1
6,7,4,1038,DEL_CUTOFF,4
6,7,0,1039,DEL_EXPLORED,-4
6,7,1,1039,POP,1,bcehfgldjpiankom
6,7,2,1039,DEL_CUTOFF,4
6,7,4,1039,DEL_CUTOFF,-4
6,7,0,1040,POP,4,bchdfglepnoijakm
6,7,1,1040,PUSH,-1,bcehfgldjapinkom,-4,4,-1,1
6,7,2,1040,DEL_CUTOFF,-4
6,7,4,1040,POP,-1,bgcdafhljpienkom
6,7,0,1041,PUSH,-4,bchdfalepgoijnkm,-4,4,-1,1
6,7,1,1041,DEL_EXPLORED,1
6,7,2,1041,POP,1,cghdblaefjpinkom
6,7,4,1041,PUSH,4,bgcdfphljaienkom,-4,4,-1,1
6,7,0,1042,PUSH,1,bchdflaepgoijnkm,-4,4,-1,1
6,7,1,1042,DEL_CUTOFF,-1
6,7,2,1042,PUSH,-1,cghdablefjpinkom,-4,4,1
6,7,4,1042,DEL_CUTOFF,1
6,7,0,1043,DEL_CUTOFF,1
6,7,1,1043,DEL_CUTOFF,4
6,7,2,1043,DEL_EXPLORED,1
6,7,4,1043,DEL_CUTOFF,-1
6,7,0,1044,DEL_EXPLORED,-1
6,7,1,1044,DEL_CUTOFF,-4
6,7,2,1044,DEL_CUTOFF,4
6,7,4,1044,DEL_CUTOFF,4
6,7,0,1045,DEL_CUTOFF,4
6,7,1,1045,POP,-1,bcehfgldjapinkom
6,7,2,1045,DEL_CUTOFF,-4
6,7,4,1045,DEL_EXPLORED,-4
6,7,0,1046,DEL_CUTOFF,-4
6,7,1,1046,PUSH,4,bcehfgldjpoinkam,-4,-1,1
6,7,2,1046,POP,-1,cghdablefjpinkom
6,7,4,1046,POP,4,bgcdfphljaienkom
6,7,0,1047,POP,1,bchdflaepgoijnkm
6,7,1,1047,DEL_CUTOFF,1
6,7,2,1047,PUSH,4,cghdbjlefapinkom,-4,4,-1,1
6,7,4,1047,DEL_EXPLORED,-4
6,7,0,1048,PUSH,-1,bchdaflepgoijnkm,-4,4,1
6,7,1,1048,DEL_CUTOFF,-1
6,7,2,1048,DEL_CUTOFF,1
6,7,4,1048,POP,4,bgcdfahljpienkom
6,7,0,1049,DEL_EXPLORED,1
6,7,1,1049,DEL_EXPLORED,-4
6,7,2,1049,DEL_CUTOFF,-1
6,7,4,1049,POP,-1,bacdfghljpienkom
6,7,0,1050,DEL_CUTOFF,4
6,7,1,1050,POP,4,bcehfgldjpoinkam
6,7,2,1050,DEL_CUTOFF,4
6,7,4,1050,DEL_EXPLORED,4
6,7,0,1051,DEL_CUTOFF,-4
6,7,1,1051,DEL_EXPLORED,-4
6,7,2,1051,DEL_EXPLORED,-4
6,7,4,1051,POP,-4,bcadfghljpienkom
6,7,0,1052,POP,-1,bchdaflepgoijnkm
6,7,1,1052,POP,4,bcehfgldjpainkom
6,7,2,1052,POP,4,cghdbjlefapinkom
6,7,4,1052,POP,-1,bchdfgaljpienkom
6,7,0,1053,DEL_EXPLORED,4
6,7,1,1053,DEL_EXPLORED,-4
6,7,2,1053,DEL_EXPLORED,-4
6,7,4,1053,DEL_EXPLORED,4
6,7,0,1054,PUSH,-4,bahdfclepgoijnkm,4,-1,1
6,7,1,1054,POP,4,bcehfgadjplinkom
6,7,2,1054,POP,4,cghdbalefjpinkom
6,7,4,1054,PUSH,-4,bchafgldjpienkom,4,-1
6,7,0,1055,DEL_CUTOFF,1
6,7,1,1055,POP,-1,bcahfgedjplinkom
6,7,2,1055,POP,1,cahdbglefjpinkom
6,7,4,1055,PUSH,-1,bcahfgldjpienkom,4,-1,1
6,7,0,1056,DEL_CUTOFF,-1
6,7,1,1056,DEL_EXPLORED,4
6,7,2,1056,DEL_EXPLORED,4
6,7,4,1056,DEL_EXPLORED,1
6,7,0,1057,DEL_EXPLORED,4
6,7,1,1057,POP,-4,bchafgedjplinkom
6,7,2,1057,POP,-4,achdbglefjpinkom
6,7,4,1057,PUSH,-1,bachfgldjpienkom,4,-1,1
6,7,0,1058,POP,-4,bahdfclepgoijnkm
6,7,1,1058,POP,1,bchdfgeajplinkom
6,7,2,1058,POP,-4,bchdaglefjpinkom
6,7,4,1058,DEL_EXPLORED,1
6,7,0,1059,POP,-4,bchdfalepgoijnkm
6,7,1,1059,PUSH,-1,bchdfagejplinkom,-4,4,-1,1
6,7,2,1059,POP,-1,bchdfgleajpinkom
6,7,4,1059,PUSH,-1,abchfgldjpienkom,4,1
6,7,0,1060,POP,1,bchdfglepaoijnkm
6,7,1,1060,DEL_EXPLORED,1
6,7,2,1060,PUSH,4,bchdfglejkpinaom,-4,-1,1
6,7,4,1060,DEL_EXPLORED,1
6,7,0,1061,DEL_EXPLORED,4
6,7,1,1061,PUSH,-1,bchdafgejplinkom,-4,4,1
6,7,2,1061,PUSH,1,bchdfglejkpinoam,-4,-1,1
6,7,4,1061,PUSH,4,fbchagldjpienkom,-4,4,1
6,7,0,1062,PUSH,-4,bchdaglefpoijnkm,-4,4,1
6,7,1,1062,DEL_EXPLORED,1
6,7,2,1062,PUSH,1,bchdfglejkpinoma,-4,-1
6,7,4,1062,DEL_CUTOFF,1
6,7,0,1063,PUSH,1,bchdgalefpoijnkm,-4,4,-1,1
6,7,1,1063,PUSH,4,bchdjfgeaplinkom,-4,4,1
6,7,2,1063,DEL_EXPLORED,-1
6,7,4,1063,DEL_CUTOFF,4
6,7,0,1064,PUSH,1,bchdglaefpoijnkm,-4,4,-1,1
6,7,1,1064,PUSH,1,bchdjfgepalinkom,-4,4,-1,1
6,7,2,1064,PUSH,-4,bchdfglejkpanomi,-4,4,-1
6,7,4,1064,DEL_EXPLORED,-4
6,7,0,1065,DEL_CUTOFF,1
6,7,1,1065,PUSH,1,bchdjfgeplainkom,-4,4,-1,1
6,7,2,1065,PUSH,-1,bchdfglejkapnomi,-4,4,-1,1
6,7,4,1065,POP,4,fbchagldjpienkom
6,7,0,1066,DEL_EXPLORED,-1
6,7,1,1066,PUSH,1,bchdjfgepliankom,-4,4,-1
6,7,2,1066,DEL_EXPLORED,1
6,7,4,1066,POP,-1,abchfgldjpienkom
6,7,0,1067,DEL_CUTOFF,4
6,7,1,1067,DEL_EXPLORED,-1
6,7,2,1067,PUSH,-1,bchdfglejakpnomi,-4,4,-1,1
6,7,4,1067,PUSH,4,bgchfaldjpienkom,-4,4,-1,1
6,7,0,1068,DEL_CUTOFF,-4
6,7,1,1068,DEL_CUTOFF,4
6,7,2,1068,DEL_EXPLORED,1
6,7,4,1068,PUSH,1,bgchfladjpienkom,-4,4,-1,1
6,7,0,1069,POP,1,bchdglaefpoijnkm
6,7,1,1069,DEL_CUTOFF,-4
6,7,2,1069,DEL_CUTOFF,-1
6,7,4,1069,DEL_CUTOFF,1
6,7,0,1070,DEL_EXPLORED,-1
6,7,1,1070,POP,1,bchdjfgepliankom
6,7,2,1070,DEL_CUTOFF,4
6,7,4,1070,DEL_EXPLORED,-1
6,7,0,1071,PUSH,4,bchdgplefaoijnkm,-4,4,-1,1
6,7,1,1071,DEL_EXPLORED,-1
6,7,2,1071,DEL_CUTOFF,-4
6,7,4,1071,DEL_CUTOFF,4
6,7,0,1072,DEL_CUTOFF,1
6,7,1,1072,PUSH,4,bchdjfgeploinkam,-4,-1,1
6,7,2,1072,POP,-1,bchdfglejakpnomi
6,7,4,1072,DEL_CUTOFF,-4
6,7,0,1073,DEL_CUTOFF,-1
6,7,1,1073,DEL_CUTOFF,1
6,7,2,1073,PUSH,4,bchdfglejkmpnoai,-4,-1,1
6,7,4,1073,POP,1,bgchfladjpienkom
6,7,0,1074,DEL_CUTOFF,4
6,7,1,1074,DEL_CUTOFF,-1
6,7,2,1074,DEL_CUTOFF,1
6,7,4,1074,PUSH,-1,bgchafldjpienkom,-4,4,1
6,7,0,1075,DEL_EXPLORED,-4
6,7,1,1075,DEL_EXPLORED,-4
6,7,2,1075,DEL_CUTOFF,-1
6,7,4,1075,DEL_EXPLORED,1
6,7,0,1076,POP,4,bchdgplefaoijnkm
6,7,1,1076,POP,4,bchdjfgeploinkam
6,7,2,1076,DEL_EXPLORED,-4
6,7,4,1076,DEL_CUTOFF,4
6,7,0,1077,PUSH,-4,bahdgclefpoijnkm,4,-1,1
6,7,1,1077,PUSH,-4,bchdjfaeplginkom,-4,4,-1,1
6,7,2,1077,POP,4,bchdfglejkmpnoai
6,7,4,1077,DEL_CUTOFF,-4
6,7,0,1078,DEL_CUTOFF,1
6,7,1,1078,DEL_CUTOFF,1
6,7,2,1078,PUSH,-4,bchdfgaejklpnomi,-4,4,-1,1
6,7,4,1078,POP,-1,bgchafldjpienkom
6,7,0,1079,DEL_CUTOFF,-1
6,7,1,1079,DEL_CUTOFF,-1
6,7,2,1079,DEL_CUTOFF,1
6,7,4,1079,PUSH,4,bgchfpldjaienkom,-4,4,-1,1
6,7,0,1080,DEL_EXPLORED,4
6,7,1,1080,DEL_EXPLORED,4
6,7,2,1080,DEL_CUTOFF,-1
6,7,4,1080,DEL_CUTOFF,1
6,7,0,1081,POP,-4,bahdgclefpoijnkm
6,7,1,1081,DEL_CUTOFF,-4
6,7,2,1081,DEL_EXPLORED,4
6,7,4,1081,DEL_CUTOFF,-1
6,7,0,1082,POP,1,bchdgalefpoijnkm
6,7,1,1082,POP,-4,bchdjfaeplginkom
6,7,2,1082,DEL_CUTOFF,-4
6,7,4,1082,DEL_CUTOFF,4
6,7,0,1083,DEL_EXPLORED,4
6,7,1,1083,POP,1,bchdjfgeplainkom
6,7,2,1083,POP,-4,bchdfgaejklpnomi
6,7,4,1083,DEL_EXPLORED,-4
6,7,0,1084,PUSH,-4,achdbglefpoijnkm,4,1
6,7,1,1084,DEL_EXPLORED,-1
6,7,2,1084,POP,-1,bchdfglejkapnomi
6,7,4,1084,POP,4,bgchfpldjaienkom
6,7,0,1085,PUSH,1,cahdbglefpoijnkm,4,-1,1
6,7,1,1085,PUSH,4,bchdjfgepklinaom,-4,-1,1
6,7,2,1085,DEL_EXPLORED,4
6,7,4,1085,DEL_EXPLORED,-4
6,7,0,1086,DEL_CUTOFF,1
6,7,1,1086,PUSH,1,bchdjfgepklinoam,-4,-1,1
6,7,2,1086,PUSH,-4,bchdfglajkpenomi,-4,4,-1
6,7,4,1086,POP,4,bgchfaldjpienkom
6,7,0,1087,DEL_EXPLORED,-1
6,7,1,1087,DEL_CUTOFF,1
6,7,2,1087,PUSH,-1,bchdfgaljkpenomi,-4,4,-1,1
6,7,4,1087,POP,-1,bachfgldjpienkom
6,7,0,1088,DEL_CUTOFF,4
6,7,1,1088,DEL_EXPLORED,-1
6,7,2,1088,DEL_EXPLORED,1
6,7,4,1088,PUSH,4,bclhfgadjpienkom,-4,4,-1,1
6,7,0,1089,POP,1,cahdbglefpoijnkm
6,7,1,1089,DEL_CUTOFF,-4
6,7,2,1089,DEL_CUTOFF,-1
6,7,4,1089,PUSH,1,bclhfgdajpienkom,-4,4,-1
6,7,0,1090,DEL_EXPLORED,4
6,7,1,1090,POP,1,bchdjfgepklinoam
6,7,2,1090,DEL_CUTOFF,4
6,7,4,1090,DEL_EXPLORED,-1
6,7,0,1091,POP,-4,achdbglefpoijnkm
6,7,1,1091,PUSH,-1,bchdjfgepklianom,-4,1
6,7,2,1091,DEL_CUTOFF,-4
6,7,4,1091,PUSH,4,bclhfgdejpiankom,-4,4,-1
6,7,0,1092,POP,-4,bchdaglefpoijnkm
6,7,1,1092,DEL_EXPLORED,1
6,7,2,1092,POP,-1,bchdfgaljkpenomi
6,7,4,1092,DEL_CUTOFF,-1
6,7,0,1093,POP,-4,bchdfgleapoijnkm
6,7,1,1093,DEL_CUTOFF,-4
6,7,2,1093,DEL_EXPLORED,4
6,7,4,1093,DEL_CUTOFF,4
6,7,0,1094,POP,-1,bchdfglejpoiankm
6,7,1,1094,POP,-1,bchdjfgepklianom
6,7,2,1094,PUSH,-4,bchafgldjkpenomi,4,-1
6,7,4,1094,DEL_EXPLORED,-4
6,7,0,1095,PUSH,-4,bchdfglejaoinpkm,-4,4,-1,1
6,7,1,1095,DEL_EXPLORED,-4
6,7,2,1095,DEL_CUTOFF,-1
6,7,4,1095,POP,4,bclhfgdejpiankom
6,7,0,1096,PUSH,1,bchdfglejoainpkm,-4,4,-1,1
6,7,1,1096,POP,4,bchdjfgepklinaom
6,7,2,1096,DEL_EXPLORED,4
6,7,4,1096,PUSH,-4,bclafgdhjpienkom,4,-1
6,7,0,1097,PUSH,1,bchdfglejoianpkm,-4,4,-1
6,7,1,1097,PUSH,-4,bchdjagepflinkom,-4,4,-1,1
6,7,2,1097,POP,-4,bchafgldjkpenomi
6,7,4,1097,DEL_CUTOFF,-1
6,7,0,1098,DEL_EXPLORED,-1
6,7,1,1098,PUSH,1,bchdjgaepflinkom,-4,4,-1,1
6,7,2,1098,POP,-4,bchdfglajkpenomi
6,7,4,1098,DEL_EXPLORED,4
6,7,0,1099,PUSH,4,bchdfglejoimnpka,-4,-1
6,7,1,1099,DEL_CUTOFF,1
6,7,2,1099,POP,-4,bchdfglejkpanomi
6,7,4,1099,POP,-4,bclafgdhjpienkom
6,7,0,1100,PUSH,-1,bchdfglejoimnpak,-4,-1,1
6,7,1,1100,DEL_EXPLORED,-1
6,7,2,1100,POP,1,bchdfglejkpinoma
6,7,4,1100,POP,1,bclhfgdajpienkom
6,7,0,1101,DEL_EXPLORED,1
6,7,1,1101,DEL_CUTOFF,4
6,7,2,1101,DEL_EXPLORED,-1
6,7,4,1101,PUSH,-1,bclhfagdjpienkom,-4,4,-1,1
6,7,0,1102,DEL_CUTOFF,-1
6,7,1,1102,DEL_CUTOFF,-4
6,7,2,1102,PUSH,-4,bchdfglejkainopm,-4,4,-1,1
6,7,4,1102,DEL_EXPLORED,1
6,7,0,1103,DEL_CUTOFF,-4
6,7,1,1103,POP,1,bchdjgaepflinkom
6,7,2,1103,PUSH,1,bchdfglejkianopm,-4,4,-1
6,7,4,1103,PUSH,-1,bclhafgdjpienkom,-4,4,1
6,7,0,1104,POP,-1,bchdfglejoimnpak
6,7,1,1104,PUSH,-1,bchdajgepflinkom,-4,4,1
6,7,2,1104,DEL_EXPLORED,-1
6,7,4,1104,DEL_EXPLORED,1
6,7,0,1105,DEL_EXPLORED,-4
6,7,1,1105,DEL_EXPLORED,1
6,7,2,1105,PUSH,4,bchdfglejkimnopa,-4,-1
6,7,4,1105,DEL_CUTOFF,4
6,7,0,1106,POP,4,bchdfglejoimnpka
6,7,1,1106,DEL_CUTOFF,4
6,7,2,1106,PUSH,-1,bchdfglejkimnoap,-4,-1,1
6,7,4,1106,DEL_CUTOFF,-4
6,7,0,1107,PUSH,-4,bchdfglajoienpkm,-4,4,-1
6,7,1,1107,DEL_CUTOFF,-4
6,7,2,1107,DEL_EXPLORED,1
6,7,4,1107,POP,-1,bclhafgdjpienkom
6,7,0,1108,PUSH,-1,bchdfgaljoienpkm,-4,4,-1,1
6,7,1,1108,POP,-1,bchdajgepflinkom
6,7,2,1108,DEL_CUTOFF,-1
6,7,4,1108,PUSH,4,bclhfpgdjaienkom,-4,4,-1,1
6,7,0,1109,DEL_EXPLORED,1
6,7,1,1109,DEL_EXPLORED,4
6,7,2,1109,DEL_CUTOFF,-4
6,7,4,1109,DEL_CUTOFF,1
6,7,0,1110,DEL_CUTOFF,-1
6,7,1,1110,PUSH,-4,bahdjcgepflinkom,4,-1,1
6,7,2,1110,POP,-1,bchdfglejkimnoap
6,7,4,1110,DEL_CUTOFF,-1
6,7,0,1111,DEL_CUTOFF,4
6,7,1,1111,DEL_CUTOFF,1
6,7,2,1111,DEL_EXPLORED,-4
6,7,4,1111,DEL_CUTOFF,4
6,7,0,1112,DEL_CUTOFF,-4
6,7,1,1112,DEL_CUTOFF,-1
6,7,2,1112,POP,4,bchdfglejkimnopa
6,7,4,1112,DEL_EXPLORED,-4
6,7,0,1113,POP,-1,bchdfgaljoienpkm
6,7,1,1113,DEL_EXPLORED,4
6,7,2,1113,PUSH,-4,bchdfglajkienopm,-4,4,-1
6,7,4,1113,POP,4,bclhfpgdjaienkom
6,7,0,1114,DEL_EXPLORED,4
6,7,1,1114,POP,-4,bahdjcgepflinkom
6,7,2,1114,PUSH,-1,bchdfgaljkienopm,-4,4,-1,1
6,7,4,1114,PUSH,-4,balhfcgdjpienkom,4,-1,1
6,7,0,1115,PUSH,-4,bchafgldjoienpkm,4,-1
6,7,1,1115,POP,-4,bchdjagepflinkom
6,7,2,1115,DEL_EXPLORED,1
6,7,4,1115,DEL_CUTOFF,1
6,7,0,1116,DEL_CUTOFF,-1
6,7,1,1116,POP,1,bchdjfgepalinkom
6,7,2,1116,DEL_CUTOFF,-1
6,7,4,1116,DEL_CUTOFF,-1
6,7,0,1117,DEL_EXPLORED,4
6,7,1,1117,PUSH,4,bchdjfgenpliakom,-4,1
6,7,2,1117,DEL_CUTOFF,4
6,7,4,1117,DEL_EXPLORED,4
6,7,0,1118,POP,-4,bchafgldjoienpkm
6,7,1,1118,PUSH,1,bchdjfgenplikaom,-4,-1,1
6,7,2,1118,DEL_CUTOFF,-4
6,7,4,1118,POP,-4,balhfcgdjpienkom
6,7,0,1119,POP,-4,bchdfglajoienpkm
6,7,1,1119,PUSH,1,bchdjfgenplikoam,-4,-1,1
6,7,2,1119,POP,-1,bchdfgaljkienopm
6,7,4,1119,POP,-1,bclhfagdjpienkom
6,7,0,1120,POP,1,bchdfglejoianpkm
6,7,1,1120,DEL_CUTOFF,1
6,7,2,1120,DEL_EXPLORED,4
6,7,4,1120,PUSH,4,bclhfgidjpaenkom,-4,4,-1,1
6,7,0,1121,DEL_EXPLORED,-1
6,7,1,1121,DEL_EXPLORED,-1
6,7,2,1121,PUSH,-4,bchafgldjkienopm,4,-1
6,7,4,1121,PUSH,1,bclhfgidjpeankom,-4,4,-1
6,7,0,1122,PUSH,4,bchdfglejokinpam,-4,-1,1
6,7,1,1122,DEL_CUTOFF,-4
6,7,2,1122,DEL_CUTOFF,-1
6,7,4,1122,DEL_EXPLORED,-1
6,7,0,1123,PUSH,1,bchdfglejokinpma,-4,-1
6,7,1,1123,POP,1,bchdjfgenplikoam
6,7,2,1123,DEL_EXPLORED,4
6,7,4,1123,DEL_CUTOFF,4
6,7,0,1124,DEL_EXPLORED,-1
6,7,1,1124,DEL_EXPLORED,-1
6,7,2,1124,POP,-4,bchafgldjkienopm
6,7,4,1124,DEL_CUTOFF,-4
6,7,0,1125,PUSH,-4,bchdfglejokanpmi,-4,4,-1
6,7,1,1125,PUSH,-4,bchdjfgenalikpom,-4,4,-1,1
6,7,2,1125,POP,-4,bchdfglajkienopm
6,7,4,1125,POP,1,bclhfgidjpeankom
6,7,0,1126,DEL_CUTOFF,-1
6,7,1,1126,DEL_CUTOFF,1
6,7,2,1126,POP,1,bchdfglejkianopm
6,7,4,1126,PUSH,-1,bclhfgidjapenkom,-4,4,-1,1
6,7,0,1127,DEL_EXPLORED,4
6,7,1,1127,DEL_CUTOFF,-1
6,7,2,1127,PUSH,-1,bchdfglejakinopm,-4,4,-1,1
6,7,4,1127,DEL_EXPLORED,1
6,7,0,1128,DEL_CUTOFF,-4
6,7,1,1128,DEL_EXPLORED,4
6,7,2,1128,DEL_EXPLORED,1
6,7,4,1128,DEL_CUTOFF,-1
6,7,0,1129,POP,-4,bchdfglejokanpmi
6,7,1,1129,DEL_CUTOFF,-4
6,7,2,1129,PUSH,-1,bchdfgleajkinopm,-4,4,1
6,7,4,1129,DEL_CUTOFF,4
6,7,0,1130,POP,1,bchdfglejokinpma
6,7,1,1130,POP,-4,bchdjfgenalikpom
6,7,2,1130,DEL_EXPLORED,1
6,7,4,1130,DEL_CUTOFF,-4
6,7,0,1131,PUSH,-1,bchdfglejokinapm,-4,-1,1
6,7,1,1131,POP,1,bchdjfgenplikaom
6,7,2,1131,PUSH,4,bchdfglenjkiaopm,-4,1
6,7,4,1131,POP,-1,bclhfgidjapenkom
6,7,0,1132,DEL_EXPLORED,1
6,7,1,1132,DEL_EXPLORED,-4
6,7,2,1132,DEL_CUTOFF,1
6,7,4,1132,PUSH,4,bclhfgidjpoenkam,-4,-1,1
6,7,0,1133,PUSH,-1,bchdfglejokianpm,-4,1
6,7,1,1133,POP,4,bchdjfgenpliakom
6,7,2,1133,DEL_EXPLORED,-4
6,7,4,1133,DEL_CUTOFF,1
6,7,0,1134,DEL_EXPLORED,1
6,7,1,1134,DEL_EXPLORED,-4
6,7,2,1134,POP,4,bchdfglenjkiaopm
6,7,4,1134,DEL_CUTOFF,-1
6,7,0,1135,DEL_CUTOFF,-4
6,7,1,1135,POP,4,bchdjfgeaplinkom
6,7,2,1135,PUSH,-4,bchdaglefjkinopm,-4,4,1
6,7,4,1135,DEL_EXPLORED,-4
6,7,0,1136,POP,-1,bchdfglejokianpm
6,7,1,1136,PUSH,-4,achdbfgejplinkom,4,1
6,7,2,1136,DEL_CUTOFF,1
6,7,4,1136,POP,4,bclhfgidjpoenkam
6,7,0,1137,PUSH,-4,bchdfglejakinopm,-4,4,-1,1
6,7,1,1137,PUSH,1,cahdbfgejplinkom,4,-1,1
6,7,2,1137,DEL_EXPLORED,4
6,7,4,1137,DEL_EXPLORED,-4
6,7,0,1138,DEL_CUTOFF,1
6,7,1,1138,PUSH,1,chadbfgejplinkom,4,-1,1
6,7,2,1138,DEL_CUTOFF,-4
6,7,4,1138,POP,4,bclhfgidjpaenkom
6,7,0,1139,DEL_CUTOFF,-1
6,7,1,1139,PUSH,1,chdabfgejplinkom,4,-1
6,7,2,1139,POP,-4,bchdaglefjkinopm
6,7,4,1139,DEL_EXPLORED,-4
6,7,0,1140,DEL_EXPLORED,4
6,7,1,1140,DEL_EXPLORED,-1
6,7,2,1140,POP,-1,bchdfgleajkinopm
6,7,4,1140,POP,4,bclhfgadjpienkom
6,7,0,1141,DEL_CUTOFF,-4
6,7,1,1141,DEL_CUTOFF,4
6,7,2,1141,PUSH,4,bchdfglejokinapm,-4,-1,1
6,7,4,1141,POP,-1,bcahfgldjpienkom
6,7,0,1142,POP,-4,bchdfglejakinopm
6,7,1,1142,POP,1,chdabfgejplinkom
6,7,2,1142,PUSH,1,bchdfglejokinpam,-4,-1,1
6,7,4,1142,DEL_EXPLORED,4
6,7,0,1143,POP,-1,bchdfglejokinapm
6,7,1,1143,DEL_EXPLORED,-1
6,7,2,1143,DEL_CUTOFF,1
6,7,4,1143,POP,-4,bchafgldjpienkom
6,7,0,1144,DEL_EXPLORED,-4
6,7,1,1144,PUSH,4,chgdbfaejplinkom,-4,4,-1,1
6,7,2,1144,DEL_EXPLORED,-1
6,7,4,1144,POP,-4,bchdfglajpienkom
6,7,0,1145,POP,4,bchdfglejokinpam
6,7,1,1145,DEL_CUTOFF,1
6,7,2,1145,DEL_CUTOFF,-4
6,7,4,1145,POP,1,bchdfglejpiankom
6,7,0,1146,PUSH,-4,bchdfgaejolinpkm,-4,4,-1,1
6,7,1,1146,DEL_CUTOFF,-1
6,7,2,1146,POP,1,bchdfglejokinpam
6,7,4,1146,POP,0,bchdfglejpainkom
6,7,0,1147,PUSH,1,bchdfgeajolinpkm,-4,4,-1
6,7,1,1147,DEL_CUTOFF,4
6,7,2,1147,PUSH,-1,bchdfglejokianpm,-4,1
6,7,0,1148,DEL_EXPLORED,-1
6,7,1,1148,DEL_EXPLORED,-4
6,7,2,1148,DEL_EXPLORED,1
6,7,0,1149,PUSH,4,bchdfgeijolanpkm,-4,4,-1
6,7,1,1149,POP,4,chgdbfaejplinkom
6,7,2,1149,DEL_CUTOFF,-4
6,7,0,1150,DEL_CUTOFF,-1
6,7,1,1150,POP,1,chadbfgejplinkom
6,7,2,1150,POP,-1,bchdfglejokianpm
6,7,0,1151,DEL_CUTOFF,4
6,7,1,1151,DEL_EXPLORED,-1
6,7,2,1151,DEL_EXPLORED,-4
6,7,0,1152,DEL_EXPLORED,-4
6,7,1,1152,PUSH,4,cfhdbagejplinkom,-4,4,-1,1
6,7,2,1152,POP,4,bchdfglejokinapm
6,7,0,1153,POP,4,bchdfgeijolanpkm
6,7,1,1153,PUSH,1,cfhdbgaejplinkom,-4,4,-1,1
6,7,2,1153,PUSH,-4,bchdfalejgkinopm,-4,4,-1,1
6,7,0,1154,PUSH,-4,bchafgedjolinpkm,4,-1
6,7,1,1154,DEL_CUTOFF,1
6,7,2,1154,PUSH,1,bchdflaejgkinopm,-4,4,-1,1
6,7,0,1155,DEL_CUTOFF,-1
6,7,1,1155,DEL_EXPLORED,-1
6,7,2,1155,DEL_CUTOFF,1
6,7,0,1156,DEL_EXPLORED,4
6,7,1,1156,DEL_CUTOFF,4
6,7,2,1156,DEL_EXPLORED,-1
6,7,0,1157,POP,-4,bchafgedjolinpkm
6,7,1,1157,DEL_CUTOFF,-4
6,7,2,1157,DEL_CUTOFF,4
6,7,0,1158,POP,1,bchdfgeajolinpkm
6,7,1,1158,POP,1,cfhdbgaejplinkom
6,7,2,1158,DEL_CUTOFF,-4
6,7,0,1159,PUSH,-1,bchdfagejolinpkm,-4,4,-1,1
6,7,1,1159,PUSH,-1,cfhdabgejplinkom,-4,4,1
6,7,2,1159,POP,1,bchdflaejgkinopm
6,7,0,1160,DEL_EXPLORED,1
6,7,1,1160,DEL_EXPLORED,1
6,7,2,1160,PUSH,-1,bchdaflejgkinopm,-4,4,1
6,7,0,1161,PUSH,-1,bchdafgejolinpkm,-4,4,1
6,7,1,1161,DEL_CUTOFF,4
6,7,2,1161,DEL_EXPLORED,1
6,7,0,1162,DEL_EXPLORED,1
6,7,1,1162,DEL_CUTOFF,-4
6,7,2,1162,DEL_CUTOFF,4
6,7,0,1163,DEL_CUTOFF,4
6,7,1,1163,POP,-1,cfhdabgejplinkom
6,7,2,1163,DEL_CUTOFF,-4
6,7,0,1164,DEL_CUTOFF,-4
6,7,1,1164,PUSH,4,cfhdbpgejalinkom,-4,4,-1,1
6,7,2,1164,POP,-1,bchdaflejgkinopm
6,7,0,1165,POP,-1,bchdafgejolinpkm
6,7,1,1165,DEL_CUTOFF,1
6,7,2,1165,DEL_EXPLORED,4
6,7,0,1166,PUSH,4,bchdfogejalinpkm,-4,4,-1,1
6,7,1,1166,DEL_CUTOFF,-1
6,7,2,1166,PUSH,-4,bahdfclejgkinopm,4,-1,1
6,7,0,1167,DEL_CUTOFF,1
6,7,1,1167,DEL_CUTOFF,4
6,7,2,1167,DEL_CUTOFF,1
6,7,0,1168,DEL_CUTOFF,-1
6,7,1,1168,DEL_EXPLORED,-4
6,7,2,1168,DEL_CUTOFF,-1
6,7,0,1169,DEL_CUTOFF,4
6,7,1,1169,POP,4,cfhdbpgejalinkom
6,7,2,1169,DEL_EXPLORED,4
6,7,0,1170,DEL_EXPLORED,-4
6,7,1,1170,DEL_EXPLORED,-4
6,7,2,1170,POP,-4,bahdfclejgkinopm
6,7,0,1171,POP,4,bchdfogejalinpkm
6,7,1,1171,POP,4,cfhdbagejplinkom
6,7,2,1171,POP,-4,bchdfalejgkinopm
6,7,0,1172,PUSH,-4,bahdfcgejolinpkm,4,-1,1
6,7,1,1172,POP,1,cahdbfgejplinkom
6,7,2,1172,POP,-1,bchdfglejakinopm
6,7,0,1173,DEL_CUTOFF,1
6,7,1,1173,DEL_EXPLORED,4
6,7,2,1173,DEL_EXPLORED,4
6,7,0,1174,DEL_CUTOFF,-1
6,7,1,1174,POP,-4,achdbfgejplinkom
6,7,2,1174,PUSH,-4,bchdfgaejklinopm,-4,4,-1,1
6,7,0,1175,DEL_EXPLORED,4
6,7,1,1175,POP,-1,bchdafgejplinkom
6,7,2,1175,PUSH,1,bchdfgeajklinopm,-4,4,-1
6,7,0,1176,POP,-4,bahdfcgejolinpkm
6,7,1,1176,PUSH,4,bchdfpgejalinkom,-4,4,-1,1
6,7,2,1176,DEL_EXPLORED,-1
6,7,0,1177,POP,-1,bchdfagejolinpkm
6,7,1,1177,PUSH,1,bchdfpgejlainkom,-4,4,-1,1
6,7,2,1177,PUSH,4,bchdfgeijklanopm,-4,4,-1
6,7,0,1178,DEL_EXPLORED,4
6,7,1,1178,PUSH,1,bchdfpgejliankom,-4,4,-1
6,7,2,1178,DEL_CUTOFF,-1
6,7,0,1179,PUSH,-4,bcadfghejolinpkm,4,-1,1
6,7,1,1179,DEL_EXPLORED,-1
6,7,2,1179,DEL_CUTOFF,4
6,7,0,1180,PUSH,1,bcdafghejolinpkm,4,-1
6,7,1,1180,PUSH,4,bchdfpgejlimnkoa,-4,-1
6,7,2,1180,DEL_EXPLORED,-4
6,7,0,1181,DEL_EXPLORED,-1
6,7,1,1181,PUSH,-1,bchdfpgejlimnkao,-4,-1,1
6,7,2,1181,POP,4,bchdfgeijklanopm
6,7,0,1182,DEL_CUTOFF,4
6,7,1,1182,DEL_EXPLORED,1
6,7,2,1182,PUSH,-4,bchafgedjklinopm,4,-1
6,7,0,1183,POP,1,bcdafghejolinpkm
6,7,1,1183,DEL_CUTOFF,-1
6,7,2,1183,DEL_CUTOFF,-1
6,7,0,1184,PUSH,-1,bacdfghejolinpkm,4,-1,1
6,7,1,1184,DEL_CUTOFF,-4
6,7,2,1184,DEL_EXPLORED,4
6,7,0,1185,DEL_EXPLORED,1
6,7,1,1185,POP,-1,bchdfpgejlimnkao
6,7,2,1185,POP,-4,bchafgedjklinopm
6,7,0,1186,DEL_CUTOFF,-1
6,7,1,1186,DEL_EXPLORED,-4
6,7,2,1186,POP,1,bchdfgeajklinopm
6,7,0,1187,DEL_CUTOFF,4
6,7,1,1187,POP,4,bchdfpgejlimnkoa
6,7,2,1187,PUSH,-1,bchdfagejklinopm,-4,4,-1,1
6,7,0,1188,POP,-1,bacdfghejolinpkm
6,7,1,1188,PUSH,-4,bchdfpgajlienkom,-4,4,-1
6,7,2,1188,DEL_EXPLORED,1
6,7,0,1189,DEL_EXPLORED,4
6,7,1,1189,PUSH,-1,bchdfpagjlienkom,-4,4,-1,1
6,7,2,1189,PUSH,-1,bchdafgejklinopm,-4,4,1
6,7,0,1190,POP,-4,bcadfghejolinpkm
6,7,1,1190,DEL_EXPLORED,1
6,7,2,1190,DEL_EXPLORED,1
6,7,0,1191,POP,-4,bchdfgaejolinpkm
6,7,1,1191,DEL_CUTOFF,-1
6,7,2,1191,DEL_CUTOFF,4
6,7,0,1192,POP,1,bchdfglejoainpkm
6,7,1,1192,DEL_CUTOFF,4
6,7,2,1192,DEL_CUTOFF,-4
6,7,0,1193,PUSH,-1,bchdfgleajoinpkm,-4,4,1
6,7,1,1193,DEL_CUTOFF,-4
6,7,2,1193,POP,-1,bchdafgejklinopm
6,7,0,1194,DEL_EXPLORED,1
6,7,1,1194,POP,-1,bchdfpagjlienkom
6,7,2,1194,PUSH,4,bchdfkgejalinopm,-4,4,-1,1
6,7,0,1195,PUSH,4,bchdfglenjoiapkm,-4,1
6,7,1,1195,DEL_EXPLORED,4
6,7,2,1195,DEL_CUTOFF,1
6,7,0,1196,PUSH,1,bchdfglenjoipakm,-4,-1,1
6,7,1,1196,PUSH,-4,bchafpgdjlienkom,4,-1
6,7,2,1196,DEL_CUTOFF,-1
6,7,0,1197,PUSH,1,bchdfglenjoipkam,-4,-1,1
6,7,1,1197,DEL_CUTOFF,-1
6,7,2,1197,DEL_CUTOFF,4
6,7,0,1198,DEL_CUTOFF,1
6,7,1,1198,DEL_EXPLORED,4
6,7,2,1198,DEL_EXPLORED,-4
6,7,0,1199,DEL_EXPLORED,-1
6,7,1,1199,POP,-4,bchafpgdjlienkom
6,7,2,1199,POP,4,bchdfkgejalinopm
6,7,0,1200,DEL_CUTOFF,-4
6,7,1,1200,POP,-4,bchdfpgajlienkom
6,7,2,1200,PUSH,-4,bahdfcgejklinopm,4,-1,1
6,7,0,1201,POP,1,bchdfglenjoipkam
6,7,1,1201,POP,1,bchdfpgejliankom
6,7,2,1201,DEL_CUTOFF,1
6,7,0,1202,DEL_EXPLORED,-1
6,7,1,1202,DEL_EXPLORED,-1
6,7,2,1202,DEL_CUTOFF,-1
6,7,0,1203,PUSH,-4,bchdfglenaoipjkm,-4,4,-1,1
6,7,1,1203,PUSH,4,bchdfpgejloinkam,-4,-1,1
6,7,2,1203,DEL_EXPLORED,4
6,7,0,1204,DEL_CUTOFF,1
6,7,1,1204,PUSH,1,bchdfpgejloinkma,-4,-1
6,7,2,1204,POP,-4,bahdfcgejklinopm
6,7,0,1205,DEL_CUTOFF,-1
6,7,1,1205,DEL_EXPLORED,-1
6,7,2,1205,POP,-1,bchdfagejklinopm
6,7,0,1206,DEL_EXPLORED,4
6,7,1,1206,PUSH,-4,bchdfpgejloankmi,-4,4,-1
6,7,2,1206,DEL_EXPLORED,4
6,7,0,1207,DEL_CUTOFF,-4
6,7,1,1207,DEL_CUTOFF,-1
6,7,2,1207,PUSH,-4,bcadfghejklinopm,4,-1,1
6,7,0,1208,POP,-4,bchdfglenaoipjkm
6,7,1,1208,DEL_EXPLORED,4
6,7,2,1208,PUSH,1,bcdafghejklinopm,4,-1
6,7,0,1209,POP,1,bchdfglenjoipakm
6,7,1,1209,DEL_CUTOFF,-4
6,7,2,1209,DEL_EXPLORED,-1
6,7,0,1210,DEL_EXPLORED,-4
6,7,1,1210,POP,-4,bchdfpgejloankmi
6,7,2,1210,DEL_CUTOFF,4
6,7,0,1211,POP,4,bchdfglenjoiapkm
6,7,1,1211,POP,1,bchdfpgejloinkma
6,7,2,1211,POP,1,bcdafghejklinopm
6,7,0,1212,PUSH,-4,bchdaglefjoinpkm,-4,4,1
6,7,1,1212,PUSH,-1,bchdfpgejloinakm,-4,-1,1
6,7,2,1212,PUSH,-1,bacdfghejklinopm,4,-1,1
6,7,0,1213,PUSH,1,bchdgalefjoinpkm,-4,4,-1,1
6,7,1,1213,DEL_EXPLORED,1
6,7,2,1213,DEL_EXPLORED,1
6,7,0,1214,PUSH,1,bchdglaefjoinpkm,-4,4,-1,1
6,7,1,1214,PUSH,-1,bchdfpgejloiankm,-4,1
6,7,2,1214,DEL_CUTOFF,-1
6,7,0,1215,DEL_CUTOFF,1
6,7,1,1215,DEL_EXPLORED,1
6,7,2,1215,DEL_CUTOFF,4
6,7,0,1216,DEL_EXPLORED,-1
6,7,1,1216,DEL_CUTOFF,-4
6,7,2,1216,POP,-1,bacdfghejklinopm
6,7,0,1217,DEL_CUTOFF,4
6,7,1,1217,POP,-1,bchdfpgejloiankm
6,7,2,1217,DEL_EXPLORED,4
6,7,0,1218,DEL_CUTOFF,-4
6,7,1,1218,PUSH,-4,bchdfpgejaoinlkm,-4,4,-1,1
6,7,2,1218,POP,-4,bcadfghejklinopm
6,7,0,1219,POP,1,bchdglaefjoinpkm
6,7,1,1219,DEL_CUTOFF,1
6,7,2,1219,POP,-4,bchdfgaejklinopm
6,7,0,1220,DEL_EXPLORED,-1
6,7,1,1220,DEL_CUTOFF,-1
6,7,2,1220,POP,-4,bchdfglejkainopm
6,7,0,1221,PUSH,4,bchdgjlefaoinpkm,-4,4,-1,1
6,7,1,1221,DEL_EXPLORED,4
6,7,2,1221,POP,1,bchdfglejkpinoam
6,7,0,1222,DEL_CUTOFF,1
6,7,1,1222,DEL_CUTOFF,-4
6,7,2,1222,PUSH,-1,bchdfglejkpianom,-4,1
6,7,0,1223,DEL_CUTOFF,-1
6,7,1,1223,POP,-4,bchdfpgejaoinlkm
6,7,2,1223,DEL_EXPLORED,1
6,7,0,1224,DEL_CUTOFF,4
6,7,1,1224,POP,-1,bchdfpgejloinakm
6,7,2,1224,PUSH,-4,bchdfgleakpijnom,-4,4,1
6,7,0,1225,DEL_EXPLORED,-4
6,7,1,1225,DEL_EXPLORED,-4
6,7,2,1225,PUSH,1,bchdfglekapijnom,-4,4,-1,1
6,7,0,1226,POP,4,bchdgjlefaoinpkm
6,7,1,1226,POP,4,bchdfpgejloinkam
6,7,2,1226,PUSH,1,bchdfglekpaijnom,-4,4,-1,1
6,7,0,1227,PUSH,-4,bahdgclefjoinpkm,4,-1,1
6,7,1,1227,PUSH,-4,bchdfpaejlginkom,-4,4,-1,1
6,7,2,1227,PUSH,1,bchdfglekpiajnom,-4,4,-1
6,7,0,1228,DEL_CUTOFF,1
6,7,1,1228,PUSH,1,bchdfpeajlginkom,-4,4,-1
6,7,2,1228,DEL_EXPLORED,-1
6,7,0,1229,DEL_CUTOFF,-1
6,7,1,1229,DEL_EXPLORED,-1
6,7,2,1229,DEL_CUTOFF,4
6,7,0,1230,DEL_EXPLORED,4
6,7,1,1230,PUSH,4,bchdfpeijlgankom,-4,4,-1
6,7,2,1230,DEL_CUTOFF,-4
6,7,0,1231,POP,-4,bahdgclefjoinpkm
6,7,1,1231,DEL_CUTOFF,-1
6,7,2,1231,POP,1,bchdfglekpiajnom
6,7,0,1232,POP,1,bchdgalefjoinpkm
6,7,1,1232,DEL_CUTOFF,4
6,7,2,1232,DEL_EXPLORED,-1
6,7,0,1233,DEL_EXPLORED,4
6,7,1,1233,DEL_EXPLORED,-4
6,7,2,1233,PUSH,4,bchdfglekpoijnam,-4,-1,1
6,7,0,1234,PUSH,-4,achdbglefjoinpkm,4,1
6,7,1,1234,POP,4,bchdfpeijlgankom
6,7,2,1234,DEL_CUTOFF,1
6,7,0,1235,PUSH,1,cahdbglefjoinpkm,4,-1,1
6,7,1,1235,PUSH,-4,bchafpedjlginkom,4,-1
6,7,2,1235,DEL_CUTOFF,-1
6,7,0,1236,DEL_CUTOFF,1
6,7,1,1236,DEL_CUTOFF,-1
6,7,2,1236,DEL_EXPLORED,-4
6,7,0,1237,DEL_EXPLORED,-1
6,7,1,1237,DEL_EXPLORED,4
6,7,2,1237,POP,4,bchdfglekpoijnam
6,7,0,1238,DEL_CUTOFF,4
6,7,1,1238,POP,-4,bchafpedjlginkom
6,7,2,1238,PUSH,-4,bchdfgaekplijnom,-4,4,-1,1
6,7,0,1239,POP,1,cahdbglefjoinpkm
6,7,1,1239,POP,1,bchdfpeajlginkom
6,7,2,1239,DEL_CUTOFF,1
6,7,0,1240,DEL_EXPLORED,4
6,7,1,1240,PUSH,-1,bchdfapejlginkom,-4,4,-1,1
6,7,2,1240,DEL_CUTOFF,-1
6,7,0,1241,POP,-4,achdbglefjoinpkm
6,7,1,1241,DEL_EXPLORED,1
6,7,2,1241,DEL_EXPLORED,4
6,7,0,1242,POP,-4,bchdaglefjoinpkm
6,7,1,1242,PUSH,-1,bchdafpejlginkom,-4,4,1
6,7,2,1242,DEL_CUTOFF,-4
6,7,0,1243,POP,-1,bchdfgleajoinpkm
6,7,1,1243,DEL_EXPLORED,1
6,7,2,1243,POP,-4,bchdfgaekplijnom
6,7,0,1244,DEL_EXPLORED,4
6,7,1,1244,DEL_CUTOFF,4
6,7,2,1244,POP,1,bchdfglekpaijnom
6,7,0,1245,PUSH,-4,bchdfalejgoinpkm,-4,4,-1,1
6,7,1,1245,DEL_CUTOFF,-4
6,7,2,1245,DEL_EXPLORED,-1
6,7,0,1246,PUSH,1,bchdflaejgoinpkm,-4,4,-1,1
6,7,1,1246,POP,-1,bchdafpejlginkom
6,7,2,1246,PUSH,4,bchdfgleknpijaom,-4,-1,1
6,7,0,1247,PUSH,1,bchdfleajgoinpkm,-4,4,-1
6,7,1,1247,PUSH,4,bchdflpejaginkom,-4,4,-1,1
6,7,2,1247,PUSH,1,bchdfgleknpijoam,-4,-1,1
6,7,0,1248,DEL_EXPLORED,-1
6,7,1,1248,DEL_CUTOFF,1
6,7,2,1248,DEL_CUTOFF,1
6,7,0,1249,PUSH,4,bchdfleijgoanpkm,-4,4,-1
6,7,1,1249,DEL_CUTOFF,-1
6,7,2,1249,DEL_EXPLORED,-1
6,7,0,1250,DEL_CUTOFF,-1
6,7,1,1250,DEL_CUTOFF,4
6,7,2,1250,DEL_CUTOFF,-4
6,7,0,1251,DEL_CUTOFF,4
6,7,1,1251,DEL_EXPLORED,-4
6,7,2,1251,POP,1,bchdfgleknpijoam
6,7,0,1252,DEL_EXPLORED,-4
6,7,1,1252,POP,4,bchdflpejaginkom
6,7,2,1252,PUSH,-1,bchdfgleknpiajom,-4,1
6,7,0,1253,POP,4,bchdfleijgoanpkm
6,7,1,1253,PUSH,-4,bahdfcpejlginkom,4,-1,1
6,7,2,1253,DEL_EXPLORED,1
6,7,0,1254,PUSH,-4,bchafledjgoinpkm,4,-1
6,7,1,1254,DEL_CUTOFF,1
6,7,2,1254,DEL_CUTOFF,-4
6,7,0,1255,DEL_CUTOFF,-1
6,7,1,1255,DEL_CUTOFF,-1
6,7,2,1255,POP,-1,bchdfgleknpiajom
6,7,0,1256,DEL_EXPLORED,4
6,7,1,1256,DEL_EXPLORED,4
6,7,2,1256,DEL_EXPLORED,-4
6,7,0,1257,POP,-4,bchafledjgoinpkm
6,7,1,1257,POP,-4,bahdfcpejlginkom
6,7,2,1257,POP,4,bchdfgleknpijaom
6,7,0,1258,POP,1,bchdfleajgoinpkm
6,7,1,1258,POP,-1,bchdfapejlginkom
6,7,2,1258,PUSH,-4,bchdfalekgpijnom,-4,4,-1,1
6,7,0,1259,DEL_EXPLORED,-1
6,7,1,1259,DEL_EXPLORED,4
6,7,2,1259,PUSH,1,bchdflaekgpijnom,-4,4,-1,1
6,7,0,1260,PUSH,4,bchdfloejgainpkm,-4,4,-1,1
6,7,1,1260,PUSH,-4,bcadfphejlginkom,4,-1,1
6,7,2,1260,DEL_CUTOFF,1
6,7,0,1261,PUSH,1,bchdfloejgianpkm,-4,4,-1
6,7,1,1261,PUSH,1,bcdafphejlginkom,4,-1
6,7,2,1261,DEL_EXPLORED,-1
6,7,0,1262,DEL_EXPLORED,-1
6,7,1,1262,DEL_EXPLORED,-1
6,7,2,1262,DEL_CUTOFF,4
6,7,0,1263,DEL_CUTOFF,4
6,7,1,1263,DEL_CUTOFF,4
6,7,2,1263,DEL_CUTOFF,-4
6,7,0,1264,DEL_CUTOFF,-4
6,7,1,1264,POP,1,bcdafphejlginkom
6,7,2,1264,POP,1,bchdflaekgpijnom
6,7,0,1265,POP,1,bchdfloejgianpkm
6,7,1,1265,PUSH,-1,bacdfphejlginkom,4,-1,1
6,7,2,1265,PUSH,-1,bchdaflekgpijnom,-4,4,1
6,7,0,1266,PUSH,-1,bchdfloejaginpkm,-4,4,-1,1
6,7,1,1266,DEL_EXPLORED,1
6,7,2,1266,DEL_EXPLORED,1
6,7,0,1267,DEL_EXPLORED,1
6,7,1,1267,DEL_CUTOFF,-1
6,7,2,1267,DEL_CUTOFF,4
6,7,0,1268,DEL_CUTOFF,-1
6,7,1,1268,DEL_CUTOFF,4
6,7,2,1268,DEL_CUTOFF,-4
6,7,0,1269,DEL_CUTOFF,4
6,7,1,1269,POP,-1,bacdfphejlginkom
6,7,2,1269,POP,-1,bchdaflekgpijnom
6,7,0,1270,DEL_CUTOFF,-4
6,7,1,1270,DEL_EXPLORED,4
6,7,2,1270,DEL_EXPLORED,4
6,7,0,1271,POP,-1,bchdfloejaginpkm
6,7,1,1271,POP,-4,bcadfphejlginkom
6,7,2,1271,PUSH,-4,bahdfclekgpijnom,4,-1,1
6,7,0,1272,PUSH,4,bchdfloejgkinpam,-4,-1,1
6,7,1,1272,POP,-4,bchdfpaejlginkom
6,7,2,1272,DEL_CUTOFF,1
6,7,0,1273,DEL_CUTOFF,1
6,7,1,1273,POP,1,bchdfpgejlainkom
6,7,2,1273,DEL_CUTOFF,-1
6,7,0,1274,DEL_CUTOFF,-1
6,7,1,1274,PUSH,-1,bchdfpgeajlinkom,-4,4,1
6,7,2,1274,DEL_EXPLORED,4
6,7,0,1275,DEL_EXPLORED,-4
6,7,1,1275,DEL_EXPLORED,1
6,7,2,1275,POP,-4,bahdfclekgpijnom
6,7,0,1276,POP,4,bchdfloejgkinpam
6,7,1,1276,PUSH,4,bchdfpgenjliakom,-4,1
6,7,2,1276,POP,-4,bchdfalekgpijnom
6,7,0,1277,DEL_EXPLORED,-4
6,7,1,1277,PUSH,1,bchdfpgenjlikaom,-4,-1,1
6,7,2,1277,POP,1,bchdfglekapijnom
6,7,0,1278,POP,4,bchdfloejgainpkm
6,7,1,1278,PUSH,1,bchdfpgenjlikoam,-4,-1,1
6,7,2,1278,DEL_EXPLORED,4
6,7,0,1279,PUSH,-4,bcadflhejgoinpkm,4,-1,1
6,7,1,1279,DEL_CUTOFF,1
6,7,2,1279,PUSH,-4,bchdaglefkpijnom,-4,4,1
6,7,0,1280,PUSH,1,bcdaflhejgoinpkm,4,-1
6,7,1,1280,DEL_EXPLORED,-1
6,7,2,1280,PUSH,1,bchdgalefkpijnom,-4,4,-1,1
6,7,0,1281,DEL_EXPLORED,-1
6,7,1,1281,DEL_CUTOFF,-4
6,7,2,1281,PUSH,1,bchdglaefkpijnom,-4,4,-1,1
6,7,0,1282,DEL_CUTOFF,4
6,7,1,1282,POP,1,bchdfpgenjlikoam
6,7,2,1282,DEL_CUTOFF,1
6,7,0,1283,POP,1,bcdaflhejgoinpkm
6,7,1,1283,DEL_EXPLORED,-1
6,7,2,1283,DEL_EXPLORED,-1
6,7,0,1284,PUSH,-1,bacdflhejgoinpkm,4,-1,1
6,7,1,1284,PUSH,-4,bchdfpgenalikjom,-4,4,-1,1
6,7,2,1284,DEL_CUTOFF,4
6,7,0,1285,DEL_EXPLORED,1
6,7,1,1285,DEL_CUTOFF,1
6,7,2,1285,DEL_CUTOFF,-4
6,7,0,1286,DEL_CUTOFF,-1
6,7,1,1286,DEL_CUTOFF,-1
6,7,2,1286,POP,1,bchdglaefkpijnom
6,7,0,1287,DEL_CUTOFF,4
6,7,1,1287,DEL_EXPLORED,4
6,7,2,1287,DEL_EXPLORED,-1
6,7,0,1288,POP,-1,bacdflhejgoinpkm
6,7,1,1288,DEL_CUTOFF,-4
6,7,2,1288,PUSH,4,bchdgklefapijnom,-4,4,-1,1
6,7,0,1289,DEL_EXPLORED,4
6,7,1,1289,POP,-4,bchdfpgenalikjom
6,7,2,1289,DEL_CUTOFF,1
6,7,0,1290,POP,-4,bcadflhejgoinpkm
6,7,1,1290,POP,1,bchdfpgenjlikaom
6,7,2,1290,DEL_CUTOFF,-1
6,7,0,1291,POP,1,bchdflaejgoinpkm
6,7,1,1291,DEL_EXPLORED,-4
6,7,2,1291,DEL_CUTOFF,4
6,7,0,1292,PUSH,-1,bchdaflejgoinpkm,-4,4,1
6,7,1,1292,POP,4,bchdfpgenjliakom
6,7,2,1292,DEL_EXPLORED,-4
6,7,0,1293,DEL_EXPLORED,1
6,7,1,1293,PUSH,-4,bchdapgefjlinkom,-4,4,1
6,7,2,1293,POP,4,bchdgklefapijnom
6,7,0,1294,PUSH,4,bchdjfleagoinpkm,-4,4,1
6,7,1,1294,PUSH,1,bchdpagefjlinkom,-4,4,-1,1
6,7,2,1294,PUSH,-4,bahdgclefkpijnom,4,-1,1
6,7,0,1295,PUSH,1,bchdjflegaoinpkm,-4,4,-1,1
6,7,1,1295,PUSH,1,bchdpgaefjlinkom,-4,4,-1,1
6,7,2,1295,DEL_CUTOFF,1
6,7,0,1296,DEL_CUTOFF,1
6,7,1,1296,DEL_CUTOFF,1
6,7,2,1296,DEL_CUTOFF,-1
6,7,0,1297,DEL_EXPLORED,-1
6,7,1,1297,DEL_EXPLORED,-1
6,7,2,1297,DEL_EXPLORED,4
6,7,0,1298,DEL_CUTOFF,4
6,7,1,1298,DEL_CUTOFF,4
6,7,2,1298,POP,-4,bahdgclefkpijnom
6,7,0,1299,DEL_CUTOFF,-4
6,7,1,1299,DEL_CUTOFF,-4
6,7,2,1299,POP,1,bchdgalefkpijnom
6,7,0,1300,POP,1,bchdjflegaoinpkm
6,7,1,1300,POP,1,bchdpgaefjlinkom
6,7,2,1300,DEL_EXPLORED,4
6,7,0,1301,PUSH,4,bchdjflengoiapkm,-4,1
6,7,1,1301,DEL_EXPLORED,-1
6,7,2,1301,PUSH,-4,achdbglefkpijnom,4,1
6,7,0,1302,DEL_CUTOFF,1
6,7,1,1302,PUSH,4,bchdpjgefalinkom,-4,4,-1,1
6,7,2,1302,PUSH,1,cahdbglefkpijnom,4,-1,1
6,7,0,1303,DEL_EXPLORED,-4
6,7,1,1303,DEL_CUTOFF,1
6,7,2,1303,DEL_CUTOFF,1
6,7,0,1304,POP,4,bchdjflengoiapkm
6,7,1,1304,DEL_CUTOFF,-1
6,7,2,1304,DEL_EXPLORED,-1
6,7,0,1305,DEL_EXPLORED,-4
6,7,1,1305,DEL_CUTOFF,4
6,7,2,1305,DEL_CUTOFF,4
6,7,0,1306,POP,4,bchdjfleagoinpkm
6,7,1,1306,DEL_EXPLORED,-4
6,7,2,1306,POP,1,cahdbglefkpijnom
6,7,0,1307,PUSH,-4,achdbflejgoinpkm,4,1
6,7,1,1307,POP,4,bchdpjgefalinkom
6,7,2,1307,DEL_EXPLORED,4
6,7,0,1308,PUSH,1,cahdbflejgoinpkm,4,-1,1
6,7,1,1308,PUSH,-4,bahdpcgefjlinkom,4,-1,1
6,7,2,1308,POP,-4,achdbglefkpijnom
6,7,0,1309,DEL_CUTOFF,1
6,7,1,1309,DEL_CUTOFF,1
6,7,2,1309,POP,-4,bchdaglefkpijnom
6,7,0,1310,DEL_EXPLORED,-1
6,7,1,1310,DEL_CUTOFF,-1
6,7,2,1310,POP,-4,bchdfgleakpijnom
6,7,0,1311,DEL_CUTOFF,4
6,7,1,1311,DEL_EXPLORED,4
6,7,2,1311,POP,-1,bchdfglejkpianom
6,7,0,1312,POP,1,cahdbflejgoinpkm
6,7,1,1312,POP,-4,bahdpcgefjlinkom
6,7,2,1312,DEL_EXPLORED,-4
6,7,0,1313,DEL_EXPLORED,4
6,7,1,1313,POP,1,bchdpagefjlinkom
6,7,2,1313,POP,4,bchdfglejkpinaom
6,7,0,1314,POP,-4,achdbflejgoinpkm
6,7,1,1314,DEL_EXPLORED,4
6,7,2,1314,PUSH,-4,bchdfalejgpinkom,-4,4,-1,1
6,7,0,1315,POP,-1,bchdaflejgoinpkm
6,7,1,1315,PUSH,-4,achdbpgefjlinkom,4,1
6,7,2,1315,PUSH,1,bchdflaejgpinkom,-4,4,-1,1
6,7,0,1316,DEL_EXPLORED,4
6,7,1,1316,PUSH,1,cahdbpgefjlinkom,4,-1,1
6,7,2,1316,PUSH,1,bchdfleajgpinkom,-4,4,-1
6,7,0,1317,PUSH,-4,bahdfclejgoinpkm,4,-1,1
6,7,1,1317,DEL_CUTOFF,1
6,7,2,1317,DEL_EXPLORED,-1
6,7,0,1318,PUSH,1,bhadfclejgoinpkm,4,-1,1
6,7,1,1318,DEL_EXPLORED,-1
6,7,2,1318,PUSH,4,bchdfleijgpankom,-4,4,-1
6,7,0,1319,PUSH,1,bhdafclejgoinpkm,4,-1
6,7,1,1319,DEL_CUTOFF,4
6,7,2,1319,PUSH,-1,bchdfleijgapnkom,-4,4,-1,1
6,7,0,1320,DEL_EXPLORED,-1
6,7,1,1320,POP,1,cahdbpgefjlinkom
6,7,2,1320,DEL_EXPLORED,1
6,7,0,1321,DEL_CUTOFF,4
6,7,1,1321,DEL_EXPLORED,4
6,7,2,1321,PUSH,-1,bchdfleijagpnkom,-4,4,-1,1
6,7,0,1322,POP,1,bhdafclejgoinpkm
6,7,1,1322,POP,-4,achdbpgefjlinkom
6,7,2,1322,DEL_EXPLORED,1
6,7,0,1323,DEL_EXPLORED,-1
6,7,1,1323,POP,-4,bchdapgefjlinkom
6,7,2,1323,DEL_CUTOFF,-1
6,7,0,1324,PUSH,4,bhldfcaejgoinpkm,-4,4,-1,1
6,7,1,1324,POP,-1,bchdfpgeajlinkom
6,7,2,1324,DEL_CUTOFF,4
6,7,0,1325,DEL_CUTOFF,1
6,7,1,1325,PUSH,4,bchdfpgejklinaom,-4,-1,1
6,7,2,1325,DEL_CUTOFF,-4
6,7,0,1326,DEL_CUTOFF,-1
6,7,1,1326,PUSH,1,bchdfpgejklinoam,-4,-1,1
6,7,2,1326,POP,-1,bchdfleijagpnkom
6,7,0,1327,DEL_CUTOFF,4
6,7,1,1327,PUSH,1,bchdfpgejklinoma,-4,-1
6,7,2,1327,PUSH,4,bchdfleijgopnkam,-4,-1,1
6,7,0,1328,DEL_EXPLORED,-4
6,7,1,1328,DEL_EXPLORED,-1
6,7,2,1328,DEL_CUTOFF,1
6,7,0,1329,POP,4,bhldfcaejgoinpkm
6,7,1,1329,PUSH,-4,bchdfpgejklanomi,-4,4,-1
6,7,2,1329,DEL_CUTOFF,-1
6,7,0,1330,POP,1,bhadfclejgoinpkm
6,7,1,1330,DEL_CUTOFF,-1
6,7,2,1330,DEL_EXPLORED,-4
6,7,0,1331,PUSH,-1,abhdfclejgoinpkm,4,1
6,7,1,1331,DEL_EXPLORED,4
6,7,2,1331,POP,4,bchdfleijgopnkam
6,7,0,1332,DEL_EXPLORED,1
6,7,1,1332,DEL_CUTOFF,-4
6,7,2,1332,PUSH,-4,bchdflaijgepnkom,-4,4,-1,1
6,7,0,1333,PUSH,4,fbhdaclejgoinpkm,-4,4,1
6,7,1,1333,POP,-4,bchdfpgejklanomi
6,7,2,1333,DEL_CUTOFF,1
6,7,0,1334,DEL_CUTOFF,1
6,7,1,1334,POP,1,bchdfpgejklinoma
6,7,2,1334,DEL_CUTOFF,-1
6,7,0,1335,DEL_CUTOFF,4
6,7,1,1335,DEL_EXPLORED,-1
6,7,2,1335,DEL_EXPLORED,4
6,7,0,1336,DEL_EXPLORED,-4
6,7,1,1336,PUSH,-4,bchdfpgejkainolm,-4,4,-1,1
6,7,2,1336,DEL_CUTOFF,-4
6,7,0,1337,POP,4,fbhdaclejgoinpkm
6,7,1,1337,PUSH,1,bchdfpgejkianolm,-4,4,-1
6,7,2,1337,POP,-4,bchdflaijgepnkom
6,7,0,1338,POP,-1,abhdfclejgoinpkm
6,7,1,1338,DEL_EXPLORED,-1
6,7,2,1338,POP,-1,bchdfleijgapnkom
6,7,0,1339,DEL_EXPLORED,4
6,7,1,1339,DEL_CUTOFF,4
6,7,2,1339,PUSH,4,bchdfleijgpmnkoa,-4,-1
6,7,0,1340,POP,-4,bahdfclejgoinpkm
6,7,1,1340,DEL_CUTOFF,-4
6,7,2,1340,PUSH,-1,bchdfleijgpmnkao,-4,-1,1
6,7,0,1341,POP,-4,bchdfalejgoinpkm
6,7,1,1341,POP,1,bchdfpgejkianolm
6,7,2,1341,DEL_EXPLORED,1
6,7,0,1342,POP,-4,bchdfglejaoinpkm
6,7,1,1342,PUSH,-1,bchdfpgejakinolm,-4,4,-1,1
6,7,2,1342,DEL_CUTOFF,-1
6,7,0,1343,POP,-1,bchdfglejpoinakm
6,7,1,1343,DEL_EXPLORED,1
6,7,2,1343,DEL_CUTOFF,-4
6,7,0,1344,DEL_EXPLORED,-4
6,7,1,1344,DEL_CUTOFF,-1
6,7,2,1344,POP,-1,bchdfleijgpmnkao
6,7,0,1345,POP,4,bchdfglejpoinkam
6,7,1,1345,DEL_CUTOFF,4
6,7,2,1345,DEL_EXPLORED,-4
6,7,0,1346,POP,0,bchdfglejpainkom
6,7,1,1346,DEL_CUTOFF,-4
6,7,2,1346,POP,4,bchdfleijgpmnkoa
6,7,1,1347,POP,-1,bchdfpgejakinolm
6,7,2,1347,DEL_EXPLORED,-4
6,7,1,1348,DEL_EXPLORED,4
6,7,2,1348,POP,4,bchdfleijgpankom
6,7,1,1349,PUSH,-4,bchdfpaejkginolm,-4,4,-1,1
6,7,2,1349,PUSH,-4,bchafledjgpinkom,4,-1
6,7,1,1350,DEL_CUTOFF,1
6,7,2,1350,PUSH,-1,bcahfledjgpinkom,4,-1,1
6,7,1,1351,DEL_CUTOFF,-1
6,7,2,1351,DEL_EXPLORED,1
6,7,1,1352,DEL_EXPLORED,4
6,7,2,1352,PUSH,-1,bachfledjgpinkom,4,-1,1
6,7,1,1353,DEL_CUTOFF,-4
6,7,2,1353,DEL_EXPLORED,1
6,7,1,1354,POP,-4,bchdfpaejkginolm
6,7,2,1354,DEL_CUTOFF,-1
6,7,1,1355,POP,-4,bchdfpgejkainolm
6,7,2,1355,DEL_CUTOFF,4
6,7,1,1356,POP,1,bchdfpgejklinoam
6,7,2,1356,POP,-1,bachfledjgpinkom
6,7,1,1357,PUSH,-1,bchdfpgejklianom,-4,1
6,7,2,1357,PUSH,4,bcehfladjgpinkom,-4,4,-1,1
6,7,1,1358,DEL_EXPLORED,1
6,7,2,1358,DEL_CUTOFF,1
6,7,1,1359,PUSH,-4,bchdfpgeaklijnom,-4,4,1
6,7,2,1359,DEL_CUTOFF,-1
6,7,1,1360,PUSH,1,bchdfpgekalijnom,-4,4,-1,1
6,7,2,1360,DEL_CUTOFF,4
6,7,1,1361,DEL_CUTOFF,1
6,7,2,1361,DEL_EXPLORED,-4
6,7,1,1362,DEL_EXPLORED,-1
6,7,2,1362,POP,4,bcehfladjgpinkom
6,7,1,1363,DEL_CUTOFF,4
6,7,2,1363,POP,-1,bcahfledjgpinkom
6,7,1,1364,DEL_CUTOFF,-4
6,7,2,1364,DEL_EXPLORED,4
6,7,1,1365,POP,1,bchdfpgekalijnom
6,7,2,1365,POP,-4,bchafledjgpinkom
6,7,1,1366,DEL_EXPLORED,4
6,7,2,1366,POP,1,bchdfleajgpinkom
6,7,1,1367,PUSH,-4,bchdapgefklijnom,-4,4,1
6,7,2,1367,DEL_EXPLORED,-1
6,7,1,1368,DEL_CUTOFF,1
6,7,2,1368,PUSH,4,bchdflpejgainkom,-4,4,-1,1
6,7,1,1369,DEL_EXPLORED,4
6,7,2,1369,PUSH,1,bchdflpejgiankom,-4,4,-1
6,7,1,1370,DEL_CUTOFF,-4
6,7,2,1370,DEL_EXPLORED,-1
6,7,1,1371,POP,-4,bchdapgefklijnom
6,7,2,1371,PUSH,4,bchdflpejgimnkoa,-4,-1
6,7,1,1372,POP,-4,bchdfpgeaklijnom
6,7,2,1372,PUSH,-1,bchdflpejgimnkao,-4,-1,1
6,7,1,1373,POP,-1,bchdfpgejklianom
6,7,2,1373,DEL_EXPLORED,1
6,7,1,1374,DEL_EXPLORED,-4
6,7,2,1374,DEL_CUTOFF,-1
6,7,1,1375,POP,4,bchdfpgejklinaom
6,7,2,1375,DEL_CUTOFF,-4
6,7,1,1376,DEL_EXPLORED,-4
6,7,2,1376,POP,-1,bchdflpejgimnkao
6,7,1,1377,POP,4,bchdfpgejalinkom
6,7,2,1377,DEL_EXPLORED,-4
6,7,1,1378,PUSH,-4,bahdfcgejplinkom,4,-1,1
6,7,2,1378,POP,4,bchdflpejgimnkoa
6,7,1,1379,PUSH,1,bhadfcgejplinkom,4,-1,1
6,7,2,1379,PUSH,-4,bchdflpajgienkom,-4,4,-1
6,7,1,1380,PUSH,1,bhdafcgejplinkom,4,-1
6,7,2,1380,PUSH,-1,bchdflapjgienkom,-4,4,-1,1
6,7,1,1381,DEL_EXPLORED,-1
6,7,2,1381,DEL_EXPLORED,1
6,7,1,1382,PUSH,4,bhdefcgajplinkom,-4,4,-1
6,7,2,1382,DEL_CUTOFF,-1
6,7,1,1383,PUSH,-1,bhdefcagjplinkom,-4,4,-1,1
6,7,2,1383,DEL_CUTOFF,4
6,7,1,1384,DEL_EXPLORED,1
6,7,2,1384,DEL_CUTOFF,-4
6,7,1,1385,DEL_CUTOFF,-1
6,7,2,1385,POP,-1,bchdflapjgienkom
6,7,1,1386,DEL_CUTOFF,4
6,7,2,1386,DEL_EXPLORED,4
6,7,1,1387,DEL_CUTOFF,-4
6,7,2,1387,PUSH,-4,bchaflpdjgienkom,4,-1
6,7,1,1388,POP,-1,bhdefcagjplinkom
6,7,2,1388,DEL_CUTOFF,-1
6,7,1,1389,PUSH,4,bhdefcgijplankom,-4,4,-1
6,7,2,1389,DEL_EXPLORED,4
6,7,1,1390,DEL_CUTOFF,-1
6,7,2,1390,POP,-4,bchaflpdjgienkom
6,7,1,1391,DEL_CUTOFF,4
6,7,2,1391,POP,-4,bchdflpajgienkom
6,7,1,1392,DEL_EXPLORED,-4
6,7,2,1392,POP,1,bchdflpejgiankom
6,7,1,1393,POP,4,bhdefcgijplankom
6,7,2,1393,PUSH,-1,bchdflpejaginkom,-4,4,-1,1
6,7,1,1394,DEL_EXPLORED,-4
6,7,2,1394,DEL_EXPLORED,1
6,7,1,1395,POP,4,bhdefcgajplinkom
6,7,2,1395,PUSH,-1,bchdflpeajginkom,-4,4,1
6,7,1,1396,POP,1,bhdafcgejplinkom
6,7,2,1396,DEL_EXPLORED,1
6,7,1,1397,DEL_EXPLORED,-1
6,7,2,1397,PUSH,4,bchdflpenjgiakom,-4,1
6,7,1,1398,PUSH,4,bhgdfcaejplinkom,-4,4,-1,1
6,7,2,1398,DEL_CUTOFF,1
6,7,1,1399,PUSH,1,bhgdfceajplinkom,-4,4,-1
6,7,2,1399,DEL_EXPLORED,-4
6,7,1,1400,DEL_EXPLORED,-1
6,7,2,1400,POP,4,bchdflpenjgiakom
6,7,1,1401,PUSH,4,bhgdfceijplankom,-4,4,-1
6,7,2,1401,PUSH,-4,bchdalpefjginkom,-4,4,1
6,7,1,1402,DEL_CUTOFF,-1
6,7,2,1402,DEL_CUTOFF,1
6,7,1,1403,DEL_CUTOFF,4
6,7,2,1403,DEL_EXPLORED,4
6,7,1,1404,DEL_EXPLORED,-4
6,7,2,1404,DEL_CUTOFF,-4
6,7,1,1405,POP,4,bhgdfceijplankom
6,7,2,1405,POP,-4,bchdalpefjginkom
6,7,1,1406,PUSH,-4,bhgafcedjplinkom,4,-1
6,7,2,1406,POP,-1,bchdflpeajginkom
6,7,1,1407,DEL_CUTOFF,-1
6,7,2,1407,PUSH,4,bchdflpejkginaom,-4,-1,1
6,7,1,1408,DEL_EXPLORED,4
6,7,2,1408,PUSH,1,bchdflpejkginoam,-4,-1,1
6,7,1,1409,POP,-4,bhgafcedjplinkom
6,7,2,1409,DEL_CUTOFF,1
6,7,1,1410,POP,1,bhgdfceajplinkom
6,7,2,1410,DEL_EXPLORED,-1
6,7,1,1411,PUSH,-1,bhgdfacejplinkom,-4,4,-1,1
6,7,2,1411,DEL_CUTOFF,-4
6,7,1,1412,DEL_EXPLORED,1
6,7,2,1412,POP,1,bchdflpejkginoam
6,7,1,1413,PUSH,-1,bhgdafcejplinkom,-4,4,1
6,7,2,1413,PUSH,-1,bchdflpejkgianom,-4,1
6,7,1,1414,DEL_EXPLORED,1
6,7,2,1414,DEL_EXPLORED,1
6,7,1,1415,DEL_CUTOFF,4
6,7,2,1415,DEL_CUTOFF,-4
6,7,1,1416,DEL_CUTOFF,-4
6,7,2,1416,POP,-1,bchdflpejkgianom
6,7,1,1417,POP,-1,bhgdafcejplinkom
6,7,2,1417,DEL_EXPLORED,-4
6,7,1,1418,PUSH,4,bhgdfpcejalinkom,-4,4,-1,1
6,7,2,1418,POP,4,bchdflpejkginaom
6,7,1,1419,DEL_CUTOFF,1
6,7,2,1419,PUSH,-4,bchdfapejlginkom,-4,4,-1,1
6,7,1,1420,DEL_CUTOFF,-1
6,7,2,1420,PUSH,1,bchdfpaejlginkom,-4,4,-1,1
6,7,1,1421,DEL_CUTOFF,4
6,7,2,1421,DEL_CUTOFF,1
6,7,1,1422,DEL_EXPLORED,-4
6,7,2,1422,DEL_EXPLORED,-1
6,7,1,1423,POP,4,bhgdfpcejalinkom
6,7,2,1423,DEL_CUTOFF,4
6,7,1,1424,PUSH,-4,bagdfhcejplinkom,4,-1,1
6,7,2,1424,DEL_CUTOFF,-4
6,7,1,1425,DEL_CUTOFF,1
6,7,2,1425,POP,1,bchdfpaejlginkom
6,7,1,1426,DEL_CUTOFF,-1
6,7,2,1426,PUSH,-1,bchdafpejlginkom,-4,4,1
6,7,1,1427,DEL_EXPLORED,4
6,7,2,1427,DEL_EXPLORED,1
6,7,1,1428,POP,-4,bagdfhcejplinkom
6,7,2,1428,DEL_CUTOFF,4
6,7,1,1429,POP,-1,bhgdfacejplinkom
6,7,2,1429,DEL_CUTOFF,-4
6,7,1,1430,PUSH,4,bhgdfclejpainkom,-4,4,-1,1
6,7,2,1430,POP,-1,bchdafpejlginkom
6,7,1,1431,PUSH,1,bhgdfclejpiankom,-4,4,-1
6,7,2,1431,DEL_EXPLORED,4
6,7,1,1432,DEL_EXPLORED,-1
6,7,2,1432,PUSH,-4,bahdfcpejlginkom,4,-1,1
6,7,1,1433,DEL_CUTOFF,4
6,7,2,1433,DEL_CUTOFF,1
6,7,1,1434,DEL_CUTOFF,-4
6,7,2,1434,DEL_CUTOFF,-1
6,7,1,1435,POP,1,bhgdfclejpiankom
6,7,2,1435,DEL_EXPLORED,4
6,7,1,1436,PUSH,-1,bhgdfclejapinkom,-4,4,-1,1
6,7,2,1436,POP,-4,bahdfcpejlginkom
6,7,1,1437,DEL_EXPLORED,1
6,7,2,1437,POP,-4,bchdfapejlginkom
6,7,1,1438,DEL_CUTOFF,-1
6,7,2,1438,POP,-1,bchdflpejaginkom
6,7,1,1439,DEL_CUTOFF,4
6,7,2,1439,PUSH,4,bchdflpejgoinkam,-4,-1,1
6,7,1,1440,DEL_CUTOFF,-4
6,7,2,1440,PUSH,1,bchdflpejgoinkma,-4,-1
6,7,1,1441,POP,-1,bhgdfclejapinkom
6,7,2,1441,DEL_EXPLORED,-1
6,7,1,1442,PUSH,4,bhgdfclejpoinkam,-4,-1,1
6,7,2,1442,PUSH,-4,bchdflpejgoankmi,-4,4,-1
6,7,1,1443,DEL_CUTOFF,1
6,7,2,1443,DEL_CUTOFF,-1
6,7,1,1444,DEL_CUTOFF,-1
6,7,2,1444,DEL_EXPLORED,4
6,7,1,1445,DEL_EXPLORED,-4
6,7,2,1445,DEL_CUTOFF,-4
6,7,1,1446,POP,4,bhgdfclejpoinkam
6,7,2,1446,POP,-4,bchdflpejgoankmi
6,7,1,1447,DEL_EXPLORED,-4
6,7,2,1447,POP,1,bchdflpejgoinkma
6,7,1,1448,POP,4,bhgdfclejpainkom
6,7,2,1448,PUSH,-1,bchdflpejgoinakm,-4,-1,1
6,7,1,1449,DEL_EXPLORED,-4
6,7,2,1449,DEL_EXPLORED,1
6,7,1,1450,POP,4,bhgdfcaejplinkom
6,7,2,1450,PUSH,-1,bchdflpejgoiankm,-4,1
6,7,1,1451,POP,1,bhadfcgejplinkom
6,7,2,1451,DEL_EXPLORED,1
6,7,1,1452,PUSH,-1,abhdfcgejplinkom,4,1
6,7,2,1452,DEL_CUTOFF,-4
6,7,1,1453,DEL_EXPLORED,1
6,7,2,1453,POP,-1,bchdflpejgoiankm
6,7,1,1454,PUSH,4,fbhdacgejplinkom,-4,4,1
6,7,2,1454,PUSH,-4,bchdflpejaoingkm,-4,4,-1,1
6,7,1,1455,PUSH,1,fbhdcagejplinkom,-4,4,-1,1
6,7,2,1455,DEL_CUTOFF,1
6,7,1,1456,PUSH,1,fbhdcgaejplinkom,-4,4,-1,1
6,7,2,1456,DEL_CUTOFF,-1
6,7,1,1457,DEL_CUTOFF,1
6,7,2,1457,DEL_EXPLORED,4
6,7,1,1458,DEL_EXPLORED,-1
6,7,2,1458,DEL_CUTOFF,-4
6,7,1,1459,DEL_CUTOFF,4
6,7,2,1459,POP,-4,bchdflpejaoingkm
6,7,1,1460,DEL_CUTOFF,-4
6,7,2,1460,POP,-1,bchdflpejgoinakm
6,7,1,1461,POP,1,fbhdcgaejplinkom
6,7,2,1461,DEL_EXPLORED,-4
6,7,1,1462,DEL_EXPLORED,-1
6,7,2,1462,POP,4,bchdflpejgoinkam
6,7,1,1463,PUSH,4,fbhdcpgejalinkom,-4,4,-1,1
6,7,2,1463,DEL_EXPLORED,-4
6,7,1,1464,DEL_CUTOFF,1
6,7,2,1464,POP,4,bchdflpejgainkom
6,7,1,1465,DEL_CUTOFF,-1
6,7,2,1465,PUSH,-4,bcadflhejgpinkom,4,-1,1
6,7,1,1466,DEL_CUTOFF,4
6,7,2,1466,PUSH,1,bcdaflhejgpinkom,4,-1
6,7,1,1467,DEL_EXPLORED,-4
6,7,2,1467,DEL_EXPLORED,-1
6,7,1,1468,POP,4,fbhdcpgejalinkom
6,7,2,1468,PUSH,4,bcdeflhajgpinkom,-4,4,-1
6,7,1,1469,PUSH,-4,fahdcbgejplinkom,4,-1,1
6,7,2,1469,PUSH,-1,bcdeflahjgpinkom,-4,4,-1,1
6,7,1,1470,DEL_CUTOFF,1
6,7,2,1470,DEL_EXPLORED,1
6,7,1,1471,DEL_CUTOFF,-1
6,7,2,1471,DEL_CUTOFF,-1
6,7,1,1472,DEL_EXPLORED,4
6,7,2,1472,DEL_CUTOFF,4
6,7,1,1473,POP,-4,fahdcbgejplinkom
6,7,2,1473,DEL_CUTOFF,-4
6,7,1,1474,POP,1,fbhdcagejplinkom
6,7,2,1474,POP,-1,bcdeflahjgpinkom
6,7,1,1475,PUSH,4,fbhdjcgeaplinkom,-4,4,1
6,7,2,1475,PUSH,4,bcdeflhijgpankom,-4,4,-1
6,7,1,1476,PUSH,1,fbhdjcgepalinkom,-4,4,-1,1
6,7,2,1476,DEL_CUTOFF,-1
6,7,1,1477,DEL_CUTOFF,1
6,7,2,1477,DEL_CUTOFF,4
6,7,1,1478,DEL_EXPLORED,-1
6,7,2,1478,DEL_EXPLORED,-4
6,7,1,1479,DEL_CUTOFF,4
6,7,2,1479,POP,4,bcdeflhijgpankom
6,7,1,1480,DEL_CUTOFF,-4
6,7,2,1480,DEL_EXPLORED,-4
6,7,1,1481,POP,1,fbhdjcgepalinkom
6,7,2,1481,POP,4,bcdeflhajgpinkom
6,7,1,1482,PUSH,4,fbhdjcgenpliakom,-4,1
6,7,2,1482,POP,1,bcdaflhejgpinkom
6,7,1,1483,DEL_CUTOFF,1
6,7,2,1483,PUSH,-1,bacdflhejgpinkom,4,-1,1
6,7,1,1484,DEL_EXPLORED,-4
6,7,2,1484,DEL_EXPLORED,1
6,7,1,1485,POP,4,fbhdjcgenpliakom
6,7,2,1485,PUSH,-1,abcdflhejgpinkom,4,1
6,7,1,1486,DEL_EXPLORED,-4
6,7,2,1486,DEL_EXPLORED,1
6,7,1,1487,POP,4,fbhdjcgeaplinkom
6,7,2,1487,PUSH,4,fbcdalhejgpinkom,-4,4,1
6,7,1,1488,DEL_EXPLORED,-4
6,7,2,1488,DEL_CUTOFF,1
6,7,1,1489,POP,4,fbhdacgejplinkom
6,7,2,1489,DEL_CUTOFF,4
6,7,1,1490,POP,-1,abhdfcgejplinkom
6,7,2,1490,DEL_EXPLORED,-4
6,7,1,1491,DEL_EXPLORED,4
6,7,2,1491,POP,4,fbcdalhejgpinkom
6,7,1,1492,POP,-4,bahdfcgejplinkom
6,7,2,1492,POP,-1,abcdflhejgpinkom
6,7,1,1493,POP,-1,bchdfagejplinkom
6,7,2,1493,PUSH,4,blcdfahejgpinkom,-4,4,-1,1
6,7,1,1494,DEL_EXPLORED,4
6,7,2,1494,PUSH,1,blcdfhaejgpinkom,-4,4,-1,1
6,7,1,1495,PUSH,-4,bcadfghejplinkom,4,-1,1
6,7,2,1495,DEL_CUTOFF,1
6,7,1,1496,PUSH,1,bcdafghejplinkom,4,-1
6,7,2,1496,DEL_EXPLORED,-1
6,7,1,1497,DEL_EXPLORED,-1
6,7,2,1497,DEL_CUTOFF,4
6,7,1,1498,PUSH,4,bcdefghajplinkom,-4,4,-1
6,7,2,1498,DEL_CUTOFF,-4
6,7,1,1499,PUSH,-1,bcdefgahjplinkom,-4,4,-1,1
6,7,2,1499,POP,1,blcdfhaejgpinkom
6,7,1,1500,DEL_EXPLORED,1
6,7,2,1500,PUSH,-1,blcdafhejgpinkom,-4,4,1
6,7,1,1501,PUSH,-1,bcdefaghjplinkom,-4,4,-1,1
6,7,2,1501,DEL_EXPLORED,1
6,7,1,1502,DEL_EXPLORED,1
6,7,2,1502,DEL_CUTOFF,4
6,7,1,1503,PUSH,-1,bcdeafghjplinkom,-4,4,1
6,7,2,1503,DEL_CUTOFF,-4
6,7,1,1504,DEL_EXPLORED,1
6,7,2,1504,POP,-1,blcdafhejgpinkom
6,7,1,1505,DEL_CUTOFF,4
6,7,2,1505,PUSH,4,blcdfghejapinkom,-4,4,-1,1
6,7,1,1506,DEL_CUTOFF,-4
6,7,2,1506,DEL_CUTOFF,1
6,7,1,1507,POP,-1,bcdeafghjplinkom
6,7,2,1507,DEL_CUTOFF,-1
6,7,1,1508,PUSH,4,bcdefpghjalinkom,-4,4,-1,1
6,7,2,1508,DEL_CUTOFF,4
6,7,1,1509,DEL_CUTOFF,1
6,7,2,1509,DEL_EXPLORED,-4
6,7,1,1510,DEL_CUTOFF,-1
6,7,2,1510,POP,4,blcdfghejapinkom
6,7,1,1511,DEL_CUTOFF,4
6,7,2,1511,DEL_EXPLORED,-4
6,7,1,1512,DEL_EXPLORED,-4
6,7,2,1512,POP,4,blcdfahejgpinkom
6,7,1,1513,POP,4,bcdefpghjalinkom
6,7,2,1513,POP,-1,bacdflhejgpinkom
6,7,1,1514,PUSH,-4,badefcghjplinkom,4,-1,1
6,7,2,1514,DEL_EXPLORED,4
6,7,1,1515,DEL_CUTOFF,1
6,7,2,1515,POP,-4,bcadflhejgpinkom
6,7,1,1516,DEL_CUTOFF,-1
6,7,2,1516,POP,1,bchdflaejgpinkom
6,7,1,1517,DEL_EXPLORED,4
6,7,2,1517,PUSH,-1,bchdaflejgpinkom,-4,4,1
6,7,1,1518,POP,-4,badefcghjplinkom
6,7,2,1518,DEL_EXPLORED,1
6,7,1,1519,POP,-1,bcdefaghjplinkom
6,7,2,1519,PUSH,4,bchdjfleagpinkom,-4,4,1
6,7,1,1520,PUSH,4,bcdefglhjpainkom,-4,4,-1,1
6,7,2,1520,PUSH,1,bchdjflegapinkom,-4,4,-1,1
6,7,1,1521,PUSH,1,bcdefglhjpiankom,-4,4,-1
6,7,2,1521,PUSH,1,bchdjflegpainkom,-4,4,-1,1
6,7,1,1522,DEL_EXPLORED,-1
6,7,2,1522,PUSH,1,bchdjflegpiankom,-4,4,-1
6,7,1,1523,DEL_CUTOFF,4
6,7,2,1523,DEL_EXPLORED,-1
6,7,1,1524,DEL_CUTOFF,-4
6,7,2,1524,DEL_CUTOFF,4
6,7,1,1525,POP,1,bcdefglhjpiankom
6,7,2,1525,DEL_CUTOFF,-4
6,7,1,1526,PUSH,-1,bcdefglhjapinkom,-4,4,-1,1
6,7,2,1526,POP,1,bchdjflegpiankom
6,7,1,1527,DEL_EXPLORED,1
6,7,2,1527,DEL_EXPLORED,-1
6,7,1,1528,DEL_CUTOFF,-1
6,7,2,1528,PUSH,4,bchdjflegpoinkam,-4,-1,1
6,7,1,1529,DEL_CUTOFF,4
6,7,2,1529,DEL_CUTOFF,1
6,7,1,1530,DEL_CUTOFF,-4
6,7,2,1530,DEL_CUTOFF,-1
6,7,1,1531,POP,-1,bcdefglhjapinkom
6,7,2,1531,DEL_EXPLORED,-4
6,7,1,1532,PUSH,4,bcdefglhjpoinkam,-4,-1,1
6,7,2,1532,POP,4,bchdjflegpoinkam
6,7,1,1533,DEL_CUTOFF,1
6,7,2,1533,PUSH,-4,bchdjfaegplinkom,-4,4,-1,1
6,7,1,1534,DEL_CUTOFF,-1
6,7,2,1534,DEL_CUTOFF,1
6,7,1,1535,DEL_EXPLORED,-4
6,7,2,1535,DEL_CUTOFF,-1
6,7,1,1536,POP,4,bcdefglhjpoinkam
6,7,2,1536,DEL_EXPLORED,4
6,7,1,1537,DEL_EXPLORED,-4
6,7,2,1537,DEL_CUTOFF,-4
6,7,1,1538,POP,4,bcdefglhjpainkom
6,7,2,1538,POP,-4,bchdjfaegplinkom
6,7,1,1539,PUSH,-4,bcaefgdhjplinkom,4,-1,1
6,7,2,1539,POP,1,bchdjflegpainkom
6,7,1,1540,PUSH,1,bceafgdhjplinkom,4,-1
6,7,2,1540,DEL_EXPLORED,-1
6,7,1,1541,DEL_EXPLORED,-1
6,7,2,1541,PUSH,4,bchdjflegkpinaom,-4,-1,1
6,7,1,1542,DEL_CUTOFF,4
6,7,2,1542,PUSH,1,bchdjflegkpinoam,-4,-1,1
6,7,1,1543,POP,1,bceafgdhjplinkom
6,7,2,1543,DEL_CUTOFF,1
6,7,1,1544,PUSH,-1,bacefgdhjplinkom,4,-1,1
6,7,2,1544,DEL_EXPLORED,-1
6,7,1,1545,DEL_EXPLORED,1
6,7,2,1545,DEL_CUTOFF,-4
6,7,1,1546,DEL_CUTOFF,-1
6,7,2,1546,POP,1,bchdjflegkpinoam
6,7,1,1547,DEL_CUTOFF,4
6,7,2,1547,PUSH,-1,bchdjflegkpianom,-4,1
6,7,1,1548,POP,-1,bacefgdhjplinkom
6,7,2,1548,DEL_EXPLORED,1
6,7,1,1549,DEL_EXPLORED,4
6,7,2,1549,DEL_CUTOFF,-4
6,7,1,1550,POP,-4,bcaefgdhjplinkom
6,7,2,1550,POP,-1,bchdjflegkpianom
6,7,1,1551,POP,-1,bcdefgahjplinkom
6,7,2,1551,DEL_EXPLORED,-4
6,7,1,1552,PUSH,4,bcdefghijplankom,-4,4,-1
6,7,2,1552,POP,4,bchdjflegkpinaom
6,7,1,1553,PUSH,-1,bcdefghijpalnkom,-4,4,-1,1
6,7,2,1553,PUSH,-4,bchdjalegfpinkom,-4,4,-1,1
6,7,1,1554,DEL_EXPLORED,1
6,7,2,1554,PUSH,1,bchdjlaegfpinkom,-4,4,-1,1
6,7,1,1555,PUSH,-1,bcdefghijaplnkom,-4,4,-1,1
6,7,2,1555,DEL_CUTOFF,1
6,7,1,1556,DEL_EXPLORED,1
6,7,2,1556,DEL_EXPLORED,-1
6,7,1,1557,DEL_CUTOFF,-1
6,7,2,1557,DEL_CUTOFF,4
6,7,1,1558,DEL_CUTOFF,4
6,7,2,1558,DEL_CUTOFF,-4
6,7,1,1559,DEL_CUTOFF,-4
6,7,2,1559,POP,1,bchdjlaegfpinkom
6,7,1,1560,POP,-1,bcdefghijaplnkom
6,7,2,1560,PUSH,-1,bchdajlegfpinkom,-4,4,1
6,7,1,1561,PUSH,4,bcdefghijpolnkam,-4,-1,1
6,7,2,1561,DEL_EXPLORED,1
6,7,1,1562,DEL_CUTOFF,1
6,7,2,1562,DEL_CUTOFF,4
6,7,1,1563,DEL_CUTOFF,-1
6,7,2,1563,DEL_CUTOFF,-4
6,7,1,1564,DEL_EXPLORED,-4
6,7,2,1564,POP,-1,bchdajlegfpinkom
6,7,1,1565,POP,4,bcdefghijpolnkam
6,7,2,1565,DEL_EXPLORED,4
6,7,1,1566,PUSH,-4,bcdefgaijphlnkom,-4,4,-1,1
6,7,2,1566,PUSH,-4,bahdjclegfpinkom,4,-1,1
6,7,1,1567,DEL_CUTOFF,1
6,7,2,1567,DEL_CUTOFF,1
6,7,1,1568,DEL_CUTOFF,-1
6,7,2,1568,DEL_CUTOFF,-1
6,7,1,1569,DEL_EXPLORED,4
6,7,2,1569,DEL_EXPLORED,4
6,7,1,1570,DEL_CUTOFF,-4
6,7,2,1570,POP,-4,bahdjclegfpinkom
6,7,1,1571,POP,-4,bcdefgaijphlnkom
6,7,2,1571,POP,-4,bchdjalegfpinkom
6,7,1,1572,POP,-1,bcdefghijpalnkom
6,7,2,1572,POP,1,bchdjflegapinkom
6,7,1,1573,PUSH,4,bcdefghijplmnkoa,-4,-1
6,7,2,1573,PUSH,4,bchdjflengpiakom,-4,1
6,7,1,1574,PUSH,-1,bcdefghijplmnkao,-4,-1,1
6,7,2,1574,PUSH,1,bchdjflengpikaom,-4,-1,1
6,7,1,1575,DEL_EXPLORED,1
6,7,2,1575,PUSH,1,bchdjflengpikoam,-4,-1,1
6,7,1,1576,DEL_CUTOFF,-1
6,7,2,1576,DEL_CUTOFF,1
6,7,1,1577,DEL_CUTOFF,-4
6,7,2,1577,DEL_EXPLORED,-1
6,7,1,1578,POP,-1,bcdefghijplmnkao
6,7,2,1578,DEL_CUTOFF,-4
6,7,1,1579,DEL_EXPLORED,-4
6,7,2,1579,POP,1,bchdjflengpikoam
6,7,1,1580,POP,4,bcdefghijplmnkoa
6,7,2,1580,DEL_EXPLORED,-1
6,7,1,1581,DEL_EXPLORED,-4
6,7,2,1581,PUSH,-4,bchdjflenapikgom,-4,4,-1,1
6,7,1,1582,POP,4,bcdefghijplankom
6,7,2,1582,DEL_CUTOFF,1
6,7,1,1583,DEL_EXPLORED,-4
6,7,2,1583,DEL_CUTOFF,-1
6,7,1,1584,POP,4,bcdefghajplinkom
6,7,2,1584,DEL_EXPLORED,4
6,7,1,1585,POP,1,bcdafghejplinkom
6,7,2,1585,DEL_CUTOFF,-4
6,7,1,1586,PUSH,-1,bacdfghejplinkom,4,-1,1
6,7,2,1586,POP,-4,bchdjflenapikgom
6,7,1,1587,DEL_EXPLORED,1
6,7,2,1587,POP,1,bchdjflengpikaom
6,7,1,1588,PUSH,-1,abcdfghejplinkom,4,1
6,7,2,1588,DEL_EXPLORED,-4
6,7,1,1589,DEL_EXPLORED,1
6,7,2,1589,POP,4,bchdjflengpiakom
6,7,1,1590,PUSH,4,fbcdaghejplinkom,-4,4,1
6,7,2,1590,DEL_EXPLORED,-4
6,7,1,1591,PUSH,1,fbcdgahejplinkom,-4,4,-1,1
6,7,2,1591,POP,4,bchdjfleagpinkom
6,7,1,1592,PUSH,1,fbcdghaejplinkom,-4,4,-1,1
6,7,2,1592,PUSH,-4,achdbflejgpinkom,4,1
6,7,1,1593,DEL_CUTOFF,1
6,7,2,1593,PUSH,1,cahdbflejgpinkom,4,-1,1
6,7,1,1594,DEL_EXPLORED,-1
6,7,2,1594,PUSH,1,chadbflejgpinkom,4,-1,1
6,7,1,1595,DEL_CUTOFF,4
6,7,2,1595,PUSH,1,chdabflejgpinkom,4,-1
6,7,1,1596,DEL_CUTOFF,-4
6,7,2,1596,DEL_EXPLORED,-1
6,7,1,1597,POP,1,fbcdghaejplinkom
6,7,2,1597,DEL_CUTOFF,4
6,7,1,1598,DEL_EXPLORED,-1
6,7,2,1598,POP,1,chdabflejgpinkom
6,7,1,1599,PUSH,4,fbcdgphejalinkom,-4,4,-1,1
6,7,2,1599,DEL_EXPLORED,-1
6,7,1,1600,DEL_CUTOFF,1
6,7,2,1600,PUSH,4,chldbfaejgpinkom,-4,4,-1,1
6,7,1,1601,DEL_CUTOFF,-1
6,7,2,1601,DEL_CUTOFF,1
6,7,1,1602,DEL_CUTOFF,4
6,7,2,1602,DEL_CUTOFF,-1
6,7,1,1603,DEL_EXPLORED,-4
6,7,2,1603,DEL_CUTOFF,4
6,7,1,1604,POP,4,fbcdgphejalinkom
6,7,2,1604,DEL_EXPLORED,-4
6,7,1,1605,PUSH,-4,facdgbhejplinkom,4,-1,1
6,7,2,1605,POP,4,chldbfaejgpinkom
6,7,1,1606,DEL_CUTOFF,1
6,7,2,1606,POP,1,chadbflejgpinkom
6,7,1,1607,DEL_CUTOFF,-1
6,7,2,1607,DEL_EXPLORED,-1
6,7,1,1608,DEL_EXPLORED,4
6,7,2,1608,PUSH,4,cfhdbalejgpinkom,-4,4,-1,1
6,7,1,1609,POP,-4,facdgbhejplinkom
6,7,2,1609,PUSH,1,cfhdblaejgpinkom,-4,4,-1,1
6,7,1,1610,POP,1,fbcdgahejplinkom
6,7,2,1610,DEL_CUTOFF,1
6,7,1,1611,PUSH,4,fbcdjgheaplinkom,-4,4,1
6,7,2,1611,DEL_EXPLORED,-1
6,7,1,1612,PUSH,1,fbcdjghepalinkom,-4,4,-1,1
6,7,2,1612,DEL_CUTOFF,4
6,7,1,1613,DEL_CUTOFF,1
6,7,2,1613,DEL_CUTOFF,-4
6,7,1,1614,DEL_EXPLORED,-1
6,7,2,1614,POP,1,cfhdblaejgpinkom
6,7,1,1615,DEL_CUTOFF,4
6,7,2,1615,PUSH,-1,cfhdablejgpinkom,-4,4,1
6,7,1,1616,DEL_CUTOFF,-4
6,7,2,1616,DEL_EXPLORED,1
6,7,1,1617,POP,1,fbcdjghepalinkom
6,7,2,1617,DEL_CUTOFF,4
6,7,1,1618,PUSH,4,fbcdjghenpliakom,-4,1
6,7,2,1618,DEL_CUTOFF,-4
6,7,1,1619,DEL_CUTOFF,1
6,7,2,1619,POP,-1,cfhdablejgpinkom
6,7,1,1620,DEL_EXPLORED,-4
6,7,2,1620,PUSH,4,cfhdbglejapinkom,-4,4,-1,1
6,7,1,1621,POP,4,fbcdjghenpliakom
6,7,2,1621,DEL_CUTOFF,1
6,7,1,1622,DEL_EXPLORED,-4
6,7,2,1622,DEL_CUTOFF,-1
6,7,1,1623,POP,4,fbcdjgheaplinkom
6,7,2,1623,DEL_CUTOFF,4
6,7,1,1624,DEL_EXPLORED,-4
6,7,2,1624,DEL_EXPLORED,-4
6,7,1,1625,POP,4,fbcdaghejplinkom
6,7,2,1625,POP,4,cfhdbglejapinkom
6,7,1,1626,POP,-1,abcdfghejplinkom
6,7,2,1626,DEL_EXPLORED,-4
6,7,1,1627,PUSH,4,bgcdfahejplinkom,-4,4,-1,1
6,7,2,1627,POP,4,cfhdbalejgpinkom
6,7,1,1628,PUSH,1,bgcdfhaejplinkom,-4,4,-1,1
6,7,2,1628,POP,1,cahdbflejgpinkom
6,7,1,1629,PUSH,1,bgcdfheajplinkom,-4,4,-1
6,7,2,1629,DEL_EXPLORED,4
6,7,1,1630,DEL_EXPLORED,-1
6,7,2,1630,POP,-4,achdbflejgpinkom
6,7,1,1631,PUSH,4,bgcdfheijplankom,-4,4,-1
6,7,2,1631,POP,-1,bchdaflejgpinkom
6,7,1,1632,DEL_CUTOFF,-1
6,7,2,1632,DEL_EXPLORED,4
6,7,1,1633,DEL_CUTOFF,4
6,7,2,1633,PUSH,-4,bahdfclejgpinkom,4,-1,1
6,7,1,1634,DEL_EXPLORED,-4
6,7,2,1634,PUSH,1,bhadfclejgpinkom,4,-1,1
6,7,1,1635,POP,4,bgcdfheijplankom
6,7,2,1635,PUSH,1,bhdafclejgpinkom,4,-1
6,7,1,1636,PUSH,-4,bgcafhedjplinkom,4,-1
6,7,2,1636,DEL_EXPLORED,-1
6,7,1,1637,DEL_CUTOFF,-1
6,7,2,1637,PUSH,4,bhdefclajgpinkom,-4,4,-1
6,7,1,1638,DEL_EXPLORED,4
6,7,2,1638,PUSH,-1,bhdefcaljgpinkom,-4,4,-1,1
6,7,1,1639,POP,-4,bgcafhedjplinkom
6,7,2,1639,DEL_EXPLORED,1
6,7,1,1640,POP,1,bgcdfheajplinkom
6,7,2,1640,DEL_CUTOFF,-1
6,7,1,1641,DEL_EXPLORED,-1
6,7,2,1641,DEL_CUTOFF,4
6,7,1,1642,PUSH,4,bgcdfhlejpainkom,-4,4,-1,1
6,7,2,1642,DEL_CUTOFF,-4
6,7,1,1643,PUSH,1,bgcdfhlejpiankom,-4,4,-1
6,7,2,1643,POP,-1,bhdefcaljgpinkom
6,7,1,1644,DEL_EXPLORED,-1
6,7,2,1644,PUSH,4,bhdefclijgpankom,-4,4,-1
6,7,1,1645,DEL_CUTOFF,4
6,7,2,1645,DEL_CUTOFF,-1
6,7,1,1646,DEL_CUTOFF,-4
6,7,2,1646,DEL_CUTOFF,4
6,7,1,1647,POP,1,bgcdfhlejpiankom
6,7,2,1647,DEL_EXPLORED,-4
6,7,1,1648,PUSH,-1,bgcdfhlejapinkom,-4,4,-1,1
6,7,2,1648,POP,4,bhdefclijgpankom
6,7,1,1649,DEL_EXPLORED,1
6,7,2,1649,DEL_EXPLORED,-4
6,7,1,1650,DEL_CUTOFF,-1
6,7,2,1650,POP,4,bhdefclajgpinkom
6,7,1,1651,DEL_CUTOFF,4
6,7,2,1651,POP,1,bhdafclejgpinkom
6,7,1,1652,DEL_CUTOFF,-4
6,7,2,1652,DEL_EXPLORED,-1
6,7,1,1653,POP,-1,bgcdfhlejapinkom
6,7,2,1653,PUSH,4,bhldfcaejgpinkom,-4,4,-1,1
6,7,1,1654,PUSH,4,bgcdfhlejpoinkam,-4,-1,1
6,7,2,1654,PUSH,1,bhldfceajgpinkom,-4,4,-1
6,7,1,1655,DEL_CUTOFF,1
6,7,2,1655,DEL_EXPLORED,-1
6,7,1,1656,DEL_CUTOFF,-1
6,7,2,1656,PUSH,4,bhldfceijgpankom,-4,4,-1
6,7,1,1657,DEL_EXPLORED,-4
6,7,2,1657,DEL_CUTOFF,-1
6,7,1,1658,POP,4,bgcdfhlejpoinkam
6,7,2,1658,DEL_CUTOFF,4
6,7,1,1659,DEL_EXPLORED,-4
6,7,2,1659,DEL_EXPLORED,-4
6,7,1,1660,POP,4,bgcdfhlejpainkom
6,7,2,1660,POP,4,bhldfceijgpankom
6,7,1,1661,PUSH,-4,bgadfhcejplinkom,4,-1,1
6,7,2,1661,PUSH,-4,bhlafcedjgpinkom,4,-1
6,7,1,1662,PUSH,1,bgdafhcejplinkom,4,-1
6,7,2,1662,DEL_CUTOFF,-1
6,7,1,1663,DEL_EXPLORED,-1
6,7,2,1663,DEL_EXPLORED,4
6,7,1,1664,DEL_CUTOFF,4
6,7,2,1664,POP,-4,bhlafcedjgpinkom
6,7,1,1665,POP,1,bgdafhcejplinkom
6,7,2,1665,POP,1,bhldfceajgpinkom
6,7,1,1666,PUSH,-1,bagdfhcejplinkom,4,-1,1
6,7,2,1666,PUSH,-1,bhldfacejgpinkom,-4,4,-1,1
6,7,1,1667,DEL_EXPLORED,1
6,7,2,1667,DEL_EXPLORED,1
6,7,1,1668,DEL_CUTOFF,-1
6,7,2,1668,PUSH,-1,bhldafcejgpinkom,-4,4,1
6,7,1,1669,DEL_CUTOFF,4
6,7,2,1669,DEL_EXPLORED,1
6,7,1,1670,POP,-1,bagdfhcejplinkom
6,7,2,1670,DEL_CUTOFF,4
6,7,1,1671,DEL_EXPLORED,4
6,7,2,1671,DEL_CUTOFF,-4
6,7,1,1672,POP,-4,bgadfhcejplinkom
6,7,2,1672,POP,-1,bhldafcejgpinkom
6,7,1,1673,POP,1,bgcdfhaejplinkom
6,7,2,1673,PUSH,4,bhldfgcejapinkom,-4,4,-1,1
6,7,1,1674,PUSH,-1,bgcdafhejplinkom,-4,4,1
6,7,2,1674,DEL_CUTOFF,1
6,7,1,1675,DEL_EXPLORED,1
6,7,2,1675,DEL_CUTOFF,-1
6,7,1,1676,PUSH,4,bgcdjfheaplinkom,-4,4,1
6,7,2,1676,DEL_CUTOFF,4
6,7,1,1677,PUSH,1,bgcdjfhepalinkom,-4,4,-1,1
6,7,2,1677,DEL_EXPLORED,-4
6,7,1,1678,DEL_CUTOFF,1
6,7,2,1678,POP,4,bhldfgcejapinkom
6,7,1,1679,DEL_EXPLORED,-1
6,7,2,1679,PUSH,-4,baldfhcejgpinkom,4,-1,1
6,7,1,1680,DEL_CUTOFF,4
6,7,2,1680,DEL_CUTOFF,1
6,7,1,1681,DEL_CUTOFF,-4
6,7,2,1681,DEL_CUTOFF,-1
6,7,1,1682,POP,1,bgcdjfhepalinkom
6,7,2,1682,DEL_EXPLORED,4
6,7,1,1683,PUSH,4,bgcdjfhenpliakom,-4,1
6,7,2,1683,POP,-4,baldfhcejgpinkom
6,7,1,1684,DEL_CUTOFF,1
6,7,2,1684,POP,-1,bhldfacejgpinkom
6,7,1,1685,DEL_EXPLORED,-4
6,7,2,1685,PUSH,4,bhldfcpejgainkom,-4,4,-1,1
6,7,1,1686,POP,4,bgcdjfhenpliakom
6,7,2,1686,PUSH,1,bhldfcpejgiankom,-4,4,-1
6,7,1,1687,DEL_EXPLORED,-4
6,7,2,1687,DEL_EXPLORED,-1
6,7,1,1688,POP,4,bgcdjfheaplinkom
6,7,2,1688,DEL_CUTOFF,4
6,7,1,1689,PUSH,-4,agcdbfhejplinkom,4,1
6,7,2,1689,DEL_CUTOFF,-4
6,7,1,1690,PUSH,1,gacdbfhejplinkom,4,-1,1
6,7,2,1690,POP,1,bhldfcpejgiankom
6,7,1,1691,DEL_CUTOFF,1
6,7,2,1691,PUSH,-1,bhldfcpejaginkom,-4,4,-1,1
6,7,1,1692,DEL_EXPLORED,-1
6,7,2,1692,DEL_EXPLORED,1
6,7,1,1693,DEL_CUTOFF,4
6,7,2,1693,DEL_CUTOFF,-1
6,7,1,1694,POP,1,gacdbfhejplinkom
6,7,2,1694,DEL_CUTOFF,4
6,7,1,1695,DEL_EXPLORED,4
6,7,2,1695,DEL_CUTOFF,-4
6,7,1,1696,POP,-4,agcdbfhejplinkom
6,7,2,1696,POP,-1,bhldfcpejaginkom
6,7,1,1697,POP,-1,bgcdafhejplinkom
6,7,2,1697,PUSH,4,bhldfcpejgoinkam,-4,-1,1
6,7,1,1698,PUSH,4,bgcdfphejalinkom,-4,4,-1,1
6,7,2,1698,DEL_CUTOFF,1
6,7,1,1699,PUSH,1,bgcdfphejlainkom,-4,4,-1,1
6,7,2,1699,DEL_CUTOFF,-1
6,7,1,1700,PUSH,1,bgcdfphejliankom,-4,4,-1
6,7,2,1700,DEL_EXPLORED,-4
6,7,1,1701,DEL_EXPLORED,-1
6,7,2,1701,POP,4,bhldfcpejgoinkam
6,7,1,1702,DEL_CUTOFF,4
6,7,2,1702,DEL_EXPLORED,-4
6,7,1,1703,DEL_CUTOFF,-4
6,7,2,1703,POP,4,bhldfcpejgainkom
6,7,1,1704,POP,1,bgcdfphejliankom
6,7,2,1704,DEL_EXPLORED,-4
6,7,1,1705,DEL_EXPLORED,-1
6,7,2,1705,POP,4,bhldfcaejgpinkom
6,7,1,1706,PUSH,4,bgcdfphejloinkam,-4,-1,1
6,7,2,1706,POP,1,bhadfclejgpinkom
6,7,1,1707,DEL_CUTOFF,1
6,7,2,1707,PUSH,-1,abhdfclejgpinkom,4,1
6,7,1,1708,DEL_CUTOFF,-1
6,7,2,1708,DEL_EXPLORED,1
6,7,1,1709,DEL_EXPLORED,-4
6,7,2,1709,PUSH,4,fbhdaclejgpinkom,-4,4,1
6,7,1,1710,POP,4,bgcdfphejloinkam
6,7,2,1710,PUSH,1,fbhdcalejgpinkom,-4,4,-1,1
6,7,1,1711,PUSH,-4,bgcdfpaejlhinkom,-4,4,-1,1
6,7,2,1711,PUSH,1,fbhdclaejgpinkom,-4,4,-1,1
6,7,1,1712,DEL_CUTOFF,1
6,7,2,1712,DEL_CUTOFF,1
6,7,1,1713,DEL_CUTOFF,-1
6,7,2,1713,DEL_EXPLORED,-1
6,7,1,1714,DEL_EXPLORED,4
6,7,2,1714,DEL_CUTOFF,4
6,7,1,1715,DEL_CUTOFF,-4
6,7,2,1715,DEL_CUTOFF,-4
6,7,1,1716,POP,-4,bgcdfpaejlhinkom
6,7,2,1716,POP,1,fbhdclaejgpinkom
6,7,1,1717,POP,1,bgcdfphejlainkom
6,7,2,1717,DEL_EXPLORED,-1
6,7,1,1718,PUSH,-1,bgcdfpheajlinkom,-4,4,1
6,7,2,1718,PUSH,4,fbhdcglejapinkom,-4,4,-1,1
6,7,1,1719,DEL_EXPLORED,1
6,7,2,1719,DEL_CUTOFF,1
6,7,1,1720,PUSH,4,bgcdfphenjliakom,-4,1
6,7,2,1720,DEL_CUTOFF,-1
6,7,1,1721,DEL_CUTOFF,1
6,7,2,1721,DEL_CUTOFF,4
6,7,1,1722,DEL_EXPLORED,-4
6,7,2,1722,DEL_EXPLORED,-4
6,7,1,1723,POP,4,bgcdfphenjliakom
6,7,2,1723,POP,4,fbhdcglejapinkom
6,7,1,1724,PUSH,-4,bgcdaphefjlinkom,-4,4,1
6,7,2,1724,PUSH,-4,fahdcblejgpinkom,4,-1,1
6,7,1,1725,DEL_CUTOFF,1
6,7,2,1725,DEL_CUTOFF,1
6,7,1,1726,DEL_EXPLORED,4
6,7,2,1726,DEL_CUTOFF,-1
6,7,1,1727,DEL_CUTOFF,-4
6,7,2,1727,DEL_EXPLORED,4
6,7,1,1728,POP,-4,bgcdaphefjlinkom
6,7,2,1728,POP,-4,fahdcblejgpinkom
6,7,1,1729,POP,-1,bgcdfpheajlinkom
6,7,2,1729,POP,1,fbhdcalejgpinkom
6,7,1,1730,PUSH,4,bgcdfphejklinaom,-4,-1,1
6,7,2,1730,PUSH,4,fbhdjcleagpinkom,-4,4,1
6,7,1,1731,PUSH,1,bgcdfphejklinoam,-4,-1,1
6,7,2,1731,PUSH,1,fbhdjclegapinkom,-4,4,-1,1
6,7,1,1732,DEL_CUTOFF,1
6,7,2,1732,DEL_CUTOFF,1
6,7,1,1733,DEL_EXPLORED,-1
6,7,2,1733,DEL_EXPLORED,-1
6,7,1,1734,DEL_CUTOFF,-4
6,7,2,1734,DEL_CUTOFF,4
6,7,1,1735,POP,1,bgcdfphejklinoam
6,7,2,1735,DEL_CUTOFF,-4
6,7,1,1736,PUSH,-1,bgcdfphejklianom,-4,1
6,7,2,1736,POP,1,fbhdjclegapinkom
6,7,1,1737,DEL_EXPLORED,1
6,7,2,1737,PUSH,4,fbhdjclengpiakom,-4,1
6,7,1,1738,DEL_CUTOFF,-4
6,7,2,1738,DEL_CUTOFF,1
6,7,1,1739,POP,-1,bgcdfphejklianom
6,7,2,1739,DEL_EXPLORED,-4
6,7,1,1740,DEL_EXPLORED,-4
6,7,2,1740,POP,4,fbhdjclengpiakom
6,7,1,1741,POP,4,bgcdfphejklinaom
6,7,2,1741,DEL_EXPLORED,-4
6,7,1,1742,DEL_EXPLORED,-4
6,7,2,1742,POP,4,fbhdjcleagpinkom
6,7,1,1743,POP,4,bgcdfphejalinkom
6,7,2,1743,DEL_EXPLORED,-4
6,7,1,1744,DEL_EXPLORED,-4
6,7,2,1744,POP,4,fbhdaclejgpinkom
6,7,1,1745,POP,4,bgcdfahejplinkom
6,7,2,1745,POP,-1,abhdfclejgpinkom
6,7,1,1746,POP,-1,bacdfghejplinkom
6,7,2,1746,DEL_EXPLORED,4
6,7,1,1747,DEL_EXPLORED,4
6,7,2,1747,POP,-4,bahdfclejgpinkom
6,7,1,1748,POP,-4,bcadfghejplinkom
6,7,2,1748,POP,-4,bchdfalejgpinkom
6,7,1,1749,POP,-4,bchdfgaejplinkom
6,7,2,1749,POP,-1,bchdfglejapinkom
6,7,1,1750,POP,0,bchdfglejpainkom
6,7,2,1750,POP,0,bchdfglejpainkom
7,8,0,1751,PUSH,1,bchdfglejpoinkma,-4,-1
7,8,1,1751,PUSH,1,bchdfgeajplinkom,-4,4,-1
7,8,2,1751,DEL_EXPLORED,1
7,8,3,1751,PUSH,-1,bchdfglejpimnkao,-4,-1,1
7,8,4,1751,PUSH,-1,bchdfgaljpienkom,-4,4,-1,1
7,8,0,1752,DEL_EXPLORED,-1
7,8,1,1752,DEL_EXPLORED,-1
7,8,2,1752,PUSH,-1,bchdfgleajpinkom,-4,4,1
7,8,3,1752,DEL_EXPLORED,1
7,8,4,1752,DEL_EXPLORED,1
7,8,0,1753,PUSH,-4,bchdfglejpoankmi,-4,4,-1
7,8,1,1753,PUSH,4,bchdfgeijplankom,-4,4,-1
7,8,2,1753,DEL_EXPLORED,1
7,8,3,1753,PUSH,-1,bchdfglejpimnako,-4,-1,1
7,8,4,1753,PUSH,-1,bchdfagljpienkom,-4,4,-1,1
7,8,0,1754,PUSH,-1,bchdfglejpaonkmi,-4,4,-1,1
7,8,1,1754,PUSH,-1,bchdfgeijpalnkom,-4,4,-1,1
7,8,2,1754,PUSH,4,bchdfglenjpiakom,-4,1
7,8,3,1754,DEL_EXPLORED,1
7,8,4,1754,DEL_EXPLORED,1
7,8,0,1755,DEL_EXPLORED,1
7,8,1,1755,DEL_EXPLORED,1
7,8,2,1755,PUSH,1,bchdfglenjpikaom,-4,-1,1
7,8,3,1755,PUSH,-1,bchdfglejpimanko,-4,1
7,8,4,1755,PUSH,-1,bchdafgljpienkom,-4,4,1
7,8,0,1756,PUSH,-1,bchdfglejaponkmi,-4,4,-1,1
7,8,1,1756,PUSH,-1,bchdfgeijaplnkom,-4,4,-1,1
7,8,2,1756,PUSH,1,bchdfglenjpikoam,-4,-1,1
7,8,3,1756,DEL_EXPLORED,1
7,8,4,1756,DEL_EXPLORED,1
7,8,0,1757,DEL_EXPLORED,1
7,8,1,1757,DEL_EXPLORED,1
7,8,2,1757,PUSH,1,bchdfglenjpikoma,-4,-1
7,8,3,1757,PUSH,-4,bchdfgleapimjnko,-4,4,1
7,8,4,1757,PUSH,4,bchdjfglapienkom,-4,4,1
7,8,0,1758,PUSH,-1,bchdfgleajponkmi,-4,4,1
7,8,1,1758,PUSH,-1,bchdfgeiajplnkom,-4,4,1
7,8,2,1758,DEL_EXPLORED,-1
7,8,3,1758,PUSH,1,bchdfglepaimjnko,-4,4,-1,1
7,8,4,1758,PUSH,1,bchdjfglpaienkom,-4,4,-1,1
7,8,0,1759,DEL_EXPLORED,1
7,8,1,1759,DEL_EXPLORED,1
7,8,2,1759,PUSH,-4,bchdfglenjpakomi,-4,4,-1
7,8,3,1759,PUSH,1,bchdfglepiamjnko,-4,4,-1,1
7,8,4,1759,PUSH,1,bchdjfglpiaenkom,-4,4,-1,1
7,8,0,1760,PUSH,4,bchdfglenjpoakmi,-4,1
7,8,1,1760,PUSH,4,bchdfgeinjplakom,-4,1
7,8,2,1760,PUSH,-1,bchdfglenjapkomi,-4,4,-1,1
7,8,3,1760,DEL_CUTOFF,1
7,8,4,1760,DEL_CUTOFF,1
7,8,0,1761,PUSH,1,bchdfglenjpokami,-4,-1,1
7,8,1,1761,PUSH,1,bchdfgeinjplkaom,-4,-1,1
7,8,2,1761,DEL_EXPLORED,1
7,8,3,1761,DEL_EXPLORED,-1
7,8,4,1761,DEL_EXPLORED,-1
7,8,0,1762,DEL_CUTOFF,1
7,8,1,1762,DEL_CUTOFF,1
7,8,2,1762,DEL_CUTOFF,-1
7,8,3,1762,DEL_CUTOFF,4
7,8,4,1762,DEL_CUTOFF,4
7,8,0,1763,DEL_EXPLORED,-1
7,8,1,1763,DEL_EXPLORED,-1
7,8,2,1763,DEL_CUTOFF,4
7,8,3,1763,DEL_CUTOFF,-4
7,8,4,1763,DEL_CUTOFF,-4
7,8,0,1764,DEL_CUTOFF,-4
7,8,1,1764,DEL_CUTOFF,-4
7,8,2,1764,DEL_CUTOFF,-4
7,8,3,1764,POP,1,bchdfglepiamjnko
7,8,4,1764,POP,1,bchdjfglpiaenkom
7,8,0,1765,POP,1,bchdfglenjpokami
7,8,1,1765,POP,1,bchdfgeinjplkaom
7,8,2,1765,POP,-1,bchdfglenjapkomi
7,8,3,1765,DEL_EXPLORED,-1
7,8,4,1765,DEL_EXPLORED,-1
7,8,0,1766,DEL_EXPLORED,-4
7,8,1,1766,DEL_EXPLORED,-4
7,8,2,1766,DEL_EXPLORED,4
7,8,3,1766,PUSH,4,bchdfglepnimjako,-4,-1,1
7,8,4,1766,PUSH,4,bchdjfglpkienaom,-4,-1,1
7,8,0,1767,POP,4,bchdfglenjpoakmi
7,8,1,1767,POP,4,bchdfgeinjplakom
7,8,2,1767,PUSH,-4,bchdfglanjpekomi,-4,4,-1
7,8,3,1767,DEL_CUTOFF,1
7,8,4,1767,DEL_CUTOFF,1
7,8,0,1768,PUSH,-4,bchdaglefjponkmi,-4,4,1
7,8,1,1768,PUSH,-4,bchdageifjplnkom,-4,4,1
7,8,2,1768,DEL_CUTOFF,-1
7,8,3,1768,DEL_CUTOFF,-1
7,8,4,1768,DEL_CUTOFF,-1
7,8,0,1769,PUSH,1,bchdgalefjponkmi,-4,4,-1,1
7,8,1,1769,PUSH,1,bchdgaeifjplnkom,-4,4,-1,1
7,8,2,1769,DEL_EXPLORED,4
7,8,3,1769,DEL_EXPLORED,-4
7,8,4,1769,DEL_EXPLORED,-4
7,8,0,1770,DEL_CUTOFF,1
7,8,1,1770,DEL_CUTOFF,1
7,8,2,1770,DEL_CUTOFF,-4
7,8,3,1770,POP,4,bchdfglepnimjako
7,8,4,1770,POP,4,bchdjfglpkienaom
7,8,0,1771,DEL_EXPLORED,-1
7,8,1,1771,DEL_EXPLORED,-1
7,8,2,1771,POP,-4,bchdfglanjpekomi
7,8,3,1771,PUSH,-4,bchdfalepgimjnko,-4,4,-1,1
7,8,4,1771,PUSH,-4,bchdjaglpfienkom,-4,4,-1,1
7,8,0,1772,DEL_CUTOFF,4
7,8,1,1772,DEL_CUTOFF,4
7,8,2,1772,POP,-4,bchdfglenjpakomi
7,8,3,1772,DEL_CUTOFF,1
7,8,4,1772,DEL_CUTOFF,1
7,8,0,1773,DEL_CUTOFF,-4
7,8,1,1773,DEL_CUTOFF,-4
7,8,2,1773,POP,1,bchdfglenjpikoma
7,8,3,1773,DEL_CUTOFF,-1
7,8,4,1773,DEL_CUTOFF,-1
7,8,0,1774,POP,1,bchdgalefjponkmi
7,8,1,1774,POP,1,bchdgaeifjplnkom
7,8,2,1774,DEL_EXPLORED,-1
7,8,3,1774,DEL_EXPLORED,4
7,8,4,1774,DEL_EXPLORED,4
7,8,0,1775,DEL_EXPLORED,4
7,8,1,1775,DEL_EXPLORED,4
7,8,2,1775,PUSH,-4,bchdfglenjaikopm,-4,4,-1,1
7,8,3,1775,DEL_CUTOFF,-4
7,8,4,1775,DEL_CUTOFF,-4
7,8,0,1776,PUSH,-4,achdbglefjponkmi,4,1
7,8,1,1776,PUSH,-4,achdbgeifjplnkom,4,1
7,8,2,1776,PUSH,1,bchdfglenjiakopm,-4,4,-1
7,8,3,1776,POP,-4,bchdfalepgimjnko
7,8,4,1776,POP,-4,bchdjaglpfienkom
7,8,0,1777,DEL_CUTOFF,1
7,8,1,1777,DEL_CUTOFF,1
7,8,2,1777,DEL_EXPLORED,-1
7,8,3,1777,POP,1,bchdfglepaimjnko
7,8,4,1777,POP,1,bchdjfglpaienkom
7,8,0,1778,DEL_EXPLORED,4
7,8,1,1778,DEL_EXPLORED,4
7,8,2,1778,PUSH,4,bchdfglenjimkopa,-4,-1
7,8,3,1778,DEL_EXPLORED,4
7,8,4,1778,PUSH,4,bchdjfglnpieakom,-4,1
7,8,0,1779,POP,-4,achdbglefjponkmi
7,8,1,1779,POP,-4,achdbgeifjplnkom
7,8,2,1779,DEL_CUTOFF,-1
7,8,3,1779,PUSH,-4,bchdaglefpimjnko,-4,4,1
7,8,4,1779,PUSH,1,bchdjfglnpiekaom,-4,-1,1
7,8,0,1780,POP,-4,bchdaglefjponkmi
7,8,1,1780,POP,-4,bchdageifjplnkom
7,8,2,1780,DEL_EXPLORED,-4
7,8,3,1780,PUSH,1,bchdgalefpimjnko,-4,4,-1,1
7,8,4,1780,DEL_CUTOFF,1
7,8,0,1781,POP,-1,bchdfgleajponkmi
7,8,1,1781,POP,-1,bchdfgeiajplnkom
7,8,2,1781,POP,4,bchdfglenjimkopa
7,8,3,1781,DEL_CUTOFF,1
7,8,4,1781,DEL_EXPLORED,-1
7,8,0,1782,PUSH,4,bchdfglejkponami,-4,-1,1
7,8,1,1782,PUSH,4,bchdfgeijkplnaom,-4,-1,1
7,8,2,1782,PUSH,-4,bchdfglanjiekopm,-4,4,-1
7,8,3,1782,DEL_EXPLORED,-1
7,8,4,1782,DEL_CUTOFF,-4
7,8,0,1783,PUSH,1,bchdfglejkponmai,-4,-1,1
7,8,1,1783,PUSH,1,bchdfgeijkplnoam,-4,-1,1
7,8,2,1783,DEL_CUTOFF,-1
7,8,3,1783,DEL_CUTOFF,4
7,8,4,1783,POP,1,bchdjfglnpiekaom
7,8,0,1784,PUSH,1,bchdfglejkponmia,-4,-1
7,8,1,1784,PUSH,1,bchdfgeijkplnoma,-4,-1
7,8,2,1784,DEL_EXPLORED,4
7,8,3,1784,DEL_CUTOFF,-4
7,8,4,1784,DEL_EXPLORED,-4
7,8,0,1785,DEL_EXPLORED,-1
7,8,1,1785,DEL_EXPLORED,-1
7,8,2,1785,DEL_CUTOFF,-4
7,8,3,1785,POP,1,bchdgalefpimjnko
7,8,4,1785,POP,4,bchdjfglnpieakom
7,8,0,1786,DEL_CUTOFF,-4
7,8,1,1786,DEL_CUTOFF,-4
7,8,2,1786,POP,-4,bchdfglanjiekopm
7,8,3,1786,DEL_EXPLORED,4
7,8,4,1786,DEL_EXPLORED,-4
7,8,0,1787,POP,1,bchdfglejkponmia
7,8,1,1787,POP,1,bchdfgeijkplnoma
7,8,2,1787,POP,1,bchdfglenjiakopm
7,8,3,1787,PUSH,-4,achdbglefpimjnko,4,1
7,8,4,1787,POP,4,bchdjfglapienkom
7,8,0,1788,DEL_EXPLORED,-1
7,8,1,1788,DEL_EXPLORED,-1
7,8,2,1788,PUSH,-1,bchdfglenajikopm,-4,4,-1,1
7,8,3,1788,DEL_CUTOFF,1
7,8,4,1788,PUSH,-4,achdbfgljpienkom,4,1
7,8,0,1789,PUSH,-4,bchdfglejkaonmpi,-4,4,-1,1
7,8,1,1789,PUSH,-4,bchdfgeijkalnopm,-4,4,-1,1
7,8,2,1789,DEL_EXPLORED,1
7,8,3,1789,DEL_EXPLORED,4
7,8,4,1789,PUSH,1,cahdbfgljpienkom,4,-1,1
7,8,0,1790,DEL_CUTOFF,1
7,8,1,1790,DEL_CUTOFF,1
7,8,2,1790,PUSH,-1,bchdfgleanjikopm,-4,4,1
7,8,3,1790,POP,-4,achdbglefpimjnko
7,8,4,1790,PUSH,1,chadbfgljpienkom,4,-1,1
7,8,0,1791,DEL_CUTOFF,-1
7,8,1,1791,DEL_CUTOFF,-1
7,8,2,1791,DEL_EXPLORED,1
7,8,3,1791,POP,-4,bchdaglefpimjnko
7,8,4,1791,DEL_CUTOFF,1
7,8,0,1792,DEL_EXPLORED,4
7,8,1,1792,DEL_EXPLORED,4
7,8,2,1792,DEL_CUTOFF,4
7,8,3,1792,POP,-4,bchdfgleapimjnko
7,8,4,1792,DEL_EXPLORED,-1
7,8,0,1793,DEL_CUTOFF,-4
7,8,1,1793,DEL_CUTOFF,-4
7,8,2,1793,DEL_CUTOFF,-4
7,8,3,1793,POP,-1,bchdfglejpimanko
7,8,4,1793,DEL_CUTOFF,4
7,8,0,1794,POP,-4,bchdfglejkaonmpi
7,8,1,1794,POP,-4,bchdfgeijkalnopm
7,8,2,1794,POP,-1,bchdfgleanjikopm
7,8,3,1794,PUSH,-4,bchdfglejaimnpko,-4,4,-1,1
7,8,4,1794,POP,1,chadbfgljpienkom
7,8,0,1795,POP,1,bchdfglejkponmai
7,8,1,1795,POP,1,bchdfgeijkplnoam
7,8,2,1795,PUSH,4,bchdfglenojikapm,-4,-1,1
7,8,3,1795,PUSH,1,bchdfglejiamnpko,-4,4,-1,1
7,8,4,1795,DEL_EXPLORED,-1
7,8,0,1796,PUSH,-1,bchdfglejkpoanmi,-4,1
7,8,1,1796,PUSH,-1,bchdfgeijkplanom,-4,1
7,8,2,1796,DEL_CUTOFF,1
7,8,3,1796,PUSH,1,bchdfglejimanpko,-4,4,-1
7,8,4,1796,PUSH,4,cfhdbagljpienkom,-4,4,-1,1
7,8,0,1797,DEL_EXPLORED,1
7,8,1,1797,DEL_EXPLORED,1
7,8,2,1797,DEL_CUTOFF,-1
7,8,3,1797,DEL_EXPLORED,-1
7,8,4,1797,DEL_CUTOFF,1
7,8,0,1798,PUSH,-4,bchdfgleakpojnmi,-4,4,1
7,8,1,1798,PUSH,-4,bchdfgeiakpljnom,-4,4,1
7,8,2,1798,DEL_EXPLORED,-4
7,8,3,1798,PUSH,4,bchdfglejimonpka,-4,-1
7,8,4,1798,DEL_CUTOFF,-1
7,8,0,1799,DEL_CUTOFF,1
7,8,1,1799,DEL_CUTOFF,1
7,8,2,1799,POP,4,bchdfglenojikapm
7,8,3,1799,DEL_CUTOFF,-1
7,8,4,1799,DEL_CUTOFF,4
7,8,0,1800,DEL_EXPLORED,4
7,8,1,1800,DEL_EXPLORED,4
7,8,2,1800,PUSH,-4,bchdfalengjikopm,-4,4,-1,1
7,8,3,1800,DEL_EXPLORED,-4
7,8,4,1800,DEL_EXPLORED,-4
7,8,0,1801,DEL_CUTOFF,-4
7,8,1,1801,DEL_CUTOFF,-4
7,8,2,1801,DEL_CUTOFF,1
7,8,3,1801,POP,4,bchdfglejimonpka
7,8,4,1801,POP,4,cfhdbagljpienkom
7,8,0,1802,POP,-4,bchdfgleakpojnmi
7,8,1,1802,POP,-4,bchdfgeiakpljnom
7,8,2,1802,DEL_CUTOFF,-1
7,8,3,1802,PUSH,-4,bchdfglajimenpko,-4,4,-1
7,8,4,1802,POP,1,cahdbfgljpienkom
7,8,0,1803,POP,-1,bchdfglejkpoanmi
7,8,1,1803,POP,-1,bchdfgeijkplanom
7,8,2,1803,DEL_EXPLORED,4
7,8,3,1803,DEL_CUTOFF,-1
7,8,4,1803,DEL_EXPLORED,4
7,8,0,1804,DEL_EXPLORED,-4
7,8,1,1804,DEL_EXPLORED,-4
7,8,2,1804,DEL_CUTOFF,-4
7,8,3,1804,DEL_EXPLORED,4
7,8,4,1804,POP,-4,achdbfgljpienkom
7,8,0,1805,POP,4,bchdfglejkponami
7,8,1,1805,POP,4,bchdfgeijkplnaom
7,8,2,1805,POP,-4,bchdfalengjikopm
7,8,3,1805,DEL_CUTOFF,-4
7,8,4,1805,POP,-1,bchdafgljpienkom
7,8,0,1806,PUSH,-4,bchdfalejgponkmi,-4,4,-1,1
7,8,1,1806,PUSH,-4,bchdfaeijgplnkom,-4,4,-1,1
7,8,2,1806,POP,-1,bchdfglenajikopm
7,8,3,1806,POP,-4,bchdfglajimenpko
7,8,4,1806,PUSH,4,bchdfpgljaienkom,-4,4,-1,1
7,8,0,1807,PUSH,1,bchdflaejgponkmi,-4,4,-1,1
7,8,1,1807,PUSH,1,bchdfeaijgplnkom,-4,4,-1,1
7,8,2,1807,DEL_EXPLORED,4
7,8,3,1807,POP,1,bchdfglejimanpko
7,8,4,1807,PUSH,1,bchdfpgljiaenkom,-4,4,-1,1
7,8,0,1808,PUSH,1,bchdfleajgponkmi,-4,4,-1
7,8,1,1808,PUSH,1,bchdfeiajgplnkom,-4,4,-1
7,8,2,1808,PUSH,-4,bchdfgaenjlikopm,-4,4,-1,1
7,8,3,1808,DEL_EXPLORED,-1
7,8,4,1808,PUSH,1,bchdfpgljieankom,-4,4,-1
7,8,0,1809,DEL_EXPLORED,-1
7,8,1,1809,DEL_EXPLORED,-1
7,8,2,1809,PUSH,1,bchdfgeanjlikopm,-4,4,-1
7,8,3,1809,PUSH,4,bchdfglejikmnpao,-4,-1,1
7,8,4,1809,DEL_EXPLORED,-1
7,8,0,1810,DEL_CUTOFF,4
7,8,1,1810,DEL_CUTOFF,4
7,8,2,1810,DEL_EXPLORED,-1
7,8,3,1810,PUSH,1,bchdfglejikmnpoa,-4,-1
7,8,4,1810,PUSH,4,bchdfpgljiemnkoa,-4,-1
7,8,0,1811,DEL_CUTOFF,-4
7,8,1,1811,DEL_CUTOFF,-4
7,8,2,1811,DEL_CUTOFF,4
7,8,3,1811,DEL_EXPLORED,-1
7,8,4,1811,DEL_CUTOFF,-1
7,8,0,1812,POP,1,bchdfleajgponkmi
7,8,1,1812,POP,1,bchdfeiajgplnkom
7,8,2,1812,DEL_CUTOFF,-4
7,8,3,1812,DEL_CUTOFF,-4
7,8,4,1812,DEL_EXPLORED,-4
7,8,0,1813,DEL_EXPLORED,-1
7,8,1,1813,DEL_EXPLORED,-1
7,8,2,1813,POP,1,bchdfgeanjlikopm
7,8,3,1813,POP,1,bchdfglejikmnpoa
7,8,4,1813,POP,4,bchdfpgljiemnkoa
7,8,0,1814,PUSH,4,bchdflpejgaonkmi,-4,4,-1,1
7,8,1,1814,PUSH,4,bchdfepijgalnkom,-4,4,-1,1
7,8,2,1814,PUSH,-1,bchdfagenjlikopm,-4,4,-1,1
7,8,3,1814,PUSH,-1,bchdfglejikmnapo,-4,-1,1
7,8,4,1814,PUSH,-4,bchdfpgajielnkom,-4,4,-1
7,8,0,1815,DEL_CUTOFF,1
7,8,1,1815,DEL_CUTOFF,1
7,8,2,1815,DEL_EXPLORED,1
7,8,3,1815,DEL_EXPLORED,1
7,8,4,1815,DEL_CUTOFF,-1
7,8,0,1816,DEL_CUTOFF,-1
7,8,1,1816,DEL_CUTOFF,-1
7,8,2,1816,DEL_CUTOFF,-1
7,8,3,1816,DEL_CUTOFF,-1
7,8,4,1816,DEL_EXPLORED,4
7,8,0,1817,DEL_CUTOFF,4
7,8,1,1817,DEL_CUTOFF,4
7,8,2,1817,DEL_CUTOFF,4
7,8,3,1817,DEL_CUTOFF,-4
7,8,4,1817,DEL_CUTOFF,-4
7,8,0,1818,DEL_EXPLORED,-4
7,8,1,1818,DEL_EXPLORED,-4
7,8,2,1818,DEL_CUTOFF,-4
7,8,3,1818,POP,-1,bchdfglejikmnapo
7,8,4,1818,POP,-4,bchdfpgajielnkom
7,8,0,1819,POP,4,bchdflpejgaonkmi
7,8,1,1819,POP,4,bchdfepijgalnkom
7,8,2,1819,POP,-1,bchdfagenjlikopm
7,8,3,1819,DEL_EXPLORED,-4
7,8,4,1819,POP,1,bchdfpgljieankom
7,8,0,1820,PUSH,-4,bcadflhejgponkmi,4,-1,1
7,8,1,1820,PUSH,-4,bcadfehijgplnkom,4,-1,1
7,8,2,1820,DEL_EXPLORED,4
7,8,3,1820,POP,4,bchdfglejikmnpao
7,8,4,1820,DEL_EXPLORED,-1
7,8,0,1821,DEL_CUTOFF,1
7,8,1,1821,DEL_CUTOFF,1
7,8,2,1821,PUSH,-4,bcadfghenjlikopm,4,-1,1
7,8,3,1821,PUSH,-4,bchdfgaejilmnpko,-4,4,-1,1
7,8,4,1821,PUSH,4,bchdfpgljioenkam,-4,-1,1
7,8,0,1822,DEL_CUTOFF,-1
7,8,1,1822,DEL_CUTOFF,-1
7,8,2,1822,DEL_CUTOFF,1
7,8,3,1822,PUSH,1,bchdfgeajilmnpko,-4,4,-1
7,8,4,1822,PUSH,1,bchdfpgljioenkma,-4,-1
7,8,0,1823,DEL_EXPLORED,4
7,8,1,1823,DEL_EXPLORED,4
7,8,2,1823,DEL_CUTOFF,-1
7,8,3,1823,DEL_EXPLORED,-1
7,8,4,1823,DEL_EXPLORED,-1
7,8,0,1824,POP,-4,bcadflhejgponkmi
7,8,1,1824,POP,-4,bcadfehijgplnkom
7,8,2,1824,DEL_EXPLORED,4
7,8,3,1824,DEL_CUTOFF,4
7,8,4,1824,DEL_CUTOFF,-4
7,8,0,1825,POP,1,bchdflaejgponkmi
7,8,1,1825,POP,1,bchdfeaijgplnkom
7,8,2,1825,POP,-4,bcadfghenjlikopm
7,8,3,1825,DEL_CUTOFF,-4
7,8,4,1825,POP,1,bchdfpgljioenkma
7,8,0,1826,PUSH,-1,bchdaflejgponkmi,-4,4,1
7,8,1,1826,PUSH,-1,bchdafeijgplnkom,-4,4,1
7,8,2,1826,POP,-4,bchdfgaenjlikopm
7,8,3,1826,POP,1,bchdfgeajilmnpko
7,8,4,1826,PUSH,-1,bchdfpgljioenakm,-4,-1,1
7,8,0,1827,DEL_EXPLORED,1
7,8,1,1827,DEL_EXPLORED,1
7,8,2,1827,POP,-4,bchdfglenjaikopm
7,8,3,1827,PUSH,-1,bchdfagejilmnpko,-4,4,-1,1
7,8,4,1827,DEL_EXPLORED,1
7,8,0,1828,PUSH,4,bchdjfleagponkmi,-4,4,1
7,8,1,1828,PUSH,4,bchdjfeiagplnkom,-4,4,1
7,8,2,1828,POP,1,bchdfglenjpikoam
7,8,3,1828,DEL_EXPLORED,1
7,8,4,1828,DEL_CUTOFF,-1
7,8,0,1829,DEL_CUTOFF,1
7,8,1,1829,DEL_CUTOFF,1
7,8,2,1829,DEL_EXPLORED,-1
7,8,3,1829,DEL_CUTOFF,-1
7,8,4,1829,DEL_CUTOFF,-4
7,8,0,1830,DEL_CUTOFF,4
7,8,1,1830,DEL_CUTOFF,4
7,8,2,1830,PUSH,-4,bchdfglenapikjom,-4,4,-1,1
7,8,3,1830,DEL_CUTOFF,4
7,8,4,1830,POP,-1,bchdfpgljioenakm
7,8,0,1831,DEL_EXPLORED,-4
7,8,1,1831,DEL_EXPLORED,-4
7,8,2,1831,PUSH,1,bchdfglenpaikjom,-4,4,-1,1
7,8,3,1831,DEL_CUTOFF,-4
7,8,4,1831,DEL_EXPLORED,-4
7,8,0,1832,POP,4,bchdjfleagponkmi
7,8,1,1832,POP,4,bchdjfeiagplnkom
7,8,2,1832,PUSH,1,bchdfglenpiakjom,-4,4,-1
7,8,3,1832,POP,-1,bchdfagejilmnpko
7,8,4,1832,POP,4,bchdfpgljioenkam
7,8,0,1833,PUSH,-4,achdbflejgponkmi,4,1
7,8,1,1833,PUSH,-4,achdbfeijgplnkom,4,1
7,8,2,1833,DEL_EXPLORED,-1
7,8,3,1833,DEL_EXPLORED,4
7,8,4,1833,PUSH,-4,bchdfpaljigenkom,-4,4,-1,1
7,8,0,1834,DEL_CUTOFF,1
7,8,1,1834,DEL_CUTOFF,1
7,8,2,1834,PUSH,4,bchdfglenpimkjoa,-4,-1
7,8,3,1834,PUSH,-4,bcadfghejilmnpko,4,-1,1
7,8,4,1834,PUSH,1,bchdfplajigenkom,-4,4,-1
7,8,0,1835,DEL_EXPLORED,4
7,8,1,1835,DEL_EXPLORED,4
7,8,2,1835,DEL_CUTOFF,-1
7,8,3,1835,DEL_CUTOFF,1
7,8,4,1835,DEL_EXPLORED,-1
7,8,0,1836,POP,-4,achdbflejgponkmi
7,8,1,1836,POP,-4,achdbfeijgplnkom
7,8,2,1836,DEL_EXPLORED,-4
7,8,3,1836,DEL_CUTOFF,-1
7,8,4,1836,DEL_CUTOFF,4
7,8,0,1837,POP,-1,bchdaflejgponkmi
7,8,1,1837,POP,-1,bchdafeijgplnkom
7,8,2,1837,POP,4,bchdfglenpimkjoa
7,8,3,1837,DEL_EXPLORED,4
7,8,4,1837,DEL_CUTOFF,-4
7,8,0,1838,DEL_EXPLORED,4
7,8,1,1838,DEL_EXPLORED,4
7,8,2,1838,PUSH,-4,bchdfglanpiekjom,-4,4,-1
7,8,3,1838,POP,-4,bcadfghejilmnpko
7,8,4,1838,POP,1,bchdfplajigenkom
7,8,0,1839,PUSH,-4,bahdfclejgponkmi,4,-1,1
7,8,1,1839,PUSH,-4,bahdfceijgplnkom,4,-1,1
7,8,2,1839,DEL_CUTOFF,-1
7,8,3,1839,POP,-4,bchdfgaejilmnpko
7,8,4,1839,PUSH,-1,bchdfapljigenkom,-4,4,-1,1
7,8,0,1840,PUSH,1,bhadfclejgponkmi,4,-1,1
7,8,1,1840,PUSH,1,bhadfceijgplnkom,4,-1,1
7,8,2,1840,DEL_EXPLORED,4
7,8,3,1840,POP,1,bchdfglejiamnpko
7,8,4,1840,DEL_EXPLORED,1
7,8,0,1841,DEL_CUTOFF,1
7,8,1,1841,DEL_CUTOFF,1
7,8,2,1841,DEL_CUTOFF,-4
7,8,3,1841,PUSH,-1,bchdfgleajimnpko,-4,4,1
7,8,4,1841,DEL_CUTOFF,-1
7,8,0,1842,DEL_EXPLORED,-1
7,8,1,1842,DEL_EXPLORED,-1
7,8,2,1842,POP,-4,bchdfglanpiekjom
7,8,3,1842,DEL_EXPLORED,1
7,8,4,1842,DEL_CUTOFF,4
7,8,0,1843,DEL_CUTOFF,4
7,8,1,1843,DEL_CUTOFF,4
7,8,2,1843,POP,1,bchdfglenpiakjom
7,8,3,1843,PUSH,4,bchdfglenjimapko,-4,1
7,8,4,1843,DEL_CUTOFF,-4
7,8,0,1844,POP,1,bhadfclejgponkmi
7,8,1,1844,POP,1,bhadfceijgplnkom
7,8,2,1844,DEL_EXPLORED,-1
7,8,3,1844,PUSH,1,bchdfglenjimpako,-4,-1,1
7,8,4,1844,POP,-1,bchdfapljigenkom
7,8,0,1845,PUSH,-1,abhdfclejgponkmi,4,1
7,8,1,1845,PUSH,-1,abhdfceijgplnkom,4,1
7,8,2,1845,PUSH,4,bchdfglenpoikjam,-4,-1,1
7,8,3,1845,DEL_CUTOFF,1
7,8,4,1845,DEL_EXPLORED,4
7,8,0,1846,DEL_EXPLORED,1
7,8,1,1846,DEL_EXPLORED,1
7,8,2,1846,PUSH,1,bchdfglenpoikjma,-4,-1
7,8,3,1846,DEL_EXPLORED,-1
7,8,4,1846,PUSH,-4,bcadfphljigenkom,4,-1,1
7,8,0,1847,DEL_CUTOFF,4
7,8,1,1847,DEL_CUTOFF,4
7,8,2,1847,DEL_EXPLORED,-1
7,8,3,1847,DEL_CUTOFF,-4
7,8,4,1847,DEL_CUTOFF,1
7,8,0,1848,POP,-1,abhdfclejgponkmi
7,8,1,1848,POP,-1,abhdfceijgplnkom
7,8,2,1848,DEL_CUTOFF,-4
7,8,3,1848,POP,1,bchdfglenjimpako
7,8,4,1848,DEL_CUTOFF,-1
7,8,0,1849,DEL_EXPLORED,4
7,8,1,1849,DEL_EXPLORED,4
7,8,2,1849,POP,1,bchdfglenpoikjma
7,8,3,1849,DEL_EXPLORED,-4
7,8,4,1849,DEL_EXPLORED,4
7,8,0,1850,POP,-4,bahdfclejgponkmi
7,8,1,1850,POP,-4,bahdfceijgplnkom
7,8,2,1850,PUSH,-1,bchdfglenpoikajm,-4,-1,1
7,8,3,1850,POP,4,bchdfglenjimapko
7,8,4,1850,POP,-4,bcadfphljigenkom
7,8,0,1851,POP,-4,bchdfalejgponkmi
7,8,1,1851,POP,-4,bchdfaeijgplnkom
7,8,2,1851,DEL_EXPLORED,1
7,8,3,1851,PUSH,-4,bchdaglefjimnpko,-4,4,1
7,8,4,1851,POP,-4,bchdfpaljigenkom
7,8,0,1852,POP,-1,bchdfglejaponkmi
7,8,1,1852,POP,-1,bchdfgeijaplnkom
7,8,2,1852,DEL_CUTOFF,-1
7,8,3,1852,PUSH,1,bchdgalefjimnpko,-4,4,-1,1
7,8,4,1852,POP,1,bchdfpgljiaenkom
7,8,0,1853,PUSH,4,bchdfglejpmonkai,-4,-1,1
7,8,1,1853,PUSH,4,bchdfgeijpolnkam,-4,-1,1
7,8,2,1853,DEL_CUTOFF,-4
7,8,3,1853,DEL_CUTOFF,1
7,8,4,1853,PUSH,-1,bchdfpglajienkom,-4,4,1
7,8,0,1854,PUSH,1,bchdfglejpmonkia,-4,-1
7,8,1,1854,PUSH,1,bchdfgeijpolnkma,-4,-1
7,8,2,1854,POP,-1,bchdfglenpoikajm
7,8,3,1854,DEL_EXPLORED,-1
7,8,4,1854,DEL_EXPLORED,1
7,8,0,1855,DEL_EXPLORED,-1
7,8,1,1855,DEL_EXPLORED,-1
7,8,2,1855,DEL_EXPLORED,-4
7,8,3,1855,DEL_CUTOFF,4
7,8,4,1855,PUSH,4,bchdfpglnjieakom,-4,1
7,8,0,1856,PUSH,-4,bchdfglejpmankio,-4,4,-1
7,8,1,1856,PUSH,-4,bchdfgeijpoankml,-4,4,-1
7,8,2,1856,POP,4,bchdfglenpoikjam
7,8,3,1856,DEL_CUTOFF,-4
7,8,4,1856,PUSH,1,bchdfpglnjiekaom,-4,-1,1
7,8,0,1857,PUSH,-1,bchdfglejpamnkio,-4,4,-1,1
7,8,1,1857,PUSH,-1,bchdfgeijpaonkml,-4,4,-1,1
7,8,2,1857,PUSH,-4,bchdfgaenplikjom,-4,4,-1,1
7,8,3,1857,POP,1,bchdgalefjimnpko
7,8,4,1857,DEL_CUTOFF,1
7,8,0,1858,DEL_EXPLORED,1
7,8,1,1858,DEL_EXPLORED,1
7,8,2,1858,PUSH,1,bchdfgeanplikjom,-4,4,-1
7,8,3,1858,DEL_EXPLORED,4
7,8,4,1858,DEL_EXPLORED,-1
7,8,0,1859,DEL_CUTOFF,-1
7,8,1,1859,DEL_CUTOFF,-1
7,8,2,1859,DEL_EXPLORED,-1
7,8,3,1859,PUSH,-4,achdbglefjimnpko,4,1
7,8,4,1859,DEL_CUTOFF,-4
7,8,0,1860,DEL_CUTOFF,4
7,8,1,1860,DEL_CUTOFF,4
7,8,2,1860,DEL_CUTOFF,4
7,8,3,1860,DEL_CUTOFF,1
7,8,4,1860,POP,1,bchdfpglnjiekaom
7,8,0,1861,DEL_CUTOFF,-4
7,8,1,1861,DEL_CUTOFF,-4
7,8,2,1861,DEL_CUTOFF,-4
7,8,3,1861,DEL_EXPLORED,4
7,8,4,1861,DEL_EXPLORED,-4
7,8,0,1862,POP,-1,bchdfglejpamnkio
7,8,1,1862,POP,-1,bchdfgeijpaonkml
7,8,2,1862,POP,1,bchdfgeanplikjom
7,8,3,1862,POP,-4,achdbglefjimnpko
7,8,4,1862,POP,4,bchdfpglnjieakom
7,8,0,1863,DEL_EXPLORED,4
7,8,1,1863,DEL_EXPLORED,4
7,8,2,1863,PUSH,-1,bchdfagenplikjom,-4,4,-1,1
7,8,3,1863,POP,-4,bchdaglefjimnpko
7,8,4,1863,PUSH,-4,bchdapglfjienkom,-4,4,1
7,8,0,1864,PUSH,-4,bchdfglajpmenkio,-4,4,-1
7,8,1,1864,PUSH,-4,bchdfgeajpoinkml,-4,4,-1
7,8,2,1864,DEL_EXPLORED,1
7,8,3,1864,POP,-1,bchdfgleajimnpko
7,8,4,1864,PUSH,1,bchdpaglfjienkom,-4,4,-1,1
7,8,0,1865,DEL_CUTOFF,-1
7,8,1,1865,DEL_CUTOFF,-1
7,8,2,1865,DEL_CUTOFF,-1
7,8,3,1865,DEL_EXPLORED,4
7,8,4,1865,DEL_CUTOFF,1
7,8,0,1866,DEL_EXPLORED,4
7,8,1,1866,DEL_EXPLORED,4
7,8,2,1866,DEL_CUTOFF,4
7,8,3,1866,PUSH,-4,bchdfalejgimnpko,-4,4,-1,1
7,8,4,1866,DEL_EXPLORED,-1
7,8,0,1867,DEL_CUTOFF,-4
7,8,1,1867,DEL_CUTOFF,-4
7,8,2,1867,DEL_CUTOFF,-4
7,8,3,1867,PUSH,1,bchdflaejgimnpko,-4,4,-1,1
7,8,4,1867,DEL_CUTOFF,4
7,8,0,1868,POP,-4,bchdfglajpmenkio
7,8,1,1868,POP,-4,bchdfgeajpoinkml
7,8,2,1868,POP,-1,bchdfagenplikjom
7,8,3,1868,PUSH,1,bchdfleajgimnpko,-4,4,-1
7,8,4,1868,DEL_CUTOFF,-4
7,8,0,1869,POP,-4,bchdfglejpmankio
7,8,1,1869,POP,-4,bchdfgeijpoankml
7,8,2,1869,DEL_EXPLORED,4
7,8,3,1869,DEL_EXPLORED,-1
7,8,4,1869,POP,1,bchdpaglfjienkom
7,8,0,1870,POP,1,bchdfglejpmonkia
7,8,1,1870,POP,1,bchdfgeijpolnkma
7,8,2,1870,PUSH,-4,bcadfghenplikjom,4,-1,1
7,8,3,1870,DEL_CUTOFF,4
7,8,4,1870,DEL_EXPLORED,4
7,8,0,1871,PUSH,-1,bchdfglejpmonaki,-4,-1,1
7,8,1,1871,PUSH,-1,bchdfgeijpolnakm,-4,-1,1
7,8,2,1871,DEL_CUTOFF,1
7,8,3,1871,DEL_CUTOFF,-4
7,8,4,1871,PUSH,-4,achdbpglfjienkom,4,1
7,8,0,1872,DEL_EXPLORED,1
7,8,1,1872,DEL_EXPLORED,1
7,8,2,1872,DEL_CUTOFF,-1
7,8,3,1872,POP,1,bchdfleajgimnpko
7,8,4,1872,DEL_CUTOFF,1
7,8,0,1873,PUSH,-1,bchdfglejpmoanki,-4,1
7,8,1,1873,PUSH,-1,bchdfgeijpolankm,-4,1
7,8,2,1873,DEL_EXPLORED,4
7,8,3,1873,DEL_EXPLORED,-1
7,8,4,1873,DEL_EXPLORED,4
7,8,0,1874,DEL_EXPLORED,1
7,8,1,1874,DEL_EXPLORED,1
7,8,2,1874,POP,-4,bcadfghenplikjom
7,8,3,1874,PUSH,4,bchdfliejgamnpko,-4,4,-1,1
7,8,4,1874,POP,-4,achdbpglfjienkom
7,8,0,1875,PUSH,-4,bchdfgleapmojnki,-4,4,1
7,8,1,1875,PUSH,-4,bchdfgeiapoljnkm,-4,4,1
7,8,2,1875,POP,-4,bchdfgaenplikjom
7,8,3,1875,DEL_CUTOFF,1
7,8,4,1875,POP,-4,bchdapglfjienkom
7,8,0,1876,DEL_CUTOFF,1
7,8,1,1876,DEL_CUTOFF,1
7,8,2,1876,POP,1,bchdfglenpaikjom
7,8,3,1876,DEL_CUTOFF,-1
7,8,4,1876,POP,-1,bchdfpglajienkom
7,8,0,1877,DEL_EXPLORED,4
7,8,1,1877,DEL_EXPLORED,4
7,8,2,1877,PUSH,-1,bchdfgleanpikjom,-4,4,1
7,8,3,1877,DEL_CUTOFF,4
7,8,4,1877,PUSH,4,bchdfpgljkienaom,-4,-1,1
7,8,0,1878,DEL_CUTOFF,-4
7,8,1,1878,DEL_CUTOFF,-4
7,8,2,1878,DEL_EXPLORED,1
7,8,3,1878,DEL_EXPLORED,-4
7,8,4,1878,PUSH,1,bchdfpgljkienoam,-4,-1,1
7,8,0,1879,POP,-4,bchdfgleapmojnki
7,8,1,1879,POP,-4,bchdfgeiapoljnkm
7,8,2,1879,PUSH,4,bchdfgleknpiajom,-4,1
7,8,3,1879,POP,4,bchdfliejgamnpko
7,8,4,1879,PUSH,1,bchdfpgljkienoma,-4,-1
7,8,0,1880,POP,-1,bchdfglejpmoanki
7,8,1,1880,POP,-1,bchdfgeijpolankm
7,8,2,1880,PUSH,1,bchdfgleknpijaom,-4,-1,1
7,8,3,1880,PUSH,-4,bcadflhejgimnpko,4,-1,1
7,8,4,1880,DEL_EXPLORED,-1
7,8,0,1881,PUSH,-4,bchdfglejamonpki,-4,4,-1,1
7,8,1,1881,PUSH,-4,bchdfgeijaolnpkm,-4,4,-1,1
7,8,2,1881,DEL_CUTOFF,1
7,8,3,1881,DEL_CUTOFF,1
7,8,4,1881,DEL_CUTOFF,-4
7,8,0,1882,PUSH,1,bchdfglejmaonpki,-4,4,-1,1
7,8,1,1882,PUSH,1,bchdfgeijoalnpkm,-4,4,-1,1
7,8,2,1882,DEL_EXPLORED,-1
7,8,3,1882,DEL_CUTOFF,-1
7,8,4,1882,POP,1,bchdfpgljkienoma
7,8,0,1883,DEL_CUTOFF,1
7,8,1,1883,DEL_CUTOFF,1
7,8,2,1883,DEL_CUTOFF,-4
7,8,3,1883,DEL_EXPLORED,4
7,8,4,1883,DEL_EXPLORED,-1
7,8,0,1884,DEL_EXPLORED,-1
7,8,1,1884,DEL_EXPLORED,-1
7,8,2,1884,POP,1,bchdfgleknpijaom
7,8,3,1884,POP,-4,bcadflhejgimnpko
7,8,4,1884,PUSH,-4,bchdfpgljkaenoim,-4,4,-1,1
7,8,0,1885,DEL_CUTOFF,4
7,8,1,1885,DEL_CUTOFF,4
7,8,2,1885,DEL_EXPLORED,-4
7,8,3,1885,POP,1,bchdflaejgimnpko
7,8,4,1885,DEL_CUTOFF,1
7,8,0,1886,DEL_CUTOFF,-4
7,8,1,1886,DEL_CUTOFF,-4
7,8,2,1886,POP,4,bchdfgleknpiajom
7,8,3,1886,PUSH,-1,bchdaflejgimnpko,-4,4,1
7,8,4,1886,DEL_CUTOFF,-1
7,8,0,1887,POP,1,bchdfglejmaonpki
7,8,1,1887,POP,1,bchdfgeijoalnpkm
7,8,2,1887,PUSH,-4,bchdaglefnpikjom,-4,4,1
7,8,3,1887,DEL_EXPLORED,1
7,8,4,1887,DEL_EXPLORED,4
7,8,0,1888,PUSH,-1,bchdfgleajmonpki,-4,4,1
7,8,1,1888,PUSH,-1,bchdfgeiajolnpkm,-4,4,1
7,8,2,1888,PUSH,1,bchdgalefnpikjom,-4,4,-1,1
7,8,3,1888,PUSH,4,bchdjfleagimnpko,-4,4,1
7,8,4,1888,DEL_CUTOFF,-4
7,8,0,1889,DEL_EXPLORED,1
7,8,1,1889,DEL_EXPLORED,1
7,8,2,1889,DEL_CUTOFF,1
7,8,3,1889,DEL_CUTOFF,1
7,8,4,1889,POP,-4,bchdfpgljkaenoim
7,8,0,1890,DEL_CUTOFF,4
7,8,1,1890,DEL_CUTOFF,4
7,8,2,1890,DEL_EXPLORED,-1
7,8,3,1890,DEL_CUTOFF,4
7,8,4,1890,POP,1,bchdfpgljkienoam
7,8,0,1891,DEL_CUTOFF,-4
7,8,1,1891,DEL_CUTOFF,-4
7,8,2,1891,DEL_CUTOFF,4
7,8,3,1891,DEL_EXPLORED,-4
7,8,4,1891,PUSH,-1,bchdfpgljkieanom,-4,1
7,8,0,1892,POP,-1,bchdfgleajmonpki
7,8,1,1892,POP,-1,bchdfgeiajolnpkm
7,8,2,1892,DEL_CUTOFF,-4
7,8,3,1892,POP,4,bchdjfleagimnpko
7,8,4,1892,DEL_EXPLORED,1
7,8,0,1893,DEL_EXPLORED,4
7,8,1,1893,DEL_EXPLORED,4
7,8,2,1893,POP,1,bchdgalefnpikjom
7,8,3,1893,PUSH,-4,achdbflejgimnpko,4,1
7,8,4,1893,PUSH,-4,bchdfpglakiejnom,-4,4,1
7,8,0,1894,PUSH,-4,bchdfalejgmonpki,-4,4,-1,1
7,8,1,1894,PUSH,-4,bchdfaeijgolnpkm,-4,4,-1,1
7,8,2,1894,DEL_EXPLORED,4
7,8,3,1894,DEL_CUTOFF,1
7,8,4,1894,DEL_CUTOFF,1
7,8,0,1895,DEL_CUTOFF,1
7,8,1,1895,DEL_CUTOFF,1
7,8,2,1895,PUSH,-4,achdbglefnpikjom,4,1
7,8,3,1895,DEL_EXPLORED,4
7,8,4,1895,DEL_EXPLORED,4
7,8,0,1896,DEL_CUTOFF,-1
7,8,1,1896,DEL_CUTOFF,-1
7,8,2,1896,DEL_CUTOFF,1
7,8,3,1896,POP,-4,achdbflejgimnpko
7,8,4,1896,DEL_CUTOFF,-4
7,8,0,1897,DEL_EXPLORED,4
7,8,1,1897,DEL_EXPLORED,4
7,8,2,1897,DEL_EXPLORED,4
7,8,3,1897,POP,-1,bchdaflejgimnpko
7,8,4,1897,POP,-4,bchdfpglakiejnom
7,8,0,1898,DEL_CUTOFF,-4
7,8,1,1898,DEL_CUTOFF,-4
7,8,2,1898,POP,-4,achdbglefnpikjom
7,8,3,1898,DEL_EXPLORED,4
7,8,4,1898,POP,-1,bchdfpgljkieanom
7,8,0,1899,POP,-4,bchdfalejgmonpki
7,8,1,1899,POP,-4,bchdfaeijgolnpkm
7,8,2,1899,POP,-4,bchdaglefnpikjom
7,8,3,1899,PUSH,-4,bahdfclejgimnpko,4,-1,1
7,8,4,1899,DEL_EXPLORED,-4
7,8,0,1900,POP,-4,bchdfglejamonpki
7,8,1,1900,POP,-4,bchdfgeijaolnpkm
7,8,2,1900,POP,-1,bchdfgleanpikjom
7,8,3,1900,PUSH,1,bhadfclejgimnpko,4,-1,1
7,8,4,1900,POP,4,bchdfpgljkienaom
7,8,0,1901,POP,-1,bchdfglejpmonaki
7,8,1,1901,POP,-1,bchdfgeijpolnakm
7,8,2,1901,DEL_EXPLORED,4
7,8,3,1901,DEL_CUTOFF,1
7,8,4,1901,DEL_EXPLORED,-4
7,8,0,1902,DEL_EXPLORED,-4
7,8,1,1902,DEL_EXPLORED,-4
7,8,2,1902,PUSH,-4,bchdfalengpikjom,-4,4,-1,1
7,8,3,1902,DEL_EXPLORED,-1
7,8,4,1902,POP,4,bchdfpgljaienkom
7,8,0,1903,POP,4,bchdfglejpmonkai
7,8,1,1903,POP,4,bchdfgeijpolnkam
7,8,2,1903,PUSH,1,bchdflaengpikjom,-4,4,-1,1
7,8,3,1903,DEL_CUTOFF,4
7,8,4,1903,PUSH,-4,bahdfcgljpienkom,4,-1,1
7,8,0,1904,PUSH,-4,bchdfgaejplonkmi,-4,4,-1,1
7,8,1,1904,PUSH,-4,bchdfgaijpelnkom,-4,4,-1,1
7,8,2,1904,PUSH,1,bchdfleangpikjom,-4,4,-1
7,8,3,1904,POP,1,bhadfclejgimnpko
7,8,4,1904,PUSH,1,bhadfcgljpienkom,4,-1,1
7,8,0,1905,PUSH,1,bchdfgeajplonkmi,-4,4,-1
7,8,1,1905,PUSH,1,bchdfgiajpelnkom,-4,4,-1
7,8,2,1905,DEL_EXPLORED,-1
7,8,3,1905,PUSH,-1,abhdfclejgimnpko,4,1
7,8,4,1905,PUSH,1,bhdafcgljpienkom,4,-1
7,8,0,1906,DEL_EXPLORED,-1
7,8,1,1906,DEL_EXPLORED,-1
7,8,2,1906,DEL_CUTOFF,4
7,8,3,1906,DEL_EXPLORED,1
7,8,4,1906,DEL_EXPLORED,-1
7,8,0,1907,PUSH,4,bchdfgeojplankmi,-4,4,-1
7,8,1,1907,PUSH,4,bchdfgiljpeankom,-4,4,-1
7,8,2,1907,DEL_CUTOFF,-4
7,8,3,1907,DEL_CUTOFF,4
7,8,4,1907,PUSH,4,bhdlfcgajpienkom,-4,4,-1
7,8,0,1908,PUSH,-1,bchdfgeojpalnkmi,-4,4,-1,1
7,8,1,1908,PUSH,-1,bchdfgiljpaenkom,-4,4,-1,1
7,8,2,1908,POP,1,bchdfleangpikjom
7,8,3,1908,POP,-1,abhdfclejgimnpko
7,8,4,1908,DEL_CUTOFF,-1
7,8,0,1909,DEL_EXPLORED,1
7,8,1,1909,DEL_EXPLORED,1
7,8,2,1909,DEL_EXPLORED,-1
7,8,3,1909,DEL_EXPLORED,4
7,8,4,1909,DEL_CUTOFF,4
7,8,0,1910,DEL_CUTOFF,-1
7,8,1,1910,DEL_CUTOFF,-1
7,8,2,1910,PUSH,4,bchdflpengaikjom,-4,4,-1,1
7,8,3,1910,POP,-4,bahdfclejgimnpko
7,8,4,1910,DEL_EXPLORED,-4
7,8,0,1911,DEL_CUTOFF,4
7,8,1,1911,DEL_CUTOFF,4
7,8,2,1911,DEL_CUTOFF,1
7,8,3,1911,POP,-4,bchdfalejgimnpko
7,8,4,1911,POP,4,bhdlfcgajpienkom
7,8,0,1912,DEL_CUTOFF,-4
7,8,1,1912,DEL_CUTOFF,-4
7,8,2,1912,DEL_CUTOFF,-1
7,8,3,1912,POP,-4,bchdfglejaimnpko
7,8,4,1912,POP,1,bhdafcgljpienkom
7,8,0,1913,POP,-1,bchdfgeojpalnkmi
7,8,1,1913,POP,-1,bchdfgiljpaenkom
7,8,2,1913,DEL_CUTOFF,4
7,8,3,1913,POP,-1,bchdfglejpimnako
7,8,4,1913,DEL_EXPLORED,-1
7,8,0,1914,PUSH,4,bchdfgeojplinkma,-4,-1
7,8,1,1914,PUSH,4,bchdfgiljpemnkoa,-4,-1
7,8,2,1914,DEL_EXPLORED,-4
7,8,3,1914,PUSH,-4,bchdfglejpamnkio,-4,4,-1,1
7,8,4,1914,PUSH,4,bhgdfcaljpienkom,-4,4,-1,1
7,8,0,1915,DEL_CUTOFF,-1
7,8,1,1915,DEL_CUTOFF,-1
7,8,2,1915,POP,4,bchdflpengaikjom
7,8,3,1915,PUSH,1,bchdfglejpmankio,-4,4,-1
7,8,4,1915,PUSH,1,bhgdfclajpienkom,-4,4,-1
7,8,0,1916,DEL_EXPLORED,-4
7,8,1,1916,DEL_EXPLORED,-4
7,8,2,1916,PUSH,-4,bcadflhengpikjom,4,-1,1
7,8,3,1916,DEL_EXPLORED,-1
7,8,4,1916,DEL_EXPLORED,-1
7,8,0,1917,POP,4,bchdfgeojplinkma
7,8,1,1917,POP,4,bchdfgiljpemnkoa
7,8,2,1917,DEL_CUTOFF,1
7,8,3,1917,PUSH,4,bchdfglejpmonkia,-4,-1
7,8,4,1917,DEL_CUTOFF,4
7,8,0,1918,DEL_EXPLORED,-4
7,8,1,1918,DEL_EXPLORED,-4
7,8,2,1918,DEL_CUTOFF,-1
7,8,3,1918,PUSH,-1,bchdfglejpmonkai,-4,-1,1
7,8,4,1918,DEL_CUTOFF,-4
7,8,0,1919,POP,4,bchdfgeojplankmi
7,8,1,1919,POP,4,bchdfgiljpeankom
7,8,2,1919,DEL_EXPLORED,4
7,8,3,1919,DEL_EXPLORED,1
7,8,4,1919,POP,1,bhgdfclajpienkom
7,8,0,1920,PUSH,-4,bchafgedjplonkmi,4,-1
7,8,1,1920,PUSH,-4,bchafgidjpelnkom,4,-1
7,8,2,1920,POP,-4,bcadflhengpikjom
7,8,3,1920,PUSH,-1,bchdfglejpmonaki,-4,-1,1
7,8,4,1920,PUSH,-1,bhgdfacljpienkom,-4,4,-1,1
7,8,0,1921,PUSH,-1,bcahfgedjplonkmi,4,-1,1
7,8,1,1921,PUSH,-1,bcahfgidjpelnkom,4,-1,1
7,8,2,1921,POP,1,bchdflaengpikjom
7,8,3,1921,DEL_EXPLORED,1
7,8,4,1921,DEL_EXPLORED,1
7,8,0,1922,DEL_EXPLORED,1
7,8,1,1922,DEL_EXPLORED,1
7,8,2,1922,PUSH,-1,bchdaflengpikjom,-4,4,1
7,8,3,1922,DEL_CUTOFF,-1
7,8,4,1922,DEL_CUTOFF,-1
7,8,0,1923,DEL_CUTOFF,-1
7,8,1,1923,DEL_CUTOFF,-1
7,8,2,1923,DEL_EXPLORED,1
7,8,3,1923,DEL_CUTOFF,-4
7,8,4,1923,DEL_CUTOFF,4
7,8,0,1924,DEL_CUTOFF,4
7,8,1,1924,DEL_CUTOFF,4
7,8,2,1924,PUSH,4,bchdnfleagpikjom,-4,4,1
7,8,3,1924,POP,-1,bchdfglejpmonaki
7,8,4,1924,DEL_CUTOFF,-4
7,8,0,1925,POP,-1,bcahfgedjplonkmi
7,8,1,1925,POP,-1,bcahfgidjpelnkom
7,8,2,1925,DEL_CUTOFF,1
7,8,3,1925,PUSH,-4,bchdfglejpaonkmi,-4,4,-1,1
7,8,4,1925,POP,-1,bhgdfacljpienkom
7,8,0,1926,DEL_EXPLORED,4
7,8,1,1926,DEL_EXPLORED,4
7,8,2,1926,DEL_CUTOFF,4
7,8,3,1926,DEL_CUTOFF,1
7,8,4,1926,PUSH,4,bhgdfciljpaenkom,-4,4,-1,1
7,8,0,1927,POP,-4,bchafgedjplonkmi
7,8,1,1927,POP,-4,bchafgidjpelnkom
7,8,2,1927,DEL_EXPLORED,-4
7,8,3,1927,DEL_CUTOFF,-1
7,8,4,1927,DEL_CUTOFF,1
7,8,0,1928,POP,1,bchdfgeajplonkmi
7,8,1,1928,POP,1,bchdfgiajpelnkom
7,8,2,1928,POP,4,bchdnfleagpikjom
7,8,3,1928,DEL_EXPLORED,4
7,8,4,1928,DEL_CUTOFF,-1
7,8,0,1929,PUSH,-1,bchdfagejplonkmi,-4,4,-1,1
7,8,1,1929,PUSH,-1,bchdfagijpelnkom,-4,4,-1,1
7,8,2,1929,PUSH,-4,achdbflengpikjom,4,1
7,8,3,1929,DEL_CUTOFF,-4
7,8,4,1929,DEL_CUTOFF,4
7,8,0,1930,DEL_EXPLORED,1
7,8,1,1930,DEL_EXPLORED,1
7,8,2,1930,DEL_CUTOFF,1
7,8,3,1930,POP,-4,bchdfglejpaonkmi
7,8,4,1930,DEL_EXPLORED,-4
7,8,0,1931,PUSH,-1,bchdafgejplonkmi,-4,4,1
7,8,1,1931,PUSH,-1,bchdafgijpelnkom,-4,4,1
7,8,2,1931,DEL_EXPLORED,4
7,8,3,1931,POP,-1,bchdfglejpmonkai
7,8,4,1931,POP,4,bhgdfciljpaenkom
7,8,0,1932,DEL_EXPLORED,1
7,8,1,1932,DEL_EXPLORED,1
7,8,2,1932,POP,-4,achdbflengpikjom
7,8,3,1932,DEL_EXPLORED,-4
7,8,4,1932,DEL_EXPLORED,-4
7,8,0,1933,PUSH,4,bchdjfgeaplonkmi,-4,4,1
7,8,1,1933,PUSH,4,bchdjfgiapelnkom,-4,4,1
7,8,2,1933,POP,-1,bchdaflengpikjom
7,8,3,1933,POP,4,bchdfglejpmonkia
7,8,4,1933,POP,4,bhgdfcaljpienkom
7,8,0,1934,DEL_CUTOFF,1
7,8,1,1934,DEL_CUTOFF,1
7,8,2,1934,DEL_EXPLORED,4
7,8,3,1934,PUSH,-4,bchdfglajpmenkio,-4,4,-1
7,8,4,1934,POP,1,bhadfcgljpienkom
7,8,0,1935,DEL_CUTOFF,4
7,8,1,1935,DEL_CUTOFF,4
7,8,2,1935,PUSH,-4,bahdfclengpikjom,4,-1,1
7,8,3,1935,PUSH,-1,bchdfgaljpmenkio,-4,4,-1,1
7,8,4,1935,PUSH,-1,abhdfcgljpienkom,4,1
7,8,0,1936,DEL_EXPLORED,-4
7,8,1,1936,DEL_EXPLORED,-4
7,8,2,1936,PUSH,1,bhadfclengpikjom,4,-1,1
7,8,3,1936,DEL_EXPLORED,1
7,8,4,1936,DEL_EXPLORED,1
7,8,0,1937,POP,4,bchdjfgeaplonkmi
7,8,1,1937,POP,4,bchdjfgiapelnkom
7,8,2,1937,DEL_CUTOFF,1
7,8,3,1937,PUSH,-1,bchdfagljpmenkio,-4,4,-1,1
7,8,4,1937,PUSH,4,fbhdacgljpienkom,-4,4,1
7,8,0,1938,PUSH,-4,achdbfgejplonkmi,4,1
7,8,1,1938,PUSH,-4,achdbfgijpelnkom,4,1
7,8,2,1938,DEL_EXPLORED,-1
7,8,3,1938,DEL_EXPLORED,1
7,8,4,1938,PUSH,1,fbhdcagljpienkom,-4,4,-1,1
7,8,0,1939,DEL_CUTOFF,1
7,8,1,1939,DEL_CUTOFF,1
7,8,2,1939,DEL_CUTOFF,4
7,8,3,1939,DEL_CUTOFF,-1
7,8,4,1939,DEL_CUTOFF,1
7,8,0,1940,DEL_EXPLORED,4
7,8,1,1940,DEL_EXPLORED,4
7,8,2,1940,POP,1,bhadfclengpikjom
7,8,3,1940,DEL_CUTOFF,4
7,8,4,1940,DEL_EXPLORED,-1
7,8,0,1941,POP,-4,achdbfgejplonkmi
7,8,1,1941,POP,-4,achdbfgijpelnkom
7,8,2,1941,PUSH,-1,abhdfclengpikjom,4,1
7,8,3,1941,DEL_CUTOFF,-4
7,8,4,1941,DEL_CUTOFF,4
7,8,0,1942,POP,-1,bchdafgejplonkmi
7,8,1,1942,POP,-1,bchdafgijpelnkom
7,8,2,1942,DEL_EXPLORED,1
7,8,3,1942,POP,-1,bchdfagljpmenkio
7,8,4,1942,DEL_CUTOFF,-4
7,8,0,1943,PUSH,4,bchdfpgejalonkmi,-4,4,-1,1
7,8,1,1943,PUSH,4,bchdfpgijaelnkom,-4,4,-1,1
7,8,2,1943,DEL_CUTOFF,4
7,8,3,1943,PUSH,4,bchdfgmljpaenkio,-4,4,-1,1
7,8,4,1943,POP,1,fbhdcagljpienkom
7,8,0,1944,PUSH,1,bchdfpgejlaonkmi,-4,4,-1,1
7,8,1,1944,PUSH,1,bchdfpgijealnkom,-4,4,-1,1
7,8,2,1944,POP,-1,abhdfclengpikjom
7,8,3,1944,DEL_CUTOFF,1
7,8,4,1944,PUSH,4,fbhdjcglapienkom,-4,4,1
7,8,0,1945,DEL_CUTOFF,1
7,8,1,1945,DEL_CUTOFF,1
7,8,2,1945,DEL_EXPLORED,4
7,8,3,1945,DEL_CUTOFF,-1
7,8,4,1945,DEL_CUTOFF,1
7,8,0,1946,DEL_EXPLORED,-1
7,8,1,1946,DEL_EXPLORED,-1
7,8,2,1946,POP,-4,bahdfclengpikjom
7,8,3,1946,DEL_CUTOFF,4
7,8,4,1946,DEL_CUTOFF,4
7,8,0,1947,DEL_CUTOFF,4
7,8,1,1947,DEL_CUTOFF,4
7,8,2,1947,POP,-4,bchdfalengpikjom
7,8,3,1947,DEL_EXPLORED,-4
7,8,4,1947,DEL_EXPLORED,-4
7,8,0,1948,DEL_CUTOFF,-4
7,8,1,1948,DEL_CUTOFF,-4
7,8,2,1948,POP,-4,bchdfglenapikjom
7,8,3,1948,POP,4,bchdfgmljpaenkio
7,8,4,1948,POP,4,fbhdjcglapienkom
7,8,0,1949,POP,1,bchdfpgejlaonkmi
7,8,1,1949,POP,1,bchdfpgijealnkom
7,8,2,1949,POP,1,bchdfglenjpikaom
7,8,3,1949,PUSH,-4,bcadfghljpmenkio,4,-1,1
7,8,4,1949,DEL_EXPLORED,-4
7,8,0,1950,PUSH,-1,bchdfpgeajlonkmi,-4,4,1
7,8,1,1950,PUSH,-1,bchdfpgiajelnkom,-4,4,1
7,8,2,1950,DEL_EXPLORED,-4
7,8,3,1950,DEL_CUTOFF,1
7,8,4,1950,POP,4,fbhdacgljpienkom
7,8,0,1951,DEL_EXPLORED,1
7,8,1,1951,DEL_EXPLORED,1
7,8,2,1951,POP,4,bchdfglenjpiakom
7,8,3,1951,DEL_CUTOFF,-1
7,8,4,1951,POP,-1,abhdfcgljpienkom
7,8,0,1952,DEL_CUTOFF,4
7,8,1,1952,DEL_CUTOFF,4
7,8,2,1952,PUSH,-4,bchdaglefjpinkom,-4,4,1
7,8,3,1952,DEL_EXPLORED,4
7,8,4,1952,DEL_EXPLORED,4
7,8,0,1953,DEL_CUTOFF,-4
7,8,1,1953,DEL_CUTOFF,-4
7,8,2,1953,PUSH,1,bchdgalefjpinkom,-4,4,-1,1
7,8,3,1953,POP,-4,bcadfghljpmenkio
7,8,4,1953,POP,-4,bahdfcgljpienkom
7,8,0,1954,POP,-1,bchdfpgeajlonkmi
7,8,1,1954,POP,-1,bchdfpgiajelnkom
7,8,2,1954,PUSH,1,bchdglaefjpinkom,-4,4,-1,1
7,8,3,1954,POP,-1,bchdfgaljpmenkio
7,8,4,1954,POP,-1,bchdfagljpienkom
7,8,0,1955,PUSH,4,bchdfpgejklonami,-4,-1,1
7,8,1,1955,PUSH,4,bchdfpgijkelnaom,-4,-1,1
7,8,2,1955,PUSH,1,bchdgleafjpinkom,-4,4,-1
7,8,3,1955,DEL_EXPLORED,4
7,8,4,1955,PUSH,4,bchdfgiljpaenkom,-4,4,-1,1
7,8,0,1956,DEL_CUTOFF,1
7,8,1,1956,DEL_CUTOFF,1
7,8,2,1956,DEL_EXPLORED,-1
7,8,3,1956,PUSH,-4,bchafgldjpmenkio,4,-1
7,8,4,1956,PUSH,1,bchdfgiljpeankom,-4,4,-1
7,8,0,1957,DEL_CUTOFF,-1
7,8,1,1957,DEL_CUTOFF,-1
7,8,2,1957,PUSH,4,bchdgleifjpankom,-4,4,-1
7,8,3,1957,PUSH,-1,bcahfgldjpmenkio,4,-1,1
7,8,4,1957,DEL_EXPLORED,-1
7,8,0,1958,DEL_EXPLORED,-4
7,8,1,1958,DEL_EXPLORED,-4
7,8,2,1958,PUSH,-1,bchdgleifjapnkom,-4,4,-1,1
7,8,3,1958,DEL_EXPLORED,1
7,8,4,1958,PUSH,4,bchdfgiljpemnkoa,-4,-1
7,8,0,1959,POP,4,bchdfpgejklonami
7,8,1,1959,POP,4,bchdfpgijkelnaom
7,8,2,1959,DEL_EXPLORED,1
7,8,3,1959,DEL_CUTOFF,-1
7,8,4,1959,PUSH,-1,bchdfgiljpemnkao,-4,-1,1
7,8,0,1960,DEL_EXPLORED,-4
7,8,1,1960,DEL_EXPLORED,-4
7,8,2,1960,DEL_CUTOFF,-1
7,8,3,1960,DEL_CUTOFF,4
7,8,4,1960,DEL_EXPLORED,1
7,8,0,1961,POP,4,bchdfpgejalonkmi
7,8,1,1961,POP,4,bchdfpgijaelnkom
7,8,2,1961,DEL_CUTOFF,4
7,8,3,1961,POP,-1,bcahfgldjpmenkio
7,8,4,1961,PUSH,-1,bchdfgiljpemnako,-4,-1,1
7,8,0,1962,PUSH,-4,bahdfcgejplonkmi,4,-1,1
7,8,1,1962,PUSH,-4,bahdfcgijpelnkom,4,-1,1
7,8,2,1962,DEL_CUTOFF,-4
7,8,3,1962,DEL_EXPLORED,4
7,8,4,1962,DEL_EXPLORED,1
7,8,0,1963,PUSH,1,bhadfcgejplonkmi,4,-1,1
7,8,1,1963,PUSH,1,bhadfcgijpelnkom,4,-1,1
7,8,2,1963,POP,-1,bchdgleifjapnkom
7,8,3,1963,POP,-4,bchafgldjpmenkio
7,8,4,1963,DEL_CUTOFF,-1
7,8,0,1964,DEL_CUTOFF,1
7,8,1,1964,DEL_CUTOFF,1
7,8,2,1964,PUSH,4,bchdgleifjpmnkoa,-4,-1
7,8,3,1964,POP,-4,bchdfglajpmenkio
7,8,4,1964,DEL_CUTOFF,-4
7,8,0,1965,DEL_EXPLORED,-1
7,8,1,1965,DEL_EXPLORED,-1
7,8,2,1965,DEL_CUTOFF,-1
7,8,3,1965,POP,1,bchdfglejpmankio
7,8,4,1965,POP,-1,bchdfgiljpemnako
7,8,0,1966,DEL_CUTOFF,4
7,8,1,1966,DEL_CUTOFF,4
7,8,2,1966,DEL_EXPLORED,-4
7,8,3,1966,PUSH,-1,bchdfglejapmnkio,-4,4,-1,1
7,8,4,1966,PUSH,-4,bchdfgiljpamnkeo,-4,4,-1,1
7,8,0,1967,POP,1,bhadfcgejplonkmi
7,8,1,1967,POP,1,bhadfcgijpelnkom
7,8,2,1967,POP,4,bchdgleifjpmnkoa
7,8,3,1967,DEL_EXPLORED,1
7,8,4,1967,DEL_CUTOFF,1
7,8,0,1968,PUSH,-1,abhdfcgejplonkmi,4,1
7,8,1,1968,PUSH,-1,abhdfcgijpelnkom,4,1
7,8,2,1968,DEL_EXPLORED,-4
7,8,3,1968,PUSH,-1,bchdfgleajpmnkio,-4,4,1
7,8,4,1968,DEL_CUTOFF,-1
7,8,0,1969,DEL_EXPLORED,1
7,8,1,1969,DEL_EXPLORED,1
7,8,2,1969,POP,4,bchdgleifjpankom
7,8,3,1969,DEL_EXPLORED,1
7,8,4,1969,DEL_EXPLORED,4
7,8,0,1970,DEL_CUTOFF,4
7,8,1,1970,DEL_CUTOFF,4
7,8,2,1970,PUSH,-4,bchagledfjpinkom,4,-1
7,8,3,1970,PUSH,4,bchdfglenjpmakio,-4,1
7,8,4,1970,DEL_CUTOFF,-4
7,8,0,1971,POP,-1,abhdfcgejplonkmi
7,8,1,1971,POP,-1,abhdfcgijpelnkom
7,8,2,1971,PUSH,-1,bcahgledfjpinkom,4,-1,1
7,8,3,1971,PUSH,1,bchdfglenjpmkaio,-4,-1,1
7,8,4,1971,POP,-4,bchdfgiljpamnkeo
7,8,0,1972,DEL_EXPLORED,4
7,8,1,1972,DEL_EXPLORED,4
7,8,2,1972,DEL_EXPLORED,1
7,8,3,1972,DEL_CUTOFF,1
7,8,4,1972,POP,-1,bchdfgiljpemnkao
7,8,0,1973,POP,-4,bahdfcgejplonkmi
7,8,1,1973,POP,-4,bahdfcgijpelnkom
7,8,2,1973,DEL_CUTOFF,-1
7,8,3,1973,DEL_EXPLORED,-1
7,8,4,1973,DEL_EXPLORED,-4
7,8,0,1974,POP,-1,bchdfagejplonkmi
7,8,1,1974,POP,-1,bchdfagijpelnkom
7,8,2,1974,DEL_CUTOFF,4
7,8,3,1974,DEL_CUTOFF,-4
7,8,4,1974,POP,4,bchdfgiljpemnkoa
7,8,0,1975,DEL_EXPLORED,4
7,8,1,1975,DEL_EXPLORED,4
7,8,2,1975,POP,-1,bcahgledfjpinkom
7,8,3,1975,POP,1,bchdfglenjpmkaio
7,8,4,1975,PUSH,-4,bchdfgiajpelnkom,-4,4,-1
7,8,0,1976,PUSH,-4,bcadfghejplonkmi,4,-1,1
7,8,1,1976,PUSH,-4,bcadfghijpelnkom,4,-1,1
7,8,2,1976,DEL_EXPLORED,4
7,8,3,1976,DEL_EXPLORED,-4
7,8,4,1976,PUSH,-1,bchdfgaijpelnkom,-4,4,-1,1
7,8,0,1977,PUSH,1,bcdafghejplonkmi,4,-1
7,8,1,1977,PUSH,1,bcdafghijpelnkom,4,-1
7,8,2,1977,POP,-4,bchagledfjpinkom
7,8,3,1977,POP,4,bchdfglenjpmakio
7,8,4,1977,DEL_EXPLORED,1
7,8,0,1978,DEL_EXPLORED,-1
7,8,1,1978,DEL_EXPLORED,-1
7,8,2,1978,POP,1,bchdgleafjpinkom
7,8,3,1978,PUSH,-4,bchdaglefjpmnkio,-4,4,1
7,8,4,1978,PUSH,-1,bchdfagijpelnkom,-4,4,-1,1
7,8,0,1979,PUSH,4,bcdefghajplonkmi,-4,4,-1
7,8,1,1979,PUSH,4,bcdifghajpelnkom,-4,4,-1
7,8,2,1979,DEL_EXPLORED,-1
7,8,3,1979,PUSH,1,bchdgalefjpmnkio,-4,4,-1,1
7,8,4,1979,DEL_EXPLORED,1
7,8,0,1980,DEL_CUTOFF,-1
7,8,1,1980,DEL_CUTOFF,-1
7,8,2,1980,PUSH,4,bchdglpefjainkom,-4,4,-1,1
7,8,3,1980,DEL_CUTOFF,1
7,8,4,1980,DEL_CUTOFF,-1
7,8,0,1981,DEL_CUTOFF,4
7,8,1,1981,DEL_CUTOFF,4
7,8,2,1981,PUSH,1,bchdglpefjiankom,-4,4,-1
7,8,3,1981,DEL_EXPLORED,-1
7,8,4,1981,DEL_CUTOFF,4
7,8,0,1982,DEL_EXPLORED,-4
7,8,1,1982,DEL_EXPLORED,-4
7,8,2,1982,DEL_EXPLORED,-1
7,8,3,1982,DEL_CUTOFF,4
7,8,4,1982,DEL_CUTOFF,-4
7,8,0,1983,POP,4,bcdefghajplonkmi
7,8,1,1983,POP,4,bcdifghajpelnkom
7,8,2,1983,PUSH,4,bchdglpefjimnkoa,-4,-1
7,8,3,1983,DEL_CUTOFF,-4
7,8,4,1983,POP,-1,bchdfagijpelnkom
7,8,0,1984,POP,1,bcdafghejplonkmi
7,8,1,1984,POP,1,bcdafghijpelnkom
7,8,2,1984,DEL_CUTOFF,-1
7,8,3,1984,POP,1,bchdgalefjpmnkio
7,8,4,1984,PUSH,4,bchdfgeijpalnkom,-4,4,-1,1
7,8,0,1985,PUSH,-1,bacdfghejplonkmi,4,-1,1
7,8,1,1985,PUSH,-1,bacdfghijpelnkom,4,-1,1
7,8,2,1985,DEL_EXPLORED,-4
7,8,3,1985,DEL_EXPLORED,4
7,8,4,1985,DEL_CUTOFF,1
7,8,0,1986,DEL_EXPLORED,1
7,8,1,1986,DEL_EXPLORED,1
7,8,2,1986,POP,4,bchdglpefjimnkoa
7,8,3,1986,PUSH,-4,achdbglefjpmnkio,4,1
7,8,4,1986,DEL_CUTOFF,-1
7,8,0,1987,PUSH,-1,abcdfghejplonkmi,4,1
7,8,1,1987,PUSH,-1,abcdfghijpelnkom,4,1
7,8,2,1987,PUSH,-4,bchdglpafjienkom,-4,4,-1
7,8,3,1987,DEL_CUTOFF,1
7,8,4,1987,DEL_CUTOFF,4
7,8,0,1988,DEL_EXPLORED,1
7,8,1,1988,DEL_EXPLORED,1
7,8,2,1988,DEL_CUTOFF,-1
7,8,3,1988,DEL_EXPLORED,4
7,8,4,1988,DEL_EXPLORED,-4
7,8,0,1989,DEL_CUTOFF,4
7,8,1,1989,DEL_CUTOFF,4
7,8,2,1989,DEL_EXPLORED,4
7,8,3,1989,POP,-4,achdbglefjpmnkio
7,8,4,1989,POP,4,bchdfgeijpalnkom
7,8,0,1990,POP,-1,abcdfghejplonkmi
7,8,1,1990,POP,-1,abcdfghijpelnkom
7,8,2,1990,DEL_CUTOFF,-4
7,8,3,1990,POP,-4,bchdaglefjpmnkio
7,8,4,1990,PUSH,-4,bcadfghijpelnkom,4,-1,1
7,8,0,1991,PUSH,4,bgcdfahejplonkmi,-4,4,-1,1
7,8,1,1991,PUSH,4,bgcdfahijpelnkom,-4,4,-1,1
7,8,2,1991,POP,-4,bchdglpafjienkom
7,8,3,1991,POP,-1,bchdfgleajpmnkio
7,8,4,1991,DEL_CUTOFF,1
7,8,0,1992,DEL_CUTOFF,1
7,8,1,1992,DEL_CUTOFF,1
7,8,2,1992,POP,1,bchdglpefjiankom
7,8,3,1992,PUSH,4,bchdfglejkpmnaio,-4,-1,1
7,8,4,1992,DEL_CUTOFF,-1
7,8,0,1993,DEL_CUTOFF,-1
7,8,1,1993,DEL_CUTOFF,-1
7,8,2,1993,PUSH,-1,bchdglpefajinkom,-4,4,-1,1
7,8,3,1993,PUSH,1,bchdfglejkpmniao,-4,-1,1
7,8,4,1993,DEL_EXPLORED,4
7,8,0,1994,DEL_CUTOFF,4
7,8,1,1994,DEL_CUTOFF,4
7,8,2,1994,DEL_EXPLORED,1
7,8,3,1994,PUSH,1,bchdfglejkpmnioa,-4,-1
7,8,4,1994,POP,-4,bcadfghijpelnkom
7,8,0,1995,DEL_EXPLORED,-4
7,8,1,1995,DEL_EXPLORED,-4
7,8,2,1995,PUSH,-1,bchdglpeafjinkom,-4,4,1
7,8,3,1995,DEL_EXPLORED,-1
7,8,4,1995,POP,-1,bchdfgaijpelnkom
7,8,0,1996,POP,4,bgcdfahejplonkmi
7,8,1,1996,POP,4,bgcdfahijpelnkom
7,8,2,1996,DEL_EXPLORED,1
7,8,3,1996,DEL_CUTOFF,-4
7,8,4,1996,DEL_EXPLORED,4
7,8,0,1997,POP,-1,bacdfghejplonkmi
7,8,1,1997,POP,-1,bacdfghijpelnkom
7,8,2,1997,DEL_CUTOFF,4
7,8,3,1997,POP,1,bchdfglejkpmnioa
7,8,4,1997,PUSH,-4,bchafgidjpelnkom,4,-1
7,8,0,1998,DEL_EXPLORED,4
7,8,1,1998,DEL_EXPLORED,4
7,8,2,1998,DEL_CUTOFF,-4
7,8,3,1998,DEL_EXPLORED,-1
7,8,4,1998,PUSH,-1,bcahfgidjpelnkom,4,-1,1
7,8,0,1999,POP,-4,bcadfghejplonkmi
7,8,1,1999,POP,-4,bcadfghijpelnkom
7,8,2,1999,POP,-1,bchdglpeafjinkom
7,8,3,1999,PUSH,-4,bchdfglejkamnipo,-4,4,-1,1
7,8,4,1999,DEL_EXPLORED,1
7,8,0,2000,POP,-4,bchdfgaejplonkmi
7,8,1,2000,POP,-4,bchdfgaijpelnkom
7,8,2,2000,PUSH,4,bchdglpefkjinaom,-4,-1,1
7,8,3,2000,DEL_CUTOFF,1
7,8,4,2000,DEL_CUTOFF,-1
7,8,0,2001,POP,-1,bchdfglejpaonkmi
7,8,1,2001,POP,-1,bchdfgeijpalnkom
7,8,2,2001,DEL_CUTOFF,1
7,8,3,2001,DEL_CUTOFF,-1
7,8,4,2001,DEL_CUTOFF,4
7,8,0,2002,DEL_EXPLORED,4
7,8,1,2002,PUSH,4,bchdfgeijplmnkoa,-4,-1
7,8,2,2002,DEL_CUTOFF,-1
7,8,3,2002,DEL_EXPLORED,4
7,8,4,2002,POP,-1,bcahfgidjpelnkom
7,8,0,2003,PUSH,-4,bchdfglajpoenkmi,-4,4,-1
7,8,1,2003,PUSH,-1,bchdfgeijplmnkao,-4,-1,1
7,8,2,2003,DEL_EXPLORED,-4
7,8,3,2003,DEL_CUTOFF,-4
7,8,4,2003,DEL_EXPLORED,4
7,8,0,2004,PUSH,-1,bchdfgaljpoenkmi,-4,4,-1,1
7,8,1,2004,DEL_EXPLORED,1
7,8,2,2004,POP,4,bchdglpefkjinaom
7,8,3,2004,POP,-4,bchdfglejkamnipo
7,8,4,2004,POP,-4,bchafgidjpelnkom
7,8,0,2005,DEL_EXPLORED,1
7,8,1,2005,PUSH,-1,bchdfgeijplmnako,-4,-1,1
7,8,2,2005,PUSH,-4,bchdgapefljinkom,-4,4,-1,1
7,8,3,2005,POP,1,bchdfglejkpmniao
7,8,4,2005,POP,-4,bchdfgiajpelnkom
7,8,0,2006,PUSH,-1,bchdfagljpoenkmi,-4,4,-1,1
7,8,1,2006,DEL_EXPLORED,1
7,8,2,2006,DEL_CUTOFF,1
7,8,3,2006,PUSH,-1,bchdfglejkpmanio,-4,1
7,8,4,2006,POP,1,bchdfgiljpeankom
7,8,0,2007,DEL_EXPLORED,1
7,8,1,2007,PUSH,-1,bchdfgeijplmanko,-4,1
7,8,2,2007,DEL_CUTOFF,-1
7,8,3,2007,DEL_EXPLORED,1
7,8,4,2007,PUSH,-1,bchdfgiljapenkom,-4,4,-1,1
7,8,0,2008,PUSH,-1,bchdafgljpoenkmi,-4,4,1
7,8,1,2008,DEL_EXPLORED,1
7,8,2,2008,DEL_EXPLORED,4
7,8,3,2008,PUSH,-4,bchdfgleakpmjnio,-4,4,1
7,8,4,2008,DEL_EXPLORED,1
7,8,0,2009,DEL_EXPLORED,1
7,8,1,2009,PUSH,-4,bchdfgeiaplmjnko,-4,4,1
7,8,2,2009,DEL_CUTOFF,-4
7,8,3,2009,DEL_CUTOFF,1
7,8,4,2009,PUSH,-1,bchdfgilajpenkom,-4,4,1
7,8,0,2010,PUSH,4,bchdjfglapoenkmi,-4,4,1
7,8,1,2010,DEL_CUTOFF,1
7,8,2,2010,POP,-4,bchdgapefljinkom
7,8,3,2010,DEL_EXPLORED,4
7,8,4,2010,DEL_EXPLORED,1
7,8,0,2011,DEL_CUTOFF,1
7,8,1,2011,DEL_EXPLORED,4
7,8,2,2011,POP,-1,bchdglpefajinkom
7,8,3,2011,DEL_CUTOFF,-4
7,8,4,2011,PUSH,4,bchdfgilnjpeakom,-4,1
7,8,0,2012,DEL_CUTOFF,4
7,8,1,2012,DEL_CUTOFF,-4
7,8,2,2012,PUSH,4,bchdglpefjoinkam,-4,-1,1
7,8,3,2012,POP,-4,bchdfgleakpmjnio
7,8,4,2012,PUSH,1,bchdfgilnjpekaom,-4,-1,1
7,8,0,2013,DEL_EXPLORED,-4
7,8,1,2013,POP,-4,bchdfgeiaplmjnko
7,8,2,2013,PUSH,1,bchdglpefjoinkma,-4,-1
7,8,3,2013,POP,-1,bchdfglejkpmanio
7,8,4,2013,DEL_CUTOFF,1
7,8,0,2014,POP,4,bchdjfglapoenkmi
7,8,1,2014,POP,-1,bchdfgeijplmanko
7,8,2,2014,DEL_EXPLORED,-1
7,8,3,2014,DEL_EXPLORED,-4
7,8,4,2014,DEL_EXPLORED,-1
7,8,0,2015,PUSH,-4,achdbfgljpoenkmi,4,1
7,8,1,2015,PUSH,-4,bchdfgeijalmnpko,-4,4,-1,1
7,8,2,2015,DEL_CUTOFF,-4
7,8,3,2015,POP,4,bchdfglejkpmnaio
7,8,4,2015,DEL_CUTOFF,-4
7,8,0,2016,DEL_CUTOFF,1
7,8,1,2016,PUSH,1,bchdfgeijlamnpko,-4,4,-1,1
7,8,2,2016,POP,1,bchdglpefjoinkma
7,8,3,2016,PUSH,-4,bchdfalejgpmnkio,-4,4,-1,1
7,8,4,2016,POP,1,bchdfgilnjpekaom
7,8,0,2017,DEL_EXPLORED,4
7,8,1,2017,DEL_CUTOFF,1
7,8,2,2017,PUSH,-1,bchdglpefjoinakm,-4,-1,1
7,8,3,2017,PUSH,1,bchdflaejgpmnkio,-4,4,-1,1
7,8,4,2017,DEL_EXPLORED,-4
7,8,0,2018,POP,-4,achdbfgljpoenkmi
7,8,1,2018,DEL_EXPLORED,-1
7,8,2,2018,DEL_EXPLORED,1
7,8,3,2018,PUSH,1,bchdfleajgpmnkio,-4,4,-1
7,8,4,2018,POP,4,bchdfgilnjpeakom
7,8,0,2019,POP,-1,bchdafgljpoenkmi
7,8,1,2019,DEL_CUTOFF,4
7,8,2,2019,DEL_CUTOFF,-1
7,8,3,2019,DEL_EXPLORED,-1
7,8,4,2019,PUSH,-4,bchdagilfjpenkom,-4,4,1
7,8,0,2020,PUSH,4,bchdfpgljaoenkmi,-4,4,-1,1
7,8,1,2020,DEL_CUTOFF,-4
7,8,2,2020,DEL_CUTOFF,-4
7,8,3,2020,DEL_CUTOFF,4
7,8,4,2020,PUSH,1,bchdgailfjpenkom,-4,4,-1,1
7,8,0,2021,PUSH,1,bchdfpgljoaenkmi,-4,4,-1,1
7,8,1,2021,POP,1,bchdfgeijlamnpko
7,8,2,2021,POP,-1,bchdglpefjoinakm
7,8,3,2021,DEL_CUTOFF,-4
7,8,4,2021,DEL_CUTOFF,1
7,8,0,2022,DEL_CUTOFF,1
7,8,1,2022,PUSH,-1,bchdfgeiajlmnpko,-4,4,1
7,8,2,2022,DEL_EXPLORED,-4
7,8,3,2022,POP,1,bchdfleajgpmnkio
7,8,4,2022,DEL_EXPLORED,-1
7,8,0,2023,DEL_EXPLORED,-1
7,8,1,2023,DEL_EXPLORED,1
7,8,2,2023,POP,4,bchdglpefjoinkam
7,8,3,2023,DEL_EXPLORED,-1
7,8,4,2023,DEL_CUTOFF,4
7,8,0,2024,DEL_CUTOFF,4
7,8,1,2024,DEL_CUTOFF,4
7,8,2,2024,DEL_EXPLORED,-4
7,8,3,2024,PUSH,4,bchdflpejgamnkio,-4,4,-1,1
7,8,4,2024,DEL_CUTOFF,-4
7,8,0,2025,DEL_CUTOFF,-4
7,8,1,2025,DEL_CUTOFF,-4
7,8,2,2025,POP,4,bchdglpefjainkom
7,8,3,2025,DEL_CUTOFF,1
7,8,4,2025,POP,1,bchdgailfjpenkom
7,8,0,2026,POP,1,bchdfpgljoaenkmi
7,8,1,2026,POP,-1,bchdfgeiajlmnpko
7,8,2,2026,PUSH,-4,bcadglhefjpinkom,4,-1,1
7,8,3,2026,DEL_CUTOFF,-1
7,8,4,2026,DEL_EXPLORED,4
7,8,0,2027,PUSH,-1,bchdfpglajoenkmi,-4,4,1
7,8,1,2027,DEL_EXPLORED,4
7,8,2,2027,PUSH,1,bcdaglhefjpinkom,4,-1
7,8,3,2027,DEL_CUTOFF,4
7,8,4,2027,PUSH,-4,achdbgilfjpenkom,4,1
7,8,0,2028,DEL_EXPLORED,1
7,8,1,2028,PUSH,-4,bchdfaeijglmnpko,-4,4,-1,1
7,8,2,2028,DEL_EXPLORED,-1
7,8,3,2028,DEL_EXPLORED,-4
7,8,4,2028,DEL_CUTOFF,1
7,8,0,2029,DEL_CUTOFF,4
7,8,1,2029,DEL_CUTOFF,1
7,8,2,2029,PUSH,4,bcdeglhafjpinkom,-4,4,-1
7,8,3,2029,POP,4,bchdflpejgamnkio
7,8,4,2029,DEL_EXPLORED,4
7,8,0,2030,DEL_CUTOFF,-4
7,8,1,2030,DEL_CUTOFF,-1
7,8,2,2030,DEL_CUTOFF,-1
7,8,3,2030,PUSH,-4,bcadflhejgpmnkio,4,-1,1
7,8,4,2030,POP,-4,achdbgilfjpenkom
7,8,0,2031,POP,-1,bchdfpglajoenkmi
7,8,1,2031,DEL_EXPLORED,4
7,8,2,2031,DEL_CUTOFF,4
7,8,3,2031,DEL_CUTOFF,1
7,8,4,2031,POP,-4,bchdagilfjpenkom
7,8,0,2032,PUSH,4,bchdfpgljkoenami,-4,-1,1
7,8,1,2032,DEL_CUTOFF,-4
7,8,2,2032,DEL_EXPLORED,-4
7,8,3,2032,DEL_CUTOFF,-1
7,8,4,2032,POP,-1,bchdfgilajpenkom
7,8,0,2033,DEL_CUTOFF,1
7,8,1,2033,POP,-4,bchdfaeijglmnpko
7,8,2,2033,POP,4,bcdeglhafjpinkom
7,8,3,2033,DEL_EXPLORED,4
7,8,4,2033,PUSH,4,bchdfgiljkpenaom,-4,-1,1
7,8,0,2034,DEL_CUTOFF,-1
7,8,1,2034,POP,-4,bchdfgeijalmnpko
7,8,2,2034,POP,1,bcdaglhefjpinkom
7,8,3,2034,POP,-4,bcadflhejgpmnkio
7,8,4,2034,PUSH,1,bchdfgiljkpenoam,-4,-1,1
7,8,0,2035,DEL_EXPLORED,-4
7,8,1,2035,POP,-1,bchdfgeijplmnako
7,8,2,2035,PUSH,-1,bacdglhefjpinkom,4,-1,1
7,8,3,2035,POP,1,bchdflaejgpmnkio
7,8,4,2035,PUSH,1,bchdfgiljkpenoma,-4,-1
7,8,0,2036,POP,4,bchdfpgljkoenami
7,8,1,2036,PUSH,-4,bchdfgeijpamnklo,-4,4,-1,1
7,8,2,2036,DEL_EXPLORED,1
7,8,3,2036,PUSH,-1,bchdaflejgpmnkio,-4,4,1
7,8,4,2036,DEL_EXPLORED,-1
7,8,0,2037,DEL_EXPLORED,-4
7,8,1,2037,PUSH,1,bchdfgeijpmanklo,-4,4,-1
7,8,2,2037,PUSH,-1,abcdglhefjpinkom,4,1
7,8,3,2037,DEL_EXPLORED,1
7,8,4,2037,DEL_CUTOFF,-4
7,8,0,2038,POP,4,bchdfpgljaoenkmi
7,8,1,2038,DEL_EXPLORED,-1
7,8,2,2038,DEL_EXPLORED,1
7,8,3,2038,PUSH,4,bchdjfleagpmnkio,-4,4,1
7,8,4,2038,POP,1,bchdfgiljkpenoma
7,8,0,2039,PUSH,-4,bahdfcgljpoenkmi,4,-1,1
7,8,1,2039,PUSH,4,bchdfgeijpmonkla,-4,-1
7,8,2,2039,DEL_CUTOFF,4
7,8,3,2039,DEL_CUTOFF,1
7,8,4,2039,DEL_EXPLORED,-1
7,8,0,2040,PUSH,1,bhadfcgljpoenkmi,4,-1,1
7,8,1,2040,DEL_CUTOFF,-1
7,8,2,2040,POP,-1,abcdglhefjpinkom
7,8,3,2040,DEL_CUTOFF,4
7,8,4,2040,PUSH,-4,bchdfgiljkaenopm,-4,4,-1,1
7,8,0,2041,DEL_CUTOFF,1
7,8,1,2041,DEL_EXPLORED,-4
7,8,2,2041,PUSH,4,blcdgahefjpinkom,-4,4,-1,1
7,8,3,2041,DEL_EXPLORED,-4
7,8,4,2041,DEL_CUTOFF,1
7,8,0,2042,DEL_EXPLORED,-1
7,8,1,2042,POP,4,bchdfgeijpmonkla
7,8,2,2042,DEL_CUTOFF,1
7,8,3,2042,POP,4,bchdjfleagpmnkio
7,8,4,2042,DEL_CUTOFF,-1
7,8,0,2043,DEL_CUTOFF,4
7,8,1,2043,PUSH,-4,bchdfgeajpminklo,-4,4,-1
7,8,2,2043,DEL_CUTOFF,-1
7,8,3,2043,PUSH,-4,achdbflejgpmnkio,4,1
7,8,4,2043,DEL_EXPLORED,4
7,8,0,2044,POP,1,bhadfcgljpoenkmi
7,8,1,2044,DEL_CUTOFF,-1
7,8,2,2044,DEL_CUTOFF,4
7,8,3,2044,DEL_CUTOFF,1
7,8,4,2044,DEL_CUTOFF,-4
7,8,0,2045,PUSH,-1,abhdfcgljpoenkmi,4,1
7,8,1,2045,DEL_EXPLORED,4
7,8,2,2045,DEL_EXPLORED,-4
7,8,3,2045,DEL_EXPLORED,4
7,8,4,2045,POP,-4,bchdfgiljkaenopm
7,8,0,2046,DEL_EXPLORED,1
7,8,1,2046,DEL_CUTOFF,-4
7,8,2,2046,POP,4,blcdgahefjpinkom
7,8,3,2046,POP,-4,achdbflejgpmnkio
7,8,4,2046,POP,1,bchdfgiljkpenoam
7,8,0,2047,DEL_CUTOFF,4
7,8,1,2047,POP,-4,bchdfgeajpminklo
7,8,2,2047,POP,-1,bacdglhefjpinkom
7,8,3,2047,POP,-1,bchdaflejgpmnkio
7,8,4,2047,PUSH,-1,bchdfgiljkpeanom,-4,1
7,8,0,2048,POP,-1,abhdfcgljpoenkmi
7,8,1,2048,POP,1,bchdfgeijpmanklo
7,8,2,2048,DEL_EXPLORED,4
7,8,3,2048,DEL_EXPLORED,4
7,8,4,2048,DEL_EXPLORED,1
7,8,0,2049,DEL_EXPLORED,4
7,8,1,2049,PUSH,-1,bchdfgeijapmnklo,-4,4,-1,1
7,8,2,2049,POP,-4,bcadglhefjpinkom
7,8,3,2049,PUSH,-4,bahdfclejgpmnkio,4,-1,1
7,8,4,2049,PUSH,-4,bchdfgilakpejnom,-4,4,1
7,8,0,2050,POP,-4,bahdfcgljpoenkmi
7,8,1,2050,DEL_EXPLORED,1
7,8,2,2050,POP,1,bchdglaefjpinkom
7,8,3,2050,PUSH,1,bhadfclejgpmnkio,4,-1,1
7,8,4,2050,DEL_CUTOFF,1
7,8,0,2051,POP,-1,bchdfagljpoenkmi
7,8,1,2051,PUSH,-1,bchdfgeiajpmnklo,-4,4,1
7,8,2,2051,DEL_EXPLORED,-1
7,8,3,2051,DEL_CUTOFF,1
7,8,4,2051,DEL_EXPLORED,4
7,8,0,2052,PUSH,4,bchdfgoljpaenkmi,-4,4,-1,1
7,8,1,2052,DEL_EXPLORED,1
7,8,2,2052,PUSH,4,bchdgjlefapinkom,-4,4,-1,1
7,8,3,2052,DEL_EXPLORED,-1
7,8,4,2052,DEL_CUTOFF,-4
7,8,0,2053,PUSH,1,bchdfgoljpeankmi,-4,4,-1
7,8,1,2053,DEL_CUTOFF,4
7,8,2,2053,PUSH,1,bchdgjlefpainkom,-4,4,-1,1
7,8,3,2053,DEL_CUTOFF,4
7,8,4,2053,POP,-4,bchdfgilakpejnom
7,8,0,2054,DEL_EXPLORED,-1
7,8,1,2054,DEL_CUTOFF,-4
7,8,2,2054,PUSH,1,bchdgjlefpiankom,-4,4,-1
7,8,3,2054,POP,1,bhadfclejgpmnkio
7,8,4,2054,POP,-1,bchdfgiljkpeanom
7,8,0,2055,PUSH,4,bchdfgoljpeinkma,-4,-1
7,8,1,2055,POP,-1,bchdfgeiajpmnklo
7,8,2,2055,DEL_EXPLORED,-1
7,8,3,2055,PUSH,-1,abhdfclejgpmnkio,4,1
7,8,4,2055,DEL_EXPLORED,-4
7,8,0,2056,DEL_CUTOFF,-1
7,8,1,2056,PUSH,4,bchdfgeijkpmnalo,-4,-1,1
7,8,2,2056,PUSH,4,bchdgjlefpimnkoa,-4,-1
7,8,3,2056,DEL_EXPLORED,1
7,8,4,2056,POP,4,bchdfgiljkpenaom
7,8,0,2057,DEL_EXPLORED,-4
7,8,1,2057,DEL_CUTOFF,1
7,8,2,2057,DEL_CUTOFF,-1
7,8,3,2057,DEL_CUTOFF,4
7,8,4,2057,PUSH,-4,bchdfailjgpenkom,-4,4,-1,1
7,8,0,2058,POP,4,bchdfgoljpeinkma
7,8,1,2058,DEL_CUTOFF,-1
7,8,2,2058,DEL_EXPLORED,-4
7,8,3,2058,POP,-1,abhdfclejgpmnkio
7,8,4,2058,PUSH,1,bchdfialjgpenkom,-4,4,-1,1
7,8,0,2059,PUSH,-4,bchdfgoajpelnkmi,-4,4,-1
7,8,1,2059,DEL_EXPLORED,-4
7,8,2,2059,POP,4,bchdgjlefpimnkoa
7,8,3,2059,DEL_EXPLORED,4
7,8,4,2059,PUSH,1,bchdfilajgpenkom,-4,4,-1
7,8,0,2060,DEL_CUTOFF,-1
7,8,1,2060,POP,4,bchdfgeijkpmnalo
7,8,2,2060,PUSH,-4,bchdgjlafpienkom,-4,4,-1
7,8,3,2060,POP,-4,bahdfclejgpmnkio
7,8,4,2060,DEL_EXPLORED,-1
7,8,0,2061,DEL_EXPLORED,4
7,8,1,2061,PUSH,-4,bchdfaeijgpmnklo,-4,4,-1,1
7,8,2,2061,DEL_CUTOFF,-1
7,8,3,2061,POP,-4,bchdfalejgpmnkio
7,8,4,2061,DEL_CUTOFF,4
7,8,0,2062,DEL_CUTOFF,-4
7,8,1,2062,DEL_CUTOFF,1
7,8,2,2062,DEL_EXPLORED,4
7,8,3,2062,POP,-1,bchdfglejapmnkio
7,8,4,2062,DEL_CUTOFF,-4
7,8,0,2063,POP,-4,bchdfgoajpelnkmi
7,8,1,2063,DEL_CUTOFF,-1
7,8,2,2063,DEL_CUTOFF,-4
7,8,3,2063,DEL_EXPLORED,4
7,8,4,2063,POP,1,bchdfilajgpenkom
7,8,0,2064,POP,1,bchdfgoljpeankmi
7,8,1,2064,DEL_EXPLORED,4
7,8,2,2064,POP,-4,bchdgjlafpienkom
7,8,3,2064,PUSH,-4,bchdfgaejplmnkio,-4,4,-1,1
7,8,4,2064,DEL_EXPLORED,-1
7,8,0,2065,PUSH,-1,bchdfgoljapenkmi,-4,4,-1,1
7,8,1,2065,DEL_CUTOFF,-4
7,8,2,2065,POP,1,bchdgjlefpiankom
7,8,3,2065,PUSH,1,bchdfgeajplmnkio,-4,4,-1
7,8,4,2065,PUSH,4,bchdfipljgaenkom,-4,4,-1,1
7,8,0,2066,DEL_EXPLORED,1
7,8,1,2066,POP,-4,bchdfaeijgpmnklo
7,8,2,2066,DEL_EXPLORED,-1
7,8,3,2066,DEL_EXPLORED,-1
7,8,4,2066,DEL_CUTOFF,1
7,8,0,2067,PUSH,-1,bchdfgolajpenkmi,-4,4,1
7,8,1,2067,POP,-1,bchdfgeijapmnklo
7,8,2,2067,PUSH,4,bchdgjlefpoinkam,-4,-1,1
7,8,3,2067,PUSH,4,bchdfgemjplankio,-4,4,-1
7,8,4,2067,DEL_CUTOFF,-1
7,8,0,2068,DEL_EXPLORED,1
7,8,1,2068,DEL_EXPLORED,4
7,8,2,2068,PUSH,1,bchdgjlefpoinkma,-4,-1
7,8,3,2068,PUSH,-1,bchdfgemjpalnkio,-4,4,-1,1
7,8,4,2068,DEL_CUTOFF,4
7,8,0,2069,DEL_CUTOFF,4
7,8,1,2069,PUSH,-4,bchdfgaijpemnklo,-4,4,-1,1
7,8,2,2069,DEL_EXPLORED,-1
7,8,3,2069,DEL_EXPLORED,1
7,8,4,2069,DEL_EXPLORED,-4
7,8,0,2070,DEL_CUTOFF,-4
7,8,1,2070,PUSH,1,bchdfgiajpemnklo,-4,4,-1
7,8,2,2070,DEL_CUTOFF,-4
7,8,3,2070,DEL_CUTOFF,-1
7,8,4,2070,POP,4,bchdfipljgaenkom
7,8,0,2071,POP,-1,bchdfgolajpenkmi
7,8,1,2071,DEL_EXPLORED,-1
7,8,2,2071,POP,1,bchdgjlefpoinkma
7,8,3,2071,DEL_CUTOFF,4
7,8,4,2071,PUSH,-4,bcadfihljgpenkom,4,-1,1
7,8,0,2072,PUSH,4,bchdfgoljkpenami,-4,-1,1
7,8,1,2072,DEL_CUTOFF,4
7,8,2,2072,PUSH,-1,bchdgjlefpoinakm,-4,-1,1
7,8,3,2072,DEL_CUTOFF,-4
7,8,4,2072,DEL_CUTOFF,1
7,8,0,2073,DEL_CUTOFF,1
7,8,1,2073,DEL_CUTOFF,-4
7,8,2,2073,DEL_EXPLORED,1
7,8,3,2073,POP,-1,bchdfgemjpalnkio
7,8,4,2073,DEL_CUTOFF,-1
7,8,0,2074,DEL_CUTOFF,-1
7,8,1,2074,POP,1,bchdfgiajpemnklo
7,8,2,2074,DEL_CUTOFF,-1
7,8,3,2074,PUSH,4,bchdfgemjplonkia,-4,-1
7,8,4,2074,DEL_EXPLORED,4
7,8,0,2075,DEL_EXPLORED,-4
7,8,1,2075,PUSH,-1,bchdfagijpemnklo,-4,4,-1,1
7,8,2,2075,DEL_CUTOFF,-4
7,8,3,2075,DEL_CUTOFF,-1
7,8,4,2075,POP,-4,bcadfihljgpenkom
7,8,0,2076,POP,4,bchdfgoljkpenami
7,8,1,2076,DEL_EXPLORED,1
7,8,2,2076,POP,-1,bchdgjlefpoinakm
7,8,3,2076,DEL_EXPLORED,-4
7,8,4,2076,POP,1,bchdfialjgpenkom
7,8,0,2077,PUSH,-4,bchdfaoljgpenkmi,-4,4,-1,1
7,8,1,2077,DEL_CUTOFF,-1
7,8,2,2077,DEL_EXPLORED,-4
7,8,3,2077,POP,4,bchdfgemjplonkia
7,8,4,2077,PUSH,-1,bchdafiljgpenkom,-4,4,1
7,8,0,2078,DEL_CUTOFF,1
7,8,1,2078,DEL_CUTOFF,4
7,8,2,2078,POP,4,bchdgjlefpoinkam
7,8,3,2078,DEL_EXPLORED,-4
7,8,4,2078,DEL_EXPLORED,1
7,8,0,2079,DEL_CUTOFF,-1
7,8,1,2079,DEL_CUTOFF,-4
7,8,2,2079,PUSH,-4,bchdgjaefplinkom,-4,4,-1,1
7,8,3,2079,POP,4,bchdfgemjplankio
7,8,4,2079,PUSH,4,bchdjfilagpenkom,-4,4,1
7,8,0,2080,DEL_EXPLORED,4
7,8,1,2080,POP,-1,bchdfagijpemnklo
7,8,2,2080,PUSH,1,bchdgjeafplinkom,-4,4,-1
7,8,3,2080,PUSH,-4,bchafgedjplmnkio,4,-1
7,8,4,2080,DEL_CUTOFF,1
7,8,0,2081,DEL_CUTOFF,-4
7,8,1,2081,DEL_EXPLORED,4
7,8,2,2081,DEL_EXPLORED,-1
7,8,3,2081,PUSH,-1,bcahfgedjplmnkio,4,-1,1
7,8,4,2081,DEL_CUTOFF,4
7,8,0,2082,POP,-4,bchdfaoljgpenkmi
7,8,1,2082,PUSH,-4,bcadfghijpemnklo,4,-1,1
7,8,2,2082,DEL_CUTOFF,4
7,8,3,2082,DEL_EXPLORED,1
7,8,4,2082,DEL_EXPLORED,-4
7,8,0,2083,POP,-1,bchdfgoljapenkmi
7,8,1,2083,DEL_CUTOFF,1
7,8,2,2083,DEL_CUTOFF,-4
7,8,3,2083,DEL_CUTOFF,-1
7,8,4,2083,POP,4,bchdjfilagpenkom
7,8,0,2084,PUSH,4,bchdfgoljpmenkai,-4,-1,1
7,8,1,2084,DEL_CUTOFF,-1
7,8,2,2084,POP,1,bchdgjeafplinkom
7,8,3,2084,DEL_CUTOFF,4
7,8,4,2084,PUSH,-4,achdbfiljgpenkom,4,1
7,8,0,2085,PUSH,1,bchdfgoljpmenkia,-4,-1
7,8,1,2085,DEL_EXPLORED,4
7,8,2,2085,PUSH,-1,bchdgajefplinkom,-4,4,-1,1
7,8,3,2085,POP,-1,bcahfgedjplmnkio
7,8,4,2085,DEL_CUTOFF,1
7,8,0,2086,DEL_EXPLORED,-1
7,8,1,2086,POP,-4,bcadfghijpemnklo
7,8,2,2086,DEL_EXPLORED,1
7,8,3,2086,DEL_EXPLORED,4
7,8,4,2086,DEL_EXPLORED,4
7,8,0,2087,DEL_CUTOFF,-4
7,8,1,2087,POP,-4,bchdfgaijpemnklo
7,8,2,2087,DEL_CUTOFF,-1
7,8,3,2087,POP,-4,bchafgedjplmnkio
7,8,4,2087,POP,-4,achdbfiljgpenkom
7,8,0,2088,POP,1,bchdfgoljpmenkia
7,8,1,2088,POP,-4,bchdfgeijpamnklo
7,8,2,2088,DEL_CUTOFF,4
7,8,3,2088,POP,1,bchdfgeajplmnkio
7,8,4,2088,POP,-1,bchdafiljgpenkom
7,8,0,2089,PUSH,-1,bchdfgoljpmenaki,-4,-1,1
7,8,1,2089,POP,-1,bchdfgeijplmnkao
7,8,2,2089,DEL_CUTOFF,-4
7,8,3,2089,PUSH,-1,bchdfagejplmnkio,-4,4,-1,1
7,8,4,2089,DEL_EXPLORED,4
7,8,0,2090,DEL_EXPLORED,1
7,8,1,2090,DEL_EXPLORED,-4
7,8,2,2090,POP,-1,bchdgajefplinkom
7,8,3,2090,DEL_EXPLORED,1
7,8,4,2090,PUSH,-4,bahdfciljgpenkom,4,-1,1
7,8,0,2091,DEL_CUTOFF,-1
7,8,1,2091,POP,4,bchdfgeijplmnkoa
7,8,2,2091,DEL_EXPLORED,4
7,8,3,2091,PUSH,-1,bchdafgejplmnkio,-4,4,1
7,8,4,2091,PUSH,1,bhadfciljgpenkom,4,-1,1
7,8,0,2092,DEL_CUTOFF,-4
7,8,1,2092,DEL_EXPLORED,-4
7,8,2,2092,PUSH,-4,bcadgjhefplinkom,4,-1,1
7,8,3,2092,DEL_EXPLORED,1
7,8,4,2092,DEL_CUTOFF,1
7,8,0,2093,POP,-1,bchdfgoljpmenaki
7,8,1,2093,POP,4,bchdfgeijplankom
7,8,2,2093,DEL_CUTOFF,1
7,8,3,2093,PUSH,4,bchdjfgeaplmnkio,-4,4,1
7,8,4,2093,DEL_EXPLORED,-1
7,8,0,2094,DEL_EXPLORED,-4
7,8,1,2094,PUSH,-4,bchafgedjplinkom,4,-1
7,8,2,2094,DEL_CUTOFF,-1
7,8,3,2094,DEL_CUTOFF,1
7,8,4,2094,DEL_CUTOFF,4
7,8,0,2095,POP,4,bchdfgoljpmenkai
7,8,1,2095,PUSH,-1,bcahfgedjplinkom,4,-1,1
7,8,2,2095,DEL_EXPLORED,4
7,8,3,2095,DEL_CUTOFF,4
7,8,4,2095,POP,1,bhadfciljgpenkom
7,8,0,2096,DEL_EXPLORED,-4
7,8,1,2096,DEL_EXPLORED,1
7,8,2,2096,POP,-4,bcadgjhefplinkom
7,8,3,2096,DEL_EXPLORED,-4
7,8,4,2096,PUSH,-1,abhdfciljgpenkom,4,1
7,8,0,2097,POP,4,bchdfgoljpaenkmi
7,8,1,2097,PUSH,-1,bachfgedjplinkom,4,-1,1
7,8,2,2097,POP,-4,bchdgjaefplinkom
7,8,3,2097,POP,4,bchdjfgeaplmnkio
7,8,4,2097,DEL_EXPLORED,1
7,8,0,2098,PUSH,-4,bcadfghljpoenkmi,4,-1,1
7,8,1,2098,DEL_EXPLORED,1
7,8,2,2098,POP,1,bchdgjlefpainkom
7,8,3,2098,PUSH,-4,achdbfgejplmnkio,4,1
7,8,4,2098,DEL_CUTOFF,4
7,8,0,2099,PUSH,1,bcdafghljpoenkmi,4,-1
7,8,1,2099,PUSH,-1,abchfgedjplinkom,4,1
7,8,2,2099,PUSH,-1,bchdgjleafpinkom,-4,4,1
7,8,3,2099,DEL_CUTOFF,1
7,8,4,2099,POP,-1,abhdfciljgpenkom
7,8,0,2100,DEL_EXPLORED,-1
7,8,1,2100,DEL_EXPLORED,1
7,8,2,2100,DEL_EXPLORED,1
7,8,3,2100,DEL_EXPLORED,4
7,8,4,2100,DEL_EXPLORED,4
7,8,0,2101,PUSH,4,bcdlfghajpoenkmi,-4,4,-1
7,8,1,2101,PUSH,4,fbchagedjplinkom,-4,4,1
7,8,2,2101,PUSH,4,bchdgjlenfpiakom,-4,1
7,8,3,2101,POP,-4,achdbfgejplmnkio
7,8,4,2101,POP,-4,bahdfciljgpenkom
7,8,0,2102,DEL_CUTOFF,-1
7,8,1,2102,PUSH,1,fbchgaedjplinkom,-4,4,-1,1
7,8,2,2102,PUSH,1,bchdgjlenfpikaom,-4,-1,1
7,8,3,2102,POP,-1,bchdafgejplmnkio
7,8,4,2102,POP,-4,bchdfailjgpenkom
7,8,0,2103,DEL_CUTOFF,4
7,8,1,2103,DEL_CUTOFF,1
7,8,2,2103,DEL_CUTOFF,1
7,8,3,2103,PUSH,4,bchdfpgejalmnkio,-4,4,-1,1
7,8,4,2103,POP,-1,bchdfgiljapenkom
7,8,0,2104,DEL_EXPLORED,-4
7,8,1,2104,DEL_EXPLORED,-1
7,8,2,2104,DEL_EXPLORED,-1
7,8,3,2104,PUSH,1,bchdfpgejlamnkio,-4,4,-1,1
7,8,4,2104,PUSH,4,bchdfgiljpoenkam,-4,-1,1
7,8,0,2105,POP,4,bcdlfghajpoenkmi
7,8,1,2105,DEL_CUTOFF,4
7,8,2,2105,DEL_CUTOFF,-4
7,8,3,2105,DEL_CUTOFF,1
7,8,4,2105,PUSH,1,bchdfgiljpoenkma,-4,-1
7,8,0,2106,POP,1,bcdafghljpoenkmi
7,8,1,2106,DEL_CUTOFF,-4
7,8,2,2106,POP,1,bchdgjlenfpikaom
7,8,3,2106,DEL_EXPLORED,-1
7,8,4,2106,DEL_EXPLORED,-1
7,8,0,2107,PUSH,-1,bacdfghljpoenkmi,4,-1,1
7,8,1,2107,POP,1,fbchgaedjplinkom
7,8,2,2107,DEL_EXPLORED,-4
7,8,3,2107,DEL_CUTOFF,4
7,8,4,2107,PUSH,-4,bchdfgiljpoankme,-4,4,-1
7,8,0,2108,DEL_EXPLORED,1
7,8,1,2108,PUSH,4,fbchjgedaplinkom,-4,4,1
7,8,2,2108,POP,4,bchdgjlenfpiakom
7,8,3,2108,DEL_CUTOFF,-4
7,8,4,2108,PUSH,-1,bchdfgiljpaonkme,-4,4,-1,1
7,8,0,2109,PUSH,-1,abcdfghljpoenkmi,4,1
7,8,1,2109,DEL_CUTOFF,1
7,8,2,2109,PUSH,-4,bchdajlegfpinkom,-4,4,1
7,8,3,2109,POP,1,bchdfpgejlamnkio
7,8,4,2109,DEL_EXPLORED,1
7,8,0,2110,DEL_EXPLORED,1
7,8,1,2110,DEL_CUTOFF,4
7,8,2,2110,PUSH,1,bchdjalegfpinkom,-4,4,-1,1
7,8,3,2110,PUSH,-1,bchdfpgeajlmnkio,-4,4,1
7,8,4,2110,DEL_CUTOFF,-1
7,8,0,2111,DEL_CUTOFF,4
7,8,1,2111,DEL_EXPLORED,-4
7,8,2,2111,DEL_CUTOFF,1
7,8,3,2111,DEL_EXPLORED,1
7,8,4,2111,DEL_CUTOFF,4
7,8,0,2112,POP,-1,abcdfghljpoenkmi
7,8,1,2112,POP,4,fbchjgedaplinkom
7,8,2,2112,DEL_EXPLORED,-1
7,8,3,2112,DEL_CUTOFF,4
7,8,4,2112,DEL_CUTOFF,-4
7,8,0,2113,PUSH,4,bgcdfahljpoenkmi,-4,4,-1,1
7,8,1,2113,DEL_EXPLORED,-4
7,8,2,2113,DEL_CUTOFF,4
7,8,3,2113,DEL_CUTOFF,-4
7,8,4,2113,POP,-1,bchdfgiljpaonkme
7,8,0,2114,DEL_CUTOFF,1
7,8,1,2114,POP,4,fbchagedjplinkom
7,8,2,2114,DEL_CUTOFF,-4
7,8,3,2114,POP,-1,bchdfpgeajlmnkio
7,8,4,2114,DEL_EXPLORED,4
7,8,0,2115,DEL_CUTOFF,-1
7,8,1,2115,POP,-1,abchfgedjplinkom
7,8,2,2115,POP,1,bchdjalegfpinkom
7,8,3,2115,PUSH,4,bchdfpgejklmnaio,-4,-1,1
7,8,4,2115,PUSH,-4,bchdfgiajpolnkme,-4,4,-1
7,8,0,2116,DEL_CUTOFF,4
7,8,1,2116,PUSH,4,bgchfaedjplinkom,-4,4,-1,1
7,8,2,2116,DEL_EXPLORED,4
7,8,3,2116,DEL_CUTOFF,1
7,8,4,2116,DEL_CUTOFF,-1
7,8,0,2117,DEL_EXPLORED,-4
7,8,1,2117,PUSH,1,bgchfeadjplinkom,-4,4,-1,1
7,8,2,2117,PUSH,-4,achdbjlegfpinkom,4,1
7,8,3,2117,DEL_CUTOFF,-1
7,8,4,2117,DEL_EXPLORED,4
7,8,0,2118,POP,4,bgcdfahljpoenkmi
7,8,1,2118,PUSH,1,bgchfedajplinkom,-4,4,-1
7,8,2,2118,DEL_CUTOFF,1
7,8,3,2118,DEL_EXPLORED,-4
7,8,4,2118,DEL_CUTOFF,-4
7,8,0,2119,POP,-1,bacdfghljpoenkmi
7,8,1,2119,DEL_EXPLORED,-1
7,8,2,2119,DEL_EXPLORED,4
7,8,3,2119,POP,4,bchdfpgejklmnaio
7,8,4,2119,POP,-4,bchdfgiajpolnkme
7,8,0,2120,DEL_EXPLORED,4
7,8,1,2120,DEL_CUTOFF,4
7,8,2,2120,POP,-4,achdbjlegfpinkom
7,8,3,2120,DEL_EXPLORED,-4
7,8,4,2120,POP,-4,bchdfgiljpoankme
7,8,0,2121,POP,-4,bcadfghljpoenkmi
7,8,1,2121,DEL_CUTOFF,-4
7,8,2,2121,POP,-4,bchdajlegfpinkom
7,8,3,2121,POP,4,bchdfpgejalmnkio
7,8,4,2121,POP,1,bchdfgiljpoenkma
7,8,0,2122,POP,-1,bchdfgaljpoenkmi
7,8,1,2122,POP,1,bgchfedajplinkom
7,8,2,2122,POP,-1,bchdgjleafpinkom
7,8,3,2122,PUSH,-4,bahdfcgejplmnkio,4,-1,1
7,8,4,2122,PUSH,-1,bchdfgiljpoenakm,-4,-1,1
7,8,0,2123,DEL_EXPLORED,4
7,8,1,2123,DEL_EXPLORED,-1
7,8,2,2123,PUSH,4,bchdgjlefkpinaom,-4,-1,1
7,8,3,2123,PUSH,1,bhadfcgejplmnkio,4,-1,1
7,8,4,2123,DEL_EXPLORED,1
7,8,0,2124,PUSH,-4,bchafgldjpoenkmi,4,-1
7,8,1,2124,PUSH,4,bgchfeldjpainkom,-4,4,-1,1
7,8,2,2124,PUSH,1,bchdgjlefkpinoam,-4,-1,1
7,8,3,2124,DEL_CUTOFF,1
7,8,4,2124,PUSH,-1,bchdfgiljpoeankm,-4,1
7,8,0,2125,PUSH,-1,bcahfgldjpoenkmi,4,-1,1
7,8,1,2125,DEL_CUTOFF,1
7,8,2,2125,PUSH,1,bchdgjlefkpinoma,-4,-1
7,8,3,2125,DEL_EXPLORED,-1
7,8,4,2125,DEL_EXPLORED,1
7,8,0,2126,DEL_EXPLORED,1
7,8,1,2126,DEL_CUTOFF,-1
7,8,2,2126,DEL_EXPLORED,-1
7,8,3,2126,DEL_CUTOFF,4
7,8,4,2126,PUSH,-4,bchdfgilapoejnkm,-4,4,1
7,8,0,2127,PUSH,-1,bachfgldjpoenkmi,4,-1,1
7,8,1,2127,DEL_CUTOFF,4
7,8,2,2127,DEL_CUTOFF,-4
7,8,3,2127,POP,1,bhadfcgejplmnkio
7,8,4,2127,DEL_CUTOFF,1
7,8,0,2128,DEL_EXPLORED,1
7,8,1,2128,DEL_EXPLORED,-4
7,8,2,2128,POP,1,bchdgjlefkpinoma
7,8,3,2128,PUSH,-1,abhdfcgejplmnkio,4,1
7,8,4,2128,DEL_EXPLORED,4
7,8,0,2129,PUSH,-1,abchfgldjpoenkmi,4,1
7,8,1,2129,POP,4,bgchfeldjpainkom
7,8,2,2129,DEL_EXPLORED,-1
7,8,3,2129,DEL_EXPLORED,1
7,8,4,2129,DEL_CUTOFF,-4
7,8,0,2130,DEL_EXPLORED,1
7,8,1,2130,PUSH,-4,bgahfecdjplinkom,4,-1,1
7,8,2,2130,PUSH,-4,bchdgjlefkainopm,-4,4,-1,1
7,8,3,2130,DEL_CUTOFF,4
7,8,4,2130,POP,-4,bchdfgilapoejnkm
7,8,0,2131,DEL_CUTOFF,4
7,8,1,2131,DEL_CUTOFF,1
7,8,2,2131,DEL_CUTOFF,1
7,8,3,2131,POP,-1,abhdfcgejplmnkio
7,8,4,2131,POP,-1,bchdfgiljpoeankm
7,8,0,2132,POP,-1,abchfgldjpoenkmi
7,8,1,2132,DEL_CUTOFF,-1
7,8,2,2132,DEL_CUTOFF,-1
7,8,3,2132,DEL_EXPLORED,4
7,8,4,2132,PUSH,-4,bchdfgiljaoenpkm,-4,4,-1,1
7,8,0,2133,PUSH,4,bgchfaldjpoenkmi,-4,4,-1,1
7,8,1,2133,DEL_EXPLORED,4
7,8,2,2133,DEL_EXPLORED,4
7,8,3,2133,POP,-4,bahdfcgejplmnkio
7,8,4,2133,PUSH,1,bchdfgiljoaenpkm,-4,4,-1,1
7,8,0,2134,DEL_CUTOFF,1
7,8,1,2134,POP,-4,bgahfecdjplinkom
7,8,2,2134,DEL_CUTOFF,-4
7,8,3,2134,POP,-1,bchdfagejplmnkio
7,8,4,2134,DEL_CUTOFF,1
7,8,0,2135,DEL_CUTOFF,-1
7,8,1,2135,POP,1,bgchfeadjplinkom
7,8,2,2135,POP,-4,bchdgjlefkainopm
7,8,3,2135,DEL_EXPLORED,4
7,8,4,2135,DEL_EXPLORED,-1
7,8,0,2136,DEL_CUTOFF,4
7,8,1,2136,PUSH,-1,bgchafedjplinkom,-4,4,1
7,8,2,2136,POP,1,bchdgjlefkpinoam
7,8,3,2136,PUSH,-4,bcadfghejplmnkio,4,-1,1
7,8,4,2136,DEL_CUTOFF,4
7,8,0,2137,DEL_EXPLORED,-4
7,8,1,2137,DEL_EXPLORED,1
7,8,2,2137,PUSH,-1,bchdgjlefkpianom,-4,1
7,8,3,2137,PUSH,1,bcdafghejplmnkio,4,-1
7,8,4,2137,DEL_CUTOFF,-4
7,8,0,2138,POP,4,bgchfaldjpoenkmi
7,8,1,2138,PUSH,4,bgchjfedaplinkom,-4,4,1
7,8,2,2138,DEL_EXPLORED,1
7,8,3,2138,DEL_EXPLORED,-1
7,8,4,2138,POP,1,bchdfgiljoaenpkm
7,8,0,2139,POP,-1,bachfgldjpoenkmi
7,8,1,2139,DEL_CUTOFF,1
7,8,2,2139,PUSH,-4,bchdgjleakpifnom,-4,4,1
7,8,3,2139,PUSH,4,bcdefghajplmnkio,-4,4,-1
7,8,4,2139,PUSH,-1,bchdfgilajoenpkm,-4,4,1
7,8,0,2140,PUSH,4,bclhfgadjpoenkmi,-4,4,-1,1
7,8,1,2140,DEL_CUTOFF,4
7,8,2,2140,DEL_CUTOFF,1
7,8,3,2140,DEL_CUTOFF,-1
7,8,4,2140,DEL_EXPLORED,1
7,8,0,2141,PUSH,1,bclhfgdajpoenkmi,-4,4,-1
7,8,1,2141,DEL_EXPLORED,-4
7,8,2,2141,DEL_EXPLORED,4
7,8,3,2141,DEL_CUTOFF,4
7,8,4,2141,DEL_CUTOFF,4
7,8,0,2142,DEL_EXPLORED,-1
7,8,1,2142,POP,4,bgchjfedaplinkom
7,8,2,2142,DEL_CUTOFF,-4
7,8,3,2142,DEL_EXPLORED,-4
7,8,4,2142,DEL_CUTOFF,-4
7,8,0,2143,DEL_CUTOFF,4
7,8,1,2143,PUSH,-4,agchbfedjplinkom,4,1
7,8,2,2143,POP,-4,bchdgjleakpifnom
7,8,3,2143,POP,4,bcdefghajplmnkio
7,8,4,2143,POP,-1,bchdfgilajoenpkm
7,8,0,2144,DEL_CUTOFF,-4
7,8,1,2144,DEL_CUTOFF,1
7,8,2,2144,POP,-1,bchdgjlefkpianom
7,8,3,2144,POP,1,bcdafghejplmnkio
7,8,4,2144,DEL_EXPLORED,4
7,8,0,2145,POP,1,bclhfgdajpoenkmi
7,8,1,2145,DEL_EXPLORED,4
7,8,2,2145,DEL_EXPLORED,-4
7,8,3,2145,PUSH,-1,bacdfghejplmnkio,4,-1,1
7,8,4,2145,PUSH,-4,bchdfailjgoenpkm,-4,4,-1,1
7,8,0,2146,PUSH,-1,bclhfagdjpoenkmi,-4,4,-1,1
7,8,1,2146,POP,-4,agchbfedjplinkom
7,8,2,2146,POP,4,bchdgjlefkpinaom
7,8,3,2146,DEL_EXPLORED,1
7,8,4,2146,DEL_CUTOFF,1
7,8,0,2147,DEL_EXPLORED,1
7,8,1,2147,POP,-1,bgchafedjplinkom
7,8,2,2147,DEL_EXPLORED,-4
7,8,3,2147,PUSH,-1,abcdfghejplmnkio,4,1
7,8,4,2147,DEL_CUTOFF,-1
7,8,0,2148,DEL_CUTOFF,-1
7,8,1,2148,PUSH,4,bgchfpedjalinkom,-4,4,-1,1
7,8,2,2148,POP,4,bchdgjlefapinkom
7,8,3,2148,DEL_EXPLORED,1
7,8,4,2148,DEL_EXPLORED,4
7,8,0,2149,DEL_CUTOFF,4
7,8,1,2149,PUSH,1,bgchfpedjlainkom,-4,4,-1,1
7,8,2,2149,PUSH,-4,bahdgclefjpinkom,4,-1,1
7,8,3,2149,DEL_CUTOFF,4
7,8,4,2149,DEL_CUTOFF,-4
7,8,0,2150,DEL_CUTOFF,-4
7,8,1,2150,DEL_CUTOFF,1
7,8,2,2150,PUSH,1,bhadgclefjpinkom,4,-1,1
7,8,3,2150,POP,-1,abcdfghejplmnkio
7,8,4,2150,POP,-4,bchdfailjgoenpkm
7,8,0,2151,POP,-1,bclhfagdjpoenkmi
7,8,1,2151,DEL_EXPLORED,-1
7,8,2,2151,PUSH,1,bhdagclefjpinkom,4,-1
7,8,3,2151,PUSH,4,bgcdfahejplmnkio,-4,4,-1,1
7,8,4,2151,POP,-4,bchdfgiljaoenpkm
7,8,0,2152,PUSH,4,bclhfgodjpaenkmi,-4,4,-1,1
7,8,1,2152,DEL_CUTOFF,4
7,8,2,2152,DEL_EXPLORED,-1
7,8,3,2152,DEL_CUTOFF,1
7,8,4,2152,POP,-1,bchdfgiljpoenakm
7,8,0,2153,DEL_CUTOFF,1
7,8,1,2153,DEL_CUTOFF,-4
7,8,2,2153,PUSH,4,bhdegclafjpinkom,-4,4,-1
7,8,3,2153,DEL_CUTOFF,-1
7,8,4,2153,DEL_EXPLORED,-4
7,8,0,2154,DEL_CUTOFF,-1
7,8,1,2154,POP,1,bgchfpedjlainkom
7,8,2,2154,DEL_CUTOFF,-1
7,8,3,2154,DEL_CUTOFF,4
7,8,4,2154,POP,4,bchdfgiljpoenkam
7,8,0,2155,DEL_CUTOFF,4
7,8,1,2155,PUSH,-1,bgchfpedajlinkom,-4,4,1
7,8,2,2155,DEL_CUTOFF,4
7,8,3,2155,DEL_EXPLORED,-4
7,8,4,2155,DEL_EXPLORED,-4
7,8,0,2156,DEL_EXPLORED,-4
7,8,1,2156,DEL_EXPLORED,1
7,8,2,2156,DEL_EXPLORED,-4
7,8,3,2156,POP,4,bgcdfahejplmnkio
7,8,4,2156,POP,4,bchdfgiljpaenkom
7,8,0,2157,POP,4,bclhfgodjpaenkmi
7,8,1,2157,DEL_CUTOFF,4
7,8,2,2157,POP,4,bhdegclafjpinkom
7,8,3,2157,POP,-1,bacdfghejplmnkio
7,8,4,2157,PUSH,-4,bcadfghljpienkom,4,-1,1
7,8,0,2158,DEL_EXPLORED,-4
7,8,1,2158,DEL_CUTOFF,-4
7,8,2,2158,POP,1,bhdagclefjpinkom
7,8,3,2158,DEL_EXPLORED,4
7,8,4,2158,PUSH,1,bcdafghljpienkom,4,-1
7,8,0,2159,POP,4,bclhfgadjpoenkmi
7,8,1,2159,POP,-1,bgchfpedajlinkom
7,8,2,2159,DEL_EXPLORED,-1
7,8,3,2159,POP,-4,bcadfghejplmnkio
7,8,4,2159,DEL_EXPLORED,-1
7,8,0,2160,POP,-1,bcahfgldjpoenkmi
7,8,1,2160,PUSH,4,bgchfpedjklinaom,-4,-1,1
7,8,2,2160,PUSH,4,bhldgcaefjpinkom,-4,4,-1,1
7,8,3,2160,POP,-4,bchdfgaejplmnkio
7,8,4,2160,PUSH,4,bcdlfghajpienkom,-4,4,-1
7,8,0,2161,DEL_EXPLORED,4
7,8,1,2161,DEL_CUTOFF,1
7,8,2,2161,PUSH,1,bhldgceafjpinkom,-4,4,-1
7,8,3,2161,POP,-4,bchdfglejpamnkio
7,8,4,2161,PUSH,-1,bcdlfgahjpienkom,-4,4,-1,1
7,8,0,2162,POP,-4,bchafgldjpoenkmi
7,8,1,2162,DEL_CUTOFF,-1
7,8,2,2162,DEL_EXPLORED,-1
7,8,3,2162,POP,-1,bchdfglejpimnkao
7,8,4,2162,DEL_EXPLORED,1
7,8,0,2163,POP,-4,bchdfglajpoenkmi
7,8,1,2163,DEL_EXPLORED,-4
7,8,2,2163,DEL_CUTOFF,4
7,8,3,2163,DEL_EXPLORED,-4
7,8,4,2163,PUSH,-1,bcdlfaghjpienkom,-4,4,-1,1
7,8,0,2164,POP,-4,bchdfglejpoankmi
7,8,1,2164,POP,4,bgchfpedjklinaom
7,8,2,2164,DEL_CUTOFF,-4
7,8,3,2164,POP,4,bchdfglejpimnkoa
7,8,4,2164,DEL_EXPLORED,1
7,8,0,2165,POP,1,bchdfglejpoinkma
7,8,1,2165,DEL_EXPLORED,-4
7,8,2,2165,POP,1,bhldgceafjpinkom
7,8,3,2165,POP,1,bchdfglejpiankom
7,8,4,2165,DEL_CUTOFF,-1
7,8,0,2166,PUSH,-1,bchdfglejpoinakm,-4,-1,1
7,8,1,2166,POP,4,bgchfpedjalinkom
7,8,2,2166,PUSH,-1,bhldgacefjpinkom,-4,4,-1,1
7,8,3,2166,POP,0,bchdfglejpainkom
7,8,4,2166,DEL_CUTOFF,4
7,8,0,2167,DEL_EXPLORED,1
7,8,1,2167,DEL_EXPLORED,-4
7,8,2,2167,DEL_EXPLORED,1
7,8,4,2167,DEL_CUTOFF,-4
7,8,0,2168,PUSH,-1,bchdfglejpoiankm,-4,1
7,8,1,2168,POP,4,bgchfaedjplinkom
7,8,2,2168,DEL_CUTOFF,-1
7,8,4,2168,POP,-1,bcdlfaghjpienkom
7,8,0,2169,DEL_EXPLORED,1
7,8,1,2169,POP,-1,bachfgedjplinkom
7,8,2,2169,DEL_CUTOFF,4
7,8,4,2169,PUSH,4,bcdlfgihjpaenkom,-4,4,-1,1
7,8,0,2170,PUSH,-4,bchdfgleapoijnkm,-4,4,1
7,8,1,2170,PUSH,4,bcehfgadjplinkom,-4,4,-1,1
7,8,2,2170,DEL_CUTOFF,-4
7,8,4,2170,DEL_CUTOFF,1
7,8,0,2171,PUSH,1,bchdfglepaoijnkm,-4,4,-1,1
7,8,1,2171,PUSH,1,bcehfgdajplinkom,-4,4,-1
7,8,2,2171,POP,-1,bhldgacefjpinkom
7,8,4,2171,DEL_CUTOFF,-1
7,8,0,2172,PUSH,1,bchdfglepoaijnkm,-4,4,-1,1
7,8,1,2172,DEL_EXPLORED,-1
7,8,2,2172,PUSH,4,bhldgcpefjainkom,-4,4,-1,1
7,8,4,2172,DEL_CUTOFF,4
7,8,0,2173,PUSH,1,bchdfglepoiajnkm,-4,4,-1
7,8,1,2173,PUSH,4,bcehfgdijplankom,-4,4,-1
7,8,2,2173,DEL_CUTOFF,1
7,8,4,2173,DEL_EXPLORED,-4
7,8,0,2174,DEL_EXPLORED,-1
7,8,1,2174,PUSH,-1,bcehfgdijpalnkom,-4,4,-1,1
7,8,2,2174,DEL_CUTOFF,-1
7,8,4,2174,POP,4,bcdlfgihjpaenkom
7,8,0,2175,PUSH,4,bchdfglepoimjnka,-4,-1
7,8,1,2175,DEL_EXPLORED,1
7,8,2,2175,DEL_CUTOFF,4
7,8,4,2175,PUSH,-4,bcalfgdhjpienkom,4,-1,1
7,8,0,2176,DEL_CUTOFF,-1
7,8,1,2176,DEL_CUTOFF,-1
7,8,2,2176,DEL_EXPLORED,-4
7,8,4,2176,DEL_CUTOFF,1
7,8,0,2177,DEL_EXPLORED,-4
7,8,1,2177,DEL_CUTOFF,4
7,8,2,2177,POP,4,bhldgcpefjainkom
7,8,4,2177,DEL_CUTOFF,-1
7,8,0,2178,POP,4,bchdfglepoimjnka
7,8,1,2178,DEL_CUTOFF,-4
7,8,2,2178,DEL_EXPLORED,-4
7,8,4,2178,DEL_EXPLORED,4
7,8,0,2179,PUSH,-4,bchdfglapoiejnkm,-4,4,-1
7,8,1,2179,POP,-1,bcehfgdijpalnkom
7,8,2,2179,POP,4,bhldgcaefjpinkom
7,8,4,2179,POP,-4,bcalfgdhjpienkom
7,8,0,2180,DEL_CUTOFF,-1
7,8,1,2180,PUSH,4,bcehfgdijplmnkoa,-4,-1
7,8,2,2180,POP,1,bhadgclefjpinkom
7,8,4,2180,POP,-1,bcdlfgahjpienkom
7,8,0,2181,DEL_EXPLORED,4
7,8,1,2181,DEL_CUTOFF,-1
7,8,2,2181,PUSH,-1,abhdgclefjpinkom,4,1
7,8,4,2181,PUSH,4,bcdlfghejpiankom,-4,4,-1
7,8,0,2182,DEL_CUTOFF,-4
7,8,1,2182,DEL_EXPLORED,-4
7,8,2,2182,DEL_EXPLORED,1
7,8,4,2182,PUSH,-1,bcdlfghejpainkom,-4,4,-1,1
7,8,0,2183,POP,-4,bchdfglapoiejnkm
7,8,1,2183,POP,4,bcehfgdijplmnkoa
7,8,2,2183,PUSH,4,gbhdaclefjpinkom,-4,4,1
7,8,4,2183,DEL_EXPLORED,1
7,8,0,2184,POP,1,bchdfglepoiajnkm
7,8,1,2184,DEL_EXPLORED,-4
7,8,2,2184,PUSH,1,gbhdcalefjpinkom,-4,4,-1,1
7,8,4,2184,DEL_CUTOFF,-1
7,8,0,2185,DEL_EXPLORED,-1
7,8,1,2185,POP,4,bcehfgdijplankom
7,8,2,2185,DEL_CUTOFF,1
7,8,4,2185,DEL_CUTOFF,4
7,8,0,2186,PUSH,4,bchdfglepokijnam,-4,-1,1
7,8,1,2186,PUSH,-4,bceafgdhjplinkom,4,-1
7,8,2,2186,DEL_EXPLORED,-1
7,8,4,2186,DEL_CUTOFF,-4
7,8,0,2187,PUSH,1,bchdfglepokijnma,-4,-1
7,8,1,2187,PUSH,-1,bcaefgdhjplinkom,4,-1,1
7,8,2,2187,DEL_CUTOFF,4
7,8,4,2187,POP,-1,bcdlfghejpainkom
7,8,0,2188,DEL_EXPLORED,-1
7,8,1,2188,DEL_EXPLORED,1
7,8,2,2188,DEL_CUTOFF,-4
7,8,4,2188,PUSH,4,bcdlfghejpimnkoa,-4,-1
7,8,0,2189,DEL_CUTOFF,-4
7,8,1,2189,DEL_CUTOFF,-1
7,8,2,2189,POP,1,gbhdcalefjpinkom
7,8,4,2189,DEL_CUTOFF,-1
7,8,0,2190,POP,1,bchdfglepokijnma
7,8,1,2190,DEL_CUTOFF,4
7,8,2,2190,PUSH,4,gbhdfcleajpinkom,-4,4,1
7,8,4,2190,DEL_EXPLORED,-4
7,8,0,2191,PUSH,-1,bchdfglepokijanm,-4,-1,1
7,8,1,2191,POP,-1,bcaefgdhjplinkom
7,8,2,2191,DEL_CUTOFF,1
7,8,4,2191,POP,4,bcdlfghejpimnkoa
7,8,0,2192,DEL_EXPLORED,1
7,8,1,2192,DEL_EXPLORED,4
7,8,2,2192,DEL_CUTOFF,4
7,8,4,2192,DEL_EXPLORED,-4
7,8,0,2193,DEL_CUTOFF,-1
7,8,1,2193,POP,-4,bceafgdhjplinkom
7,8,2,2193,DEL_EXPLORED,-4
7,8,4,2193,POP,4,bcdlfghejpiankom
7,8,0,2194,DEL_CUTOFF,-4
7,8,1,2194,POP,1,bcehfgdajplinkom
7,8,2,2194,POP,4,gbhdfcleajpinkom
7,8,4,2194,DEL_EXPLORED,-4
7,8,0,2195,POP,-1,bchdfglepokijanm
7,8,1,2195,PUSH,-1,bcehfagdjplinkom,-4,4,-1,1
7,8,2,2195,DEL_EXPLORED,-4
7,8,4,2195,POP,4,bcdlfghajpienkom
7,8,0,2196,DEL_EXPLORED,-4
7,8,1,2196,DEL_EXPLORED,1
7,8,2,2196,POP,4,gbhdaclefjpinkom
7,8,4,2196,POP,1,bcdafghljpienkom
7,8,0,2197,POP,4,bchdfglepokijnam
7,8,1,2197,PUSH,-1,bcehafgdjplinkom,-4,4,1
7,8,2,2197,POP,-1,abhdgclefjpinkom
7,8,4,2197,PUSH,-1,bacdfghljpienkom,4,-1,1
7,8,0,2198,PUSH,-4,bchdfgaepolijnkm,-4,4,-1,1
7,8,1,2198,DEL_EXPLORED,1
7,8,2,2198,DEL_EXPLORED,4
7,8,4,2198,DEL_EXPLORED,1
7,8,0,2199,PUSH,1,bchdfgeapolijnkm,-4,4,-1
7,8,1,2199,PUSH,4,bcehjfgdaplinkom,-4,4,1
7,8,2,2199,POP,-4,bahdgclefjpinkom
7,8,4,2199,PUSH,-1,abcdfghljpienkom,4,1
7,8,0,2200,DEL_EXPLORED,-1
7,8,1,2200,DEL_CUTOFF,1
7,8,2,2200,POP,1,bchdgalefjpinkom
7,8,4,2200,DEL_EXPLORED,1
7,8,0,2201,DEL_CUTOFF,4
7,8,1,2201,DEL_CUTOFF,4
7,8,2,2201,DEL_EXPLORED,4
7,8,4,2201,PUSH,4,fbcdaghljpienkom,-4,4,1
7,8,0,2202,DEL_CUTOFF,-4
7,8,1,2202,DEL_EXPLORED,-4
7,8,2,2202,PUSH,-4,achdbglefjpinkom,4,1
7,8,4,2202,PUSH,1,fbcdgahljpienkom,-4,4,-1,1
7,8,0,2203,POP,1,bchdfgeapolijnkm
7,8,1,2203,POP,4,bcehjfgdaplinkom
7,8,2,2203,PUSH,1,cahdbglefjpinkom,4,-1,1
7,8,4,2203,DEL_CUTOFF,1
7,8,0,2204,PUSH,-1,bchdfagepolijnkm,-4,4,-1,1
7,8,1,2204,PUSH,-4,acehbfgdjplinkom,4,1
7,8,2,2204,PUSH,1,chadbglefjpinkom,4,-1,1
7,8,4,2204,DEL_EXPLORED,-1
7,8,0,2205,DEL_EXPLORED,1
7,8,1,2205,DEL_CUTOFF,1
7,8,2,2205,PUSH,1,chdabglefjpinkom,4,-1
7,8,4,2205,DEL_CUTOFF,4
7,8,0,2206,DEL_CUTOFF,-1
7,8,1,2206,DEL_EXPLORED,4
7,8,2,2206,DEL_EXPLORED,-1
7,8,4,2206,DEL_CUTOFF,-4
7,8,0,2207,DEL_CUTOFF,4
7,8,1,2207,POP,-4,acehbfgdjplinkom
7,8,2,2207,PUSH,4,chdebglafjpinkom,-4,4,-1
7,8,4,2207,POP,1,fbcdgahljpienkom
7,8,0,2208,DEL_CUTOFF,-4
7,8,1,2208,POP,-1,bcehafgdjplinkom
7,8,2,2208,DEL_CUTOFF,-1
7,8,4,2208,PUSH,4,fbcdjghlapienkom,-4,4,1
7,8,0,2209,POP,-1,bchdfagepolijnkm
7,8,1,2209,PUSH,4,bcehfpgdjalinkom,-4,4,-1,1
7,8,2,2209,DEL_CUTOFF,4
7,8,4,2209,DEL_CUTOFF,1
7,8,0,2210,DEL_EXPLORED,4
7,8,1,2210,PUSH,1,bcehfpgdjlainkom,-4,4,-1,1
7,8,2,2210,DEL_EXPLORED,-4
7,8,4,2210,DEL_CUTOFF,4
7,8,0,2211,PUSH,-4,bcadfghepolijnkm,4,-1,1
7,8,1,2211,DEL_CUTOFF,1
7,8,2,2211,POP,4,chdebglafjpinkom
7,8,4,2211,DEL_EXPLORED,-4
7,8,0,2212,DEL_CUTOFF,1
7,8,1,2212,DEL_EXPLORED,-1
7,8,2,2212,POP,1,chdabglefjpinkom
7,8,4,2212,POP,4,fbcdjghlapienkom
7,8,0,2213,DEL_CUTOFF,-1
7,8,1,2213,DEL_CUTOFF,4
7,8,2,2213,DEL_EXPLORED,-1
7,8,4,2213,DEL_EXPLORED,-4
7,8,0,2214,DEL_EXPLORED,4
7,8,1,2214,DEL_CUTOFF,-4
7,8,2,2214,PUSH,4,chldbgaefjpinkom,-4,4,-1,1
7,8,4,2214,POP,4,fbcdaghljpienkom
7,8,0,2215,POP,-4,bcadfghepolijnkm
7,8,1,2215,POP,1,bcehfpgdjlainkom
7,8,2,2215,PUSH,1,chldbgeafjpinkom,-4,4,-1
7,8,4,2215,POP,-1,abcdfghljpienkom
7,8,0,2216,POP,-4,bchdfgaepolijnkm
7,8,1,2216,PUSH,-1,bcehfpgdajlinkom,-4,4,1
7,8,2,2216,DEL_EXPLORED,-1
7,8,4,2216,PUSH,4,bgcdfahljpienkom,-4,4,-1,1
7,8,0,2217,POP,1,bchdfglepoaijnkm
7,8,1,2217,DEL_EXPLORED,1
7,8,2,2217,DEL_CUTOFF,4
7,8,4,2217,PUSH,1,bgcdfhaljpienkom,-4,4,-1,1
7,8,0,2218,DEL_EXPLORED,-1
7,8,1,2218,DEL_CUTOFF,4
7,8,2,2218,DEL_CUTOFF,-4
7,8,4,2218,PUSH,1,bgcdfhlajpienkom,-4,4,-1
7,8,0,2219,PUSH,4,bchdfglepnoijakm,-4,-1,1
7,8,1,2219,DEL_CUTOFF,-4
7,8,2,2219,POP,1,chldbgeafjpinkom
7,8,4,2219,DEL_EXPLORED,-1
7,8,0,2220,PUSH,1,bchdfglepnoijkam,-4,-1,1
7,8,1,2220,POP,-1,bcehfpgdajlinkom
7,8,2,2220,PUSH,-1,chldbagefjpinkom,-4,4,-1,1
7,8,4,2220,DEL_CUTOFF,4
7,8,0,2221,PUSH,1,bchdfglepnoijkma,-4,-1
7,8,1,2221,PUSH,4,bcehfpgdjklinaom,-4,-1,1
7,8,2,2221,DEL_EXPLORED,1
7,8,4,2221,DEL_CUTOFF,-4
7,8,0,2222,DEL_EXPLORED,-1
7,8,1,2222,DEL_CUTOFF,1
7,8,2,2222,DEL_CUTOFF,-1
7,8,4,2222,POP,1,bgcdfhlajpienkom
7,8,0,2223,DEL_CUTOFF,-4
7,8,1,2223,DEL_CUTOFF,-1
7,8,2,2223,DEL_CUTOFF,4
7,8,4,2223,DEL_EXPLORED,-1
7,8,0,2224,POP,1,bchdfglepnoijkma
7,8,1,2224,DEL_EXPLORED,-4
7,8,2,2224,DEL_CUTOFF,-4
7,8,4,2224,PUSH,4,bgcdfhiljpaenkom,-4,4,-1,1
7,8,0,2225,DEL_EXPLORED,-1
7,8,1,2225,POP,4,bcehfpgdjklinaom
7,8,2,2225,POP,-1,chldbagefjpinkom
7,8,4,2225,DEL_CUTOFF,1
7,8,0,2226,PUSH,-4,bchdfglepnaijkom,-4,4,-1,1
7,8,1,2226,DEL_EXPLORED,-4
7,8,2,2226,PUSH,4,chldbgpefjainkom,-4,4,-1,1
7,8,4,2226,DEL_CUTOFF,-1
7,8,0,2227,DEL_CUTOFF,1
7,8,1,2227,POP,4,bcehfpgdjalinkom
7,8,2,2227,DEL_CUTOFF,1
7,8,4,2227,DEL_CUTOFF,4
7,8,0,2228,DEL_CUTOFF,-1
7,8,1,2228,PUSH,-4,baehfcgdjplinkom,4,-1,1
7,8,2,2228,DEL_CUTOFF,-1
7,8,4,2228,DEL_EXPLORED,-4
7,8,0,2229,DEL_EXPLORED,4
7,8,1,2229,PUSH,1,beahfcgdjplinkom,4,-1,1
7,8,2,2229,DEL_CUTOFF,4
7,8,4,2229,POP,4,bgcdfhiljpaenkom
7,8,0,2230,DEL_CUTOFF,-4
7,8,1,2230,DEL_CUTOFF,1
7,8,2,2230,DEL_EXPLORED,-4
7,8,4,2230,PUSH,-4,bgadfhcljpienkom,4,-1,1
7,8,0,2231,POP,-4,bchdfglepnaijkom
7,8,1,2231,DEL_EXPLORED,-1
7,8,2,2231,POP,4,chldbgpefjainkom
7,8,4,2231,DEL_CUTOFF,1
7,8,0,2232,POP,1,bchdfglepnoijkam
7,8,1,2232,DEL_CUTOFF,4
7,8,2,2232,DEL_EXPLORED,-4
7,8,4,2232,DEL_CUTOFF,-1
7,8,0,2233,PUSH,-1,bchdfglepnoiajkm,-4,1
7,8,1,2233,POP,1,beahfcgdjplinkom
7,8,2,2233,POP,4,chldbgaefjpinkom
7,8,4,2233,DEL_EXPLORED,4
7,8,0,2234,DEL_EXPLORED,1
7,8,1,2234,PUSH,-1,abehfcgdjplinkom,4,1
7,8,2,2234,POP,1,chadbglefjpinkom
7,8,4,2234,POP,-4,bgadfhcljpienkom
7,8,0,2235,PUSH,-4,bchdfgleanoipjkm,-4,4,1
7,8,1,2235,DEL_EXPLORED,1
7,8,2,2235,DEL_EXPLORED,-1
7,8,4,2235,POP,1,bgcdfhaljpienkom
7,8,0,2236,DEL_CUTOFF,1
7,8,1,2236,DEL_CUTOFF,4
7,8,2,2236,PUSH,4,cghdbalefjpinkom,-4,4,-1,1
7,8,4,2236,PUSH,-1,bgcdafhljpienkom,-4,4,1
7,8,0,2237,DEL_EXPLORED,4
7,8,1,2237,POP,-1,abehfcgdjplinkom
7,8,2,2237,PUSH,1,cghdblaefjpinkom,-4,4,-1,1
7,8,4,2237,DEL_EXPLORED,1
7,8,0,2238,DEL_CUTOFF,-4
7,8,1,2238,DEL_EXPLORED,4
7,8,2,2238,PUSH,1,cghdbleafjpinkom,-4,4,-1
7,8,4,2238,PUSH,4,bgcdjfhlapienkom,-4,4,1
7,8,0,2239,POP,-4,bchdfgleanoipjkm
7,8,1,2239,POP,-4,baehfcgdjplinkom
7,8,2,2239,DEL_EXPLORED,-1
7,8,4,2239,DEL_CUTOFF,1
7,8,0,2240,POP,-1,bchdfglepnoiajkm
7,8,1,2240,POP,-1,bcehfagdjplinkom
7,8,2,2240,DEL_CUTOFF,4
7,8,4,2240,DEL_CUTOFF,4
7,8,0,2241,DEL_EXPLORED,-4
7,8,1,2241,PUSH,4,bcehfgldjpainkom,-4,4,-1,1
7,8,2,2241,DEL_CUTOFF,-4
7,8,4,2241,DEL_EXPLORED,-4
7,8,0,2242,POP,4,bchdfglepnoijakm
7,8,1,2242,PUSH,1,bcehfgldjpiankom,-4,4,-1
7,8,2,2242,POP,1,cghdbleafjpinkom
7,8,4,2242,POP,4,bgcdjfhlapienkom
7,8,0,2243,PUSH,-4,bchdfalepgoijnkm,-4,4,-1,1
7,8,1,2243,DEL_EXPLORED,-1
7,8,2,2243,DEL_EXPLORED,-1
7,8,4,2243,PUSH,-4,agcdbfhljpienkom,4,1
7,8,0,2244,PUSH,1,bchdflaepgoijnkm,-4,4,-1,1
7,8,1,2244,PUSH,4,bcehfgldjpimnkoa,-4,-1
7,8,2,2244,PUSH,4,cghdblpefjainkom,-4,4,-1,1
7,8,4,2244,DEL_CUTOFF,1
7,8,0,2245,PUSH,1,bchdfleapgoijnkm,-4,4,-1
7,8,1,2245,DEL_CUTOFF,-1
7,8,2,2245,DEL_CUTOFF,1
7,8,4,2245,DEL_EXPLORED,4
7,8,0,2246,DEL_EXPLORED,-1
7,8,1,2246,DEL_EXPLORED,-4
7,8,2,2246,DEL_CUTOFF,-1
7,8,4,2246,POP,-4,agcdbfhljpienkom
7,8,0,2247,DEL_CUTOFF,4
7,8,1,2247,POP,4,bcehfgldjpimnkoa
7,8,2,2247,DEL_CUTOFF,4
7,8,4,2247,POP,-1,bgcdafhljpienkom
7,8,0,2248,DEL_CUTOFF,-4
7,8,1,2248,PUSH,-4,bcehfglajpidnkom,-4,4,-1
7,8,2,2248,DEL_EXPLORED,-4
7,8,4,2248,PUSH,4,bgcdfphljaienkom,-4,4,-1,1
7,8,0,2249,POP,1,bchdfleapgoijnkm
7,8,1,2249,DEL_CUTOFF,-1
7,8,2,2249,POP,4,cghdblpefjainkom
7,8,4,2249,PUSH,1,bgcdfphljiaenkom,-4,4,-1,1
7,8,0,2250,DEL_EXPLORED,-1
7,8,1,2250,DEL_EXPLORED,4
7,8,2,2250,PUSH,-4,cgadblhefjpinkom,4,-1,1
7,8,4,2250,DEL_CUTOFF,1
7,8,0,2251,PUSH,4,bchdfloepgaijnkm,-4,4,-1,1
7,8,1,2251,DEL_CUTOFF,-4
7,8,2,2251,DEL_CUTOFF,1
7,8,4,2251,DEL_EXPLORED,-1
7,8,0,2252,DEL_CUTOFF,1
7,8,1,2252,POP,-4,bcehfglajpidnkom
7,8,2,2252,DEL_CUTOFF,-1
7,8,4,2252,DEL_CUTOFF,4
7,8,0,2253,DEL_CUTOFF,-1
7,8,1,2253,POP,1,bcehfgldjpiankom
7,8,2,2253,DEL_EXPLORED,4
7,8,4,2253,DEL_CUTOFF,-4
7,8,0,2254,DEL_CUTOFF,4
7,8,1,2254,PUSH,-1,bcehfgldjapinkom,-4,4,-1,1
7,8,2,2254,POP,-4,cgadblhefjpinkom
7,8,4,2254,POP,1,bgcdfphljiaenkom
7,8,0,2255,DEL_EXPLORED,-4
7,8,1,2255,DEL_EXPLORED,1
7,8,2,2255,POP,1,cghdblaefjpinkom
7,8,4,2255,PUSH,-1,bgcdfphlajienkom,-4,4,1
7,8,0,2256,POP,4,bchdfloepgaijnkm
7,8,1,2256,PUSH,-1,bcehfgldajpinkom,-4,4,1
7,8,2,2256,PUSH,-1,cghdablefjpinkom,-4,4,1
7,8,4,2256,DEL_EXPLORED,1
7,8,0,2257,PUSH,-4,bcadflhepgoijnkm,4,-1,1
7,8,1,2257,DEL_EXPLORED,1
7,8,2,2257,DEL_EXPLORED,1
7,8,4,2257,DEL_CUTOFF,4
7,8,0,2258,DEL_CUTOFF,1
7,8,1,2258,DEL_CUTOFF,4
7,8,2,2258,PUSH,4,cghdfbleajpinkom,-4,4,1
7,8,4,2258,DEL_CUTOFF,-4
7,8,0,2259,DEL_CUTOFF,-1
7,8,1,2259,DEL_CUTOFF,-4
7,8,2,2259,DEL_CUTOFF,1
7,8,4,2259,POP,-1,bgcdfphlajienkom
7,8,0,2260,DEL_EXPLORED,4
7,8,1,2260,POP,-1,bcehfgldajpinkom
7,8,2,2260,DEL_CUTOFF,4
7,8,4,2260,PUSH,4,bgcdfphljkienaom,-4,-1,1
7,8,0,2261,POP,-4,bcadflhepgoijnkm
7,8,1,2261,PUSH,4,bcehfgldjkpinaom,-4,-1,1
7,8,2,2261,DEL_EXPLORED,-4
7,8,4,2261,DEL_CUTOFF,1
7,8,0,2262,POP,1,bchdflaepgoijnkm
7,8,1,2262,DEL_CUTOFF,1
7,8,2,2262,POP,4,cghdfbleajpinkom
7,8,4,2262,DEL_CUTOFF,-1
7,8,0,2263,PUSH,-1,bchdaflepgoijnkm,-4,4,1
7,8,1,2263,DEL_CUTOFF,-1
7,8,2,2263,PUSH,-4,aghdcblefjpinkom,4,1
7,8,4,2263,DEL_EXPLORED,-4
7,8,0,2264,DEL_EXPLORED,1
7,8,1,2264,DEL_EXPLORED,-4
7,8,2,2264,DEL_CUTOFF,1
7,8,4,2264,POP,4,bgcdfphljkienaom
7,8,0,2265,PUSH,4,bchdpfleagoijnkm,-4,4,1
7,8,1,2265,POP,4,bcehfgldjkpinaom
7,8,2,2265,DEL_EXPLORED,4
7,8,4,2265,DEL_EXPLORED,-4
7,8,0,2266,DEL_CUTOFF,1
7,8,1,2266,PUSH,-4,bcehfaldjgpinkom,-4,4,-1,1
7,8,2,2266,POP,-4,aghdcblefjpinkom
7,8,4,2266,POP,4,bgcdfphljaienkom
7,8,0,2267,DEL_CUTOFF,4
7,8,1,2267,DEL_CUTOFF,1
7,8,2,2267,POP,-1,cghdablefjpinkom
7,8,4,2267,DEL_EXPLORED,-4
7,8,0,2268,DEL_EXPLORED,-4
7,8,1,2268,DEL_CUTOFF,-1
7,8,2,2268,PUSH,4,cghdbjlefapinkom,-4,4,-1,1
7,8,4,2268,POP,4,bgcdfahljpienkom
7,8,0,2269,POP,4,bchdpfleagoijnkm
7,8,1,2269,DEL_EXPLORED,4
7,8,2,2269,PUSH,1,cghdbjlefpainkom,-4,4,-1,1
7,8,4,2269,POP,-1,bacdfghljpienkom
7,8,0,2270,PUSH,-4,achdbflepgoijnkm,4,1
7,8,1,2270,DEL_CUTOFF,-4
7,8,2,2270,DEL_CUTOFF,1
7,8,4,2270,DEL_EXPLORED,4
7,8,0,2271,DEL_CUTOFF,1
7,8,1,2271,POP,-4,bcehfaldjgpinkom
7,8,2,2271,DEL_EXPLORED,-1
7,8,4,2271,POP,-4,bcadfghljpienkom
7,8,0,2272,DEL_EXPLORED,4
7,8,1,2272,POP,-1,bcehfgldjapinkom
7,8,2,2272,DEL_CUTOFF,4
7,8,4,2272,POP,-1,bchdfgaljpienkom
7,8,0,2273,POP,-4,achdbflepgoijnkm
7,8,1,2273,PUSH,4,bcehfgldjpoinkam,-4,-1,1
7,8,2,2273,DEL_CUTOFF,-4
7,8,4,2273,DEL_EXPLORED,4
7,8,0,2274,POP,-1,bchdaflepgoijnkm
7,8,1,2274,PUSH,1,bcehfgldjpoinkma,-4,-1
7,8,2,2274,POP,1,cghdbjlefpainkom
7,8,4,2274,PUSH,-4,bchafgldjpienkom,4,-1
7,8,0,2275,DEL_EXPLORED,4
7,8,1,2275,DEL_EXPLORED,-1
7,8,2,2275,PUSH,-1,cghdbjleafpinkom,-4,4,1
7,8,4,2275,PUSH,-1,bcahfgldjpienkom,4,-1,1
7,8,0,2276,PUSH,-4,bahdfclepgoijnkm,4,-1,1
7,8,1,2276,DEL_CUTOFF,-4
7,8,2,2276,DEL_EXPLORED,1
7,8,4,2276,DEL_EXPLORED,1
7,8,0,2277,PUSH,1,bhadfclepgoijnkm,4,-1,1
7,8,1,2277,POP,1,bcehfgldjpoinkma
7,8,2,2277,DEL_CUTOFF,4
7,8,4,2277,PUSH,-1,bachfgldjpienkom,4,-1,1
7,8,0,2278,DEL_CUTOFF,1
7,8,1,2278,PUSH,-1,bcehfgldjpoinakm,-4,-1,1
7,8,2,2278,DEL_CUTOFF,-4
7,8,4,2278,DEL_EXPLORED,1
7,8,0,2279,DEL_EXPLORED,-1
7,8,1,2279,DEL_EXPLORED,1
7,8,2,2279,POP,-1,cghdbjleafpinkom
7,8,4,2279,PUSH,-1,abchfgldjpienkom,4,1
7,8,0,2280,DEL_CUTOFF,4
7,8,1,2280,DEL_CUTOFF,-1
7,8,2,2280,PUSH,4,cghdbjlefkpinaom,-4,-1,1
7,8,4,2280,DEL_EXPLORED,1
7,8,0,2281,POP,1,bhadfclepgoijnkm
7,8,1,2281,DEL_CUTOFF,-4
7,8,2,2281,DEL_CUTOFF,1
7,8,4,2281,PUSH,4,fbchagldjpienkom,-4,4,1
7,8,0,2282,PUSH,-1,abhdfclepgoijnkm,4,1
7,8,1,2282,POP,-1,bcehfgldjpoinakm
7,8,2,2282,DEL_CUTOFF,-1
7,8,4,2282,PUSH,1,fbchgaldjpienkom,-4,4,-1,1
7,8,0,2283,DEL_EXPLORED,1
7,8,1,2283,DEL_EXPLORED,-4
7,8,2,2283,DEL_EXPLORED,-4
7,8,4,2283,DEL_CUTOFF,1
7,8,0,2284,DEL_CUTOFF,4
7,8,1,2284,POP,4,bcehfgldjpoinkam
7,8,2,2284,POP,4,cghdbjlefkpinaom
7,8,4,2284,DEL_EXPLORED,-1
7,8,0,2285,POP,-1,abhdfclepgoijnkm
7,8,1,2285,DEL_EXPLORED,-4
7,8,2,2285,DEL_EXPLORED,-4
7,8,4,2285,DEL_CUTOFF,4
7,8,0,2286,DEL_EXPLORED,4
7,8,1,2286,POP,4,bcehfgldjpainkom
7,8,2,2286,POP,4,cghdbjlefapinkom
7,8,4,2286,DEL_CUTOFF,-4
7,8,0,2287,POP,-4,bahdfclepgoijnkm
7,8,1,2287,DEL_EXPLORED,-4
7,8,2,2287,DEL_EXPLORED,-4
7,8,4,2287,POP,1,fbchgaldjpienkom
7,8,0,2288,POP,-4,bchdfalepgoijnkm
7,8,1,2288,POP,4,bcehfgadjplinkom
7,8,2,2288,POP,4,cghdbalefjpinkom
7,8,4,2288,PUSH,4,fbchjgldapienkom,-4,4,1
7,8,0,2289,POP,1,bchdfglepaoijnkm
7,8,1,2289,POP,-1,bcahfgedjplinkom
7,8,2,2289,POP,1,cahdbglefjpinkom
7,8,4,2289,DEL_CUTOFF,1
7,8,0,2290,DEL_EXPLORED,4
7,8,1,2290,DEL_EXPLORED,4
7,8,2,2290,DEL_EXPLORED,4
7,8,4,2290,DEL_CUTOFF,4
7,8,0,2291,PUSH,-4,bchdaglefpoijnkm,-4,4,1
7,8,1,2291,POP,-4,bchafgedjplinkom
7,8,2,2291,POP,-4,achdbglefjpinkom
7,8,4,2291,DEL_EXPLORED,-4
7,8,0,2292,PUSH,1,bchdgalefpoijnkm,-4,4,-1,1
7,8,1,2292,POP,1,bchdfgeajplinkom
7,8,2,2292,POP,-4,bchdaglefjpinkom
7,8,4,2292,POP,4,fbchjgldapienkom
7,8,0,2293,PUSH,1,bchdglaefpoijnkm,-4,4,-1,1
7,8,1,2293,PUSH,-1,bchdfagejplinkom,-4,4,-1,1
7,8,2,2293,POP,-1,bchdfgleajpinkom
7,8,4,2293,DEL_EXPLORED,-4
7,8,0,2294,PUSH,1,bchdgleafpoijnkm,-4,4,-1
7,8,1,2294,DEL_EXPLORED,1
7,8,2,2294,PUSH,4,bchdfglejkpinaom,-4,-1,1
7,8,4,2294,POP,4,fbchagldjpienkom
7,8,0,2295,DEL_EXPLORED,-1
7,8,1,2295,PUSH,-1,bchdafgejplinkom,-4,4,1
7,8,2,2295,PUSH,1,bchdfglejkpinoam,-4,-1,1
7,8,4,2295,POP,-1,abchfgldjpienkom
7,8,0,2296,DEL_CUTOFF,4
7,8,1,2296,DEL_EXPLORED,1
7,8,2,2296,PUSH,1,bchdfglejkpinoma,-4,-1
7,8,4,2296,PUSH,4,bgchfaldjpienkom,-4,4,-1,1
7,8,0,2297,DEL_CUTOFF,-4
7,8,1,2297,PUSH,4,bchdjfgeaplinkom,-4,4,1
7,8,2,2297,DEL_EXPLORED,-1
7,8,4,2297,PUSH,1,bgchfladjpienkom,-4,4,-1,1
7,8,0,2298,POP,1,bchdgleafpoijnkm
7,8,1,2298,PUSH,1,bchdjfgepalinkom,-4,4,-1,1
7,8,2,2298,PUSH,-4,bchdfglejkpanomi,-4,4,-1
7,8,4,2298,PUSH,1,bgchfldajpienkom,-4,4,-1
7,8,0,2299,DEL_EXPLORED,-1
7,8,1,2299,PUSH,1,bchdjfgeplainkom,-4,4,-1,1
7,8,2,2299,PUSH,-1,bchdfglejkapnomi,-4,4,-1,1
7,8,4,2299,DEL_EXPLORED,-1
7,8,0,2300,PUSH,4,bchdgloefpaijnkm,-4,4,-1,1
7,8,1,2300,PUSH,1,bchdjfgepliankom,-4,4,-1
7,8,2,2300,DEL_EXPLORED,1
7,8,4,2300,DEL_CUTOFF,4
7,8,0,2301,DEL_CUTOFF,1
7,8,1,2301,DEL_EXPLORED,-1
7,8,2,2301,PUSH,-1,bchdfglejakpnomi,-4,4,-1,1
7,8,4,2301,DEL_CUTOFF,-4
7,8,0,2302,DEL_CUTOFF,-1
7,8,1,2302,PUSH,4,bchdjfgeplimnkoa,-4,-1
7,8,2,2302,DEL_EXPLORED,1
7,8,4,2302,POP,1,bgchfldajpienkom
7,8,0,2303,DEL_CUTOFF,4
7,8,1,2303,DEL_CUTOFF,-1
7,8,2,2303,PUSH,-1,bchdfgleajkpnomi,-4,4,1
7,8,4,2303,DEL_EXPLORED,-1
7,8,0,2304,DEL_EXPLORED,-4
7,8,1,2304,DEL_EXPLORED,-4
7,8,2,2304,DEL_EXPLORED,1
7,8,4,2304,PUSH,4,bgchflidjpaenkom,-4,4,-1,1
7,8,0,2305,POP,4,bchdgloefpaijnkm
7,8,1,2305,POP,4,bchdjfgeplimnkoa
7,8,2,2305,DEL_CUTOFF,4
7,8,4,2305,DEL_CUTOFF,1
7,8,0,2306,PUSH,-4,bcadglhefpoijnkm,4,-1,1
7,8,1,2306,PUSH,-4,bchdjfgaplienkom,-4,4,-1
7,8,2,2306,DEL_CUTOFF,-4
7,8,4,2306,DEL_CUTOFF,-1
7,8,0,2307,DEL_CUTOFF,1
7,8,1,2307,DEL_CUTOFF,-1
7,8,2,2307,POP,-1,bchdfgleajkpnomi
7,8,4,2307,DEL_CUTOFF,4
7,8,0,2308,DEL_CUTOFF,-1
7,8,1,2308,DEL_EXPLORED,4
7,8,2,2308,PUSH,4,bchdfglejokpnami,-4,-1,1
7,8,4,2308,DEL_EXPLORED,-4
7,8,0,2309,DEL_EXPLORED,4
7,8,1,2309,DEL_CUTOFF,-4
7,8,2,2309,DEL_CUTOFF,1
7,8,4,2309,POP,4,bgchflidjpaenkom
7,8,0,2310,POP,-4,bcadglhefpoijnkm
7,8,1,2310,POP,-4,bchdjfgaplienkom
7,8,2,2310,DEL_CUTOFF,-1
7,8,4,2310,PUSH,-4,bgahflcdjpienkom,4,-1,1
7,8,0,2311,POP,1,bchdglaefpoijnkm
7,8,1,2311,POP,1,bchdjfgepliankom
7,8,2,2311,DEL_EXPLORED,-4
7,8,4,2311,DEL_CUTOFF,1
7,8,0,2312,DEL_EXPLORED,-1
7,8,1,2312,DEL_EXPLORED,-1
7,8,2,2312,POP,4,bchdfglejokpnami
7,8,4,2312,DEL_CUTOFF,-1
7,8,0,2313,PUSH,4,bchdgplefaoijnkm,-4,4,-1,1
7,8,1,2313,PUSH,4,bchdjfgeploinkam,-4,-1,1
7,8,2,2313,PUSH,-4,bchdfalejgkpnomi,-4,4,-1,1
7,8,4,2313,DEL_EXPLORED,4
7,8,0,2314,PUSH,1,bchdgplefoaijnkm,-4,4,-1,1
7,8,1,2314,PUSH,1,bchdjfgeploinkma,-4,-1
7,8,2,2314,DEL_CUTOFF,1
7,8,4,2314,POP,-4,bgahflcdjpienkom
7,8,0,2315,DEL_CUTOFF,1
7,8,1,2315,DEL_EXPLORED,-1
7,8,2,2315,DEL_CUTOFF,-1
7,8,4,2315,POP,1,bgchfladjpienkom
7,8,0,2316,DEL_EXPLORED,-1
7,8,1,2316,DEL_CUTOFF,-4
7,8,2,2316,DEL_EXPLORED,4
7,8,4,2316,PUSH,-1,bgchafldjpienkom,-4,4,1
7,8,0,2317,DEL_CUTOFF,4
7,8,1,2317,POP,1,bchdjfgeploinkma
7,8,2,2317,DEL_CUTOFF,-4
7,8,4,2317,DEL_EXPLORED,1
7,8,0,2318,DEL_CUTOFF,-4
7,8,1,2318,PUSH,-1,bchdjfgeploinakm,-4,-1,1
7,8,2,2318,POP,-4,bchdfalejgkpnomi
7,8,4,2318,PUSH,4,bgchjfldapienkom,-4,4,1
7,8,0,2319,POP,1,bchdgplefoaijnkm
7,8,1,2319,DEL_EXPLORED,1
7,8,2,2319,POP,-1,bchdfglejakpnomi
7,8,4,2319,DEL_CUTOFF,1
7,8,0,2320,PUSH,-1,bchdgpleafoijnkm,-4,4,1
7,8,1,2320,DEL_CUTOFF,-1
7,8,2,2320,PUSH,4,bchdfglejkmpnoai,-4,-1,1
7,8,4,2320,DEL_CUTOFF,4
7,8,0,2321,DEL_EXPLORED,1
7,8,1,2321,DEL_CUTOFF,-4
7,8,2,2321,PUSH,1,bchdfglejkmpnoia,-4,-1
7,8,4,2321,DEL_EXPLORED,-4
7,8,0,2322,DEL_CUTOFF,4
7,8,1,2322,POP,-1,bchdjfgeploinakm
7,8,2,2322,DEL_EXPLORED,-1
7,8,4,2322,POP,4,bgchjfldapienkom
7,8,0,2323,DEL_CUTOFF,-4
7,8,1,2323,DEL_EXPLORED,-4
7,8,2,2323,DEL_CUTOFF,-4
7,8,4,2323,PUSH,-4,agchbfldjpienkom,4,1
7,8,0,2324,POP,-1,bchdgpleafoijnkm
7,8,1,2324,POP,4,bchdjfgeploinkam
7,8,2,2324,POP,1,bchdfglejkmpnoia
7,8,4,2324,DEL_CUTOFF,1
7,8,0,2325,PUSH,4,bchdgplefnoijakm,-4,-1,1
7,8,1,2325,PUSH,-4,bchdjfaeplginkom,-4,4,-1,1
7,8,2,2325,PUSH,-1,bchdfglejkmpnaoi,-4,-1,1
7,8,4,2325,DEL_EXPLORED,4
7,8,0,2326,DEL_CUTOFF,1
7,8,1,2326,PUSH,1,bchdjfeaplginkom,-4,4,-1
7,8,2,2326,DEL_EXPLORED,1
7,8,4,2326,POP,-4,agchbfldjpienkom
7,8,0,2327,DEL_CUTOFF,-1
7,8,1,2327,DEL_EXPLORED,-1
7,8,2,2327,DEL_CUTOFF,-1
7,8,4,2327,POP,-1,bgchafldjpienkom
7,8,0,2328,DEL_EXPLORED,-4
7,8,1,2328,DEL_CUTOFF,4
7,8,2,2328,DEL_CUTOFF,-4
7,8,4,2328,PUSH,4,bgchfpldjaienkom,-4,4,-1,1
7,8,0,2329,POP,4,bchdgplefnoijakm
7,8,1,2329,DEL_CUTOFF,-4
7,8,2,2329,POP,-1,bchdfglejkmpnaoi
7,8,4,2329,PUSH,1,bgchfpldjiaenkom,-4,4,-1,1
7,8,0,2330,DEL_EXPLORED,-4
7,8,1,2330,POP,1,bchdjfeaplginkom
7,8,2,2330,DEL_EXPLORED,-4
7,8,4,2330,DEL_CUTOFF,1
7,8,0,2331,POP,4,bchdgplefaoijnkm
7,8,1,2331,PUSH,-1,bchdjafeplginkom,-4,4,-1,1
7,8,2,2331,POP,4,bchdfglejkmpnoai
7,8,4,2331,DEL_EXPLORED,-1
7,8,0,2332,PUSH,-4,bahdgclefpoijnkm,4,-1,1
7,8,1,2332,DEL_EXPLORED,1
7,8,2,2332,PUSH,-4,bchdfgaejklpnomi,-4,4,-1,1
7,8,4,2332,DEL_CUTOFF,4
7,8,0,2333,PUSH,1,bhadgclefpoijnkm,4,-1,1
7,8,1,2333,DEL_CUTOFF,-1
7,8,2,2333,PUSH,1,bchdfgeajklpnomi,-4,4,-1
7,8,4,2333,DEL_CUTOFF,-4
7,8,0,2334,DEL_CUTOFF,1
7,8,1,2334,DEL_CUTOFF,4
7,8,2,2334,DEL_EXPLORED,-1
7,8,4,2334,POP,1,bgchfpldjiaenkom
7,8,0,2335,DEL_EXPLORED,-1
7,8,1,2335,DEL_CUTOFF,-4
7,8,2,2335,DEL_CUTOFF,4
7,8,4,2335,PUSH,-1,bgchfpldajienkom,-4,4,1
7,8,0,2336,DEL_CUTOFF,4
7,8,1,2336,POP,-1,bchdjafeplginkom
7,8,2,2336,DEL_CUTOFF,-4
7,8,4,2336,DEL_EXPLORED,1
7,8,0,2337,POP,1,bhadgclefpoijnkm
7,8,1,2337,DEL_EXPLORED,4
7,8,2,2337,POP,1,bchdfgeajklpnomi
7,8,4,2337,DEL_CUTOFF,4
7,8,0,2338,PUSH,-1,abhdgclefpoijnkm,4,1
7,8,1,2338,PUSH,-4,bcadjfheplginkom,4,-1,1
7,8,2,2338,PUSH,-1,bchdfagejklpnomi,-4,4,-1,1
7,8,4,2338,DEL_CUTOFF,-4
7,8,0,2339,DEL_EXPLORED,1
7,8,1,2339,DEL_CUTOFF,1
7,8,2,2339,DEL_EXPLORED,1
7,8,4,2339,POP,-1,bgchfpldajienkom
7,8,0,2340,DEL_CUTOFF,4
7,8,1,2340,DEL_CUTOFF,-1
7,8,2,2340,DEL_CUTOFF,-1
7,8,4,2340,PUSH,4,bgchfpldjkienaom,-4,-1,1
7,8,0,2341,POP,-1,abhdgclefpoijnkm
7,8,1,2341,DEL_EXPLORED,4
7,8,2,2341,DEL_CUTOFF,4
7,8,4,2341,DEL_CUTOFF,1
7,8,0,2342,DEL_EXPLORED,4
7,8,1,2342,POP,-4,bcadjfheplginkom
7,8,2,2342,DEL_CUTOFF,-4
7,8,4,2342,DEL_CUTOFF,-1
7,8,0,2343,POP,-4,bahdgclefpoijnkm
7,8,1,2343,POP,-4,bchdjfaeplginkom
7,8,2,2343,POP,-1,bchdfagejklpnomi
7,8,4,2343,DEL_EXPLORED,-4
7,8,0,2344,POP,1,bchdgalefpoijnkm
7,8,1,2344,POP,1,bchdjfgeplainkom
7,8,2,2344,DEL_EXPLORED,4
7,8,4,2344,POP,4,bgchfpldjkienaom
7,8,0,2345,DEL_EXPLORED,4
7,8,1,2345,DEL_EXPLORED,-1
7,8,2,2345,PUSH,-4,bcadfghejklpnomi,4,-1,1
7,8,4,2345,DEL_EXPLORED,-4
7,8,0,2346,PUSH,-4,achdbglefpoijnkm,4,1
7,8,1,2346,PUSH,4,bchdjfgepklinaom,-4,-1,1
7,8,2,2346,DEL_CUTOFF,1
7,8,4,2346,POP,4,bgchfpldjaienkom
7,8,0,2347,PUSH,1,cahdbglefpoijnkm,4,-1,1
7,8,1,2347,PUSH,1,bchdjfgepklinoam,-4,-1,1
7,8,2,2347,DEL_CUTOFF,-1
7,8,4,2347,DEL_EXPLORED,-4
7,8,0,2348,PUSH,1,chadbglefpoijnkm,4,-1,1
7,8,1,2348,PUSH,1,bchdjfgepklinoma,-4,-1
7,8,2,2348,DEL_EXPLORED,4
7,8,4,2348,POP,4,bgchfaldjpienkom
7,8,0,2349,DEL_CUTOFF,1
7,8,1,2349,DEL_EXPLORED,-1
7,8,2,2349,POP,-4,bcadfghejklpnomi
7,8,4,2349,POP,-1,bachfgldjpienkom
7,8,0,2350,DEL_EXPLORED,-1
7,8,1,2350,DEL_CUTOFF,-4
7,8,2,2350,POP,-4,bchdfgaejklpnomi
7,8,4,2350,PUSH,4,bclhfgadjpienkom,-4,4,-1,1
7,8,0,2351,DEL_CUTOFF,4
7,8,1,2351,POP,1,bchdjfgepklinoma
7,8,2,2351,POP,-1,bchdfglejkapnomi
7,8,4,2351,PUSH,1,bclhfgdajpienkom,-4,4,-1
7,8,0,2352,POP,1,chadbglefpoijnkm
7,8,1,2352,DEL_EXPLORED,-1
7,8,2,2352,DEL_EXPLORED,4
7,8,4,2352,DEL_EXPLORED,-1
7,8,0,2353,DEL_EXPLORED,-1
7,8,1,2353,PUSH,-4,bchdjfgepkainolm,-4,4,-1,1
7,8,2,2353,PUSH,-4,bchdfglajkpenomi,-4,4,-1
7,8,4,2353,PUSH,4,bclhfgdejpiankom,-4,4,-1
7,8,0,2354,PUSH,4,cghdbalefpoijnkm,-4,4,-1,1
7,8,1,2354,DEL_CUTOFF,1
7,8,2,2354,PUSH,-1,bchdfgaljkpenomi,-4,4,-1,1
7,8,4,2354,PUSH,-1,bclhfgdejpainkom,-4,4,-1,1
7,8,0,2355,DEL_CUTOFF,1
7,8,1,2355,DEL_CUTOFF,-1
7,8,2,2355,DEL_EXPLORED,1
7,8,4,2355,DEL_EXPLORED,1
7,8,0,2356,DEL_CUTOFF,-1
7,8,1,2356,DEL_EXPLORED,4
7,8,2,2356,PUSH,-1,bchdfagljkpenomi,-4,4,-1,1
7,8,4,2356,DEL_CUTOFF,-1
7,8,0,2357,DEL_CUTOFF,4
7,8,1,2357,DEL_CUTOFF,-4
7,8,2,2357,DEL_EXPLORED,1
7,8,4,2357,DEL_CUTOFF,4
7,8,0,2358,DEL_EXPLORED,-4
7,8,1,2358,POP,-4,bchdjfgepkainolm
7,8,2,2358,DEL_CUTOFF,-1
7,8,4,2358,DEL_CUTOFF,-4
7,8,0,2359,POP,4,cghdbalefpoijnkm
7,8,1,2359,POP,1,bchdjfgepklinoam
7,8,2,2359,DEL_CUTOFF,4
7,8,4,2359,POP,-1,bclhfgdejpainkom
7,8,0,2360,POP,1,cahdbglefpoijnkm
7,8,1,2360,PUSH,-1,bchdjfgepklianom,-4,1
7,8,2,2360,DEL_CUTOFF,-4
7,8,4,2360,PUSH,4,bclhfgdejpimnkoa,-4,-1
7,8,0,2361,DEL_EXPLORED,4
7,8,1,2361,DEL_EXPLORED,1
7,8,2,2361,POP,-1,bchdfagljkpenomi
7,8,4,2361,DEL_CUTOFF,-1
7,8,0,2362,POP,-4,achdbglefpoijnkm
7,8,1,2362,PUSH,-4,bchdjfgeaklipnom,-4,4,1
7,8,2,2362,PUSH,4,bchdfgpljkaenomi,-4,4,-1,1
7,8,4,2362,DEL_EXPLORED,-4
7,8,0,2363,POP,-4,bchdaglefpoijnkm
7,8,1,2363,DEL_CUTOFF,1
7,8,2,2363,DEL_CUTOFF,1
7,8,4,2363,POP,4,bclhfgdejpimnkoa
7,8,0,2364,POP,-4,bchdfgleapoijnkm
7,8,1,2364,DEL_EXPLORED,4
7,8,2,2364,DEL_CUTOFF,-1
7,8,4,2364,DEL_EXPLORED,-4
7,8,0,2365,POP,-1,bchdfglejpoiankm
7,8,1,2365,DEL_CUTOFF,-4
7,8,2,2365,DEL_CUTOFF,4
7,8,4,2365,POP,4,bclhfgdejpiankom
7,8,0,2366,PUSH,-4,bchdfglejaoinpkm,-4,4,-1,1
7,8,1,2366,POP,-4,bchdjfgeaklipnom
7,8,2,2366,DEL_EXPLORED,-4
7,8,4,2366,PUSH,-4,bclafgdhjpienkom,4,-1
7,8,0,2367,PUSH,1,bchdfglejoainpkm,-4,4,-1,1
7,8,1,2367,POP,-1,bchdjfgepklianom
7,8,2,2367,POP,4,bchdfgpljkaenomi
7,8,4,2367,PUSH,-1,bcalfgdhjpienkom,4,-1,1
7,8,0,2368,PUSH,1,bchdfglejoianpkm,-4,4,-1
7,8,1,2368,DEL_EXPLORED,-4
7,8,2,2368,PUSH,-4,bcadfghljkpenomi,4,-1,1
7,8,4,2368,DEL_EXPLORED,1
7,8,0,2369,DEL_EXPLORED,-1
7,8,1,2369,POP,4,bchdjfgepklinaom
7,8,2,2369,DEL_CUTOFF,1
7,8,4,2369,DEL_CUTOFF,-1
7,8,0,2370,PUSH,4,bchdfglejoimnpka,-4,-1
7,8,1,2370,PUSH,-4,bchdjagepflinkom,-4,4,-1,1
7,8,2,2370,DEL_CUTOFF,-1
7,8,4,2370,DEL_CUTOFF,4
7,8,0,2371,PUSH,-1,bchdfglejoimnpak,-4,-1,1
7,8,1,2371,PUSH,1,bchdjgaepflinkom,-4,4,-1,1
7,8,2,2371,DEL_EXPLORED,4
7,8,4,2371,POP,-1,bcalfgdhjpienkom
7,8,0,2372,DEL_EXPLORED,1
7,8,1,2372,PUSH,1,bchdjgeapflinkom,-4,4,-1
7,8,2,2372,POP,-4,bcadfghljkpenomi
7,8,4,2372,DEL_EXPLORED,4
7,8,0,2373,PUSH,-1,bchdfglejoimnapk,-4,-1,1
7,8,1,2373,DEL_EXPLORED,-1
7,8,2,2373,POP,-1,bchdfgaljkpenomi
7,8,4,2373,POP,-4,bclafgdhjpienkom
7,8,0,2374,DEL_EXPLORED,1
7,8,1,2374,DEL_CUTOFF,4
7,8,2,2374,DEL_EXPLORED,4
7,8,4,2374,POP,1,bclhfgdajpienkom
7,8,0,2375,DEL_CUTOFF,-1
7,8,1,2375,DEL_CUTOFF,-4
7,8,2,2375,PUSH,-4,bchafgldjkpenomi,4,-1
7,8,4,2375,PUSH,-1,bclhfagdjpienkom,-4,4,-1,1
7,8,0,2376,DEL_CUTOFF,-4
7,8,1,2376,POP,1,bchdjgeapflinkom
7,8,2,2376,PUSH,-1,bcahfgldjkpenomi,4,-1,1
7,8,4,2376,DEL_EXPLORED,1
7,8,0,2377,POP,-1,bchdfglejoimnapk
7,8,1,2377,DEL_EXPLORED,-1
7,8,2,2377,DEL_EXPLORED,1
7,8,4,2377,PUSH,-1,bclhafgdjpienkom,-4,4,1
7,8,0,2378,PUSH,-4,bchdfglejoamnpik,-4,4,-1,1
7,8,1,2378,PUSH,4,bchdjglepfainkom,-4,4,-1,1
7,8,2,2378,DEL_CUTOFF,-1
7,8,4,2378,DEL_EXPLORED,1
7,8,0,2379,DEL_CUTOFF,1
7,8,1,2379,DEL_CUTOFF,1
7,8,2,2379,DEL_CUTOFF,4
7,8,4,2379,PUSH,4,bclhjfgdapienkom,-4,4,1
7,8,0,2380,DEL_CUTOFF,-1
7,8,1,2380,DEL_CUTOFF,-1
7,8,2,2380,POP,-1,bcahfgldjkpenomi
7,8,4,2380,DEL_CUTOFF,1
7,8,0,2381,DEL_EXPLORED,4
7,8,1,2381,DEL_CUTOFF,4
7,8,2,2381,DEL_EXPLORED,4
7,8,4,2381,DEL_CUTOFF,4
7,8,0,2382,DEL_CUTOFF,-4
7,8,1,2382,DEL_EXPLORED,-4
7,8,2,2382,POP,-4,bchafgldjkpenomi
7,8,4,2382,DEL_EXPLORED,-4
7,8,0,2383,POP,-4,bchdfglejoamnpik
7,8,1,2383,POP,4,bchdjglepfainkom
7,8,2,2383,POP,-4,bchdfglajkpenomi
7,8,4,2383,POP,4,bclhjfgdapienkom
7,8,0,2384,POP,-1,bchdfglejoimnpak
7,8,1,2384,PUSH,-4,bcadjghepflinkom,4,-1,1
7,8,2,2384,POP,-4,bchdfglejkpanomi
7,8,4,2384,PUSH,-4,aclhbfgdjpienkom,4,1
7,8,0,2385,DEL_EXPLORED,-4
7,8,1,2385,DEL_CUTOFF,1
7,8,2,2385,POP,1,bchdfglejkpinoma
7,8,4,2385,DEL_CUTOFF,1
7,8,0,2386,POP,4,bchdfglejoimnpka
7,8,1,2386,DEL_CUTOFF,-1
7,8,2,2386,DEL_EXPLORED,-1
7,8,4,2386,DEL_EXPLORED,4
7,8,0,2387,PUSH,-4,bchdfglajoienpkm,-4,4,-1
7,8,1,2387,DEL_EXPLORED,4
7,8,2,2387,PUSH,-4,bchdfglejkainopm,-4,4,-1,1
7,8,4,2387,POP,-4,aclhbfgdjpienkom
7,8,0,2388,PUSH,-1,bchdfgaljoienpkm,-4,4,-1,1
7,8,1,2388,POP,-4,bcadjghepflinkom
7,8,2,2388,PUSH,1,bchdfglejkianopm,-4,4,-1
7,8,4,2388,POP,-1,bclhafgdjpienkom
7,8,0,2389,DEL_EXPLORED,1
7,8,1,2389,POP,1,bchdjgaepflinkom
7,8,2,2389,DEL_EXPLORED,-1
7,8,4,2389,PUSH,4,bclhfpgdjaienkom,-4,4,-1,1
7,8,0,2390,PUSH,-1,bchdfagljoienpkm,-4,4,-1,1
7,8,1,2390,PUSH,-1,bchdajgepflinkom,-4,4,1
7,8,2,2390,PUSH,4,bchdfglejkimnopa,-4,-1
7,8,4,2390,PUSH,1,bclhfpgdjiaenkom,-4,4,-1,1
7,8,0,2391,DEL_EXPLORED,1
7,8,1,2391,DEL_EXPLORED,1
7,8,2,2391,PUSH,-1,bchdfglejkimnoap,-4,-1,1
7,8,4,2391,DEL_CUTOFF,1
7,8,0,2392,DEL_CUTOFF,-1
7,8,1,2392,PUSH,4,bchdpjgeaflinkom,-4,4,1
7,8,2,2392,DEL_EXPLORED,1
7,8,4,2392,DEL_EXPLORED,-1
7,8,0,2393,DEL_CUTOFF,4
7,8,1,2393,DEL_CUTOFF,1
7,8,2,2393,PUSH,-1,bchdfglejkimnaop,-4,-1,1
7,8,4,2393,DEL_CUTOFF,4
7,8,0,2394,DEL_CUTOFF,-4
7,8,1,2394,DEL_CUTOFF,4
7,8,2,2394,DEL_EXPLORED,1
7,8,4,2394,DEL_CUTOFF,-4
7,8,0,2395,POP,-1,bchdfagljoienpkm
7,8,1,2395,DEL_EXPLORED,-4
7,8,2,2395,DEL_CUTOFF,-1
7,8,4,2395,POP,1,bclhfpgdjiaenkom
7,8,0,2396,PUSH,4,bchdfgiljoaenpkm,-4,4,-1,1
7,8,1,2396,POP,4,bchdpjgeaflinkom
7,8,2,2396,DEL_CUTOFF,-4
7,8,4,2396,PUSH,-1,bclhfpgdajienkom,-4,4,1
7,8,0,2397,DEL_CUTOFF,1
7,8,1,2397,PUSH,-4,achdbjgepflinkom,4,1
7,8,2,2397,POP,-1,bchdfglejkimnaop
7,8,4,2397,DEL_EXPLORED,1
7,8,0,2398,DEL_CUTOFF,-1
7,8,1,2398,DEL_CUTOFF,1
7,8,2,2398,PUSH,-4,bchdfglejkamnoip,-4,4,-1,1
7,8,4,2398,DEL_CUTOFF,4
7,8,0,2399,DEL_CUTOFF,4
7,8,1,2399,DEL_EXPLORED,4
7,8,2,2399,DEL_CUTOFF,1
7,8,4,2399,DEL_CUTOFF,-4
7,8,0,2400,DEL_EXPLORED,-4
7,8,1,2400,POP,-4,achdbjgepflinkom
7,8,2,2400,DEL_CUTOFF,-1
7,8,4,2400,POP,-1,bclhfpgdajienkom
7,8,0,2401,POP,4,bchdfgiljoaenpkm
7,8,1,2401,POP,-1,bchdajgepflinkom
7,8,2,2401,DEL_EXPLORED,4
7,8,4,2401,PUSH,4,bclhfpgdjkienaom,-4,-1,1
7,8,0,2402,PUSH,-4,bcadfghljoienpkm,4,-1,1
7,8,1,2402,DEL_EXPLORED,4
7,8,2,2402,DEL_CUTOFF,-4
7,8,4,2402,DEL_CUTOFF,1
7,8,0,2403,DEL_CUTOFF,1
7,8,1,2403,PUSH,-4,bahdjcgepflinkom,4,-1,1
7,8,2,2403,POP,-4,bchdfglejkamnoip
7,8,4,2403,DEL_CUTOFF,-1
7,8,0,2404,DEL_CUTOFF,-1
7,8,1,2404,PUSH,1,bhadjcgepflinkom,4,-1,1
7,8,2,2404,POP,-1,bchdfglejkimnoap
7,8,4,2404,DEL_EXPLORED,-4
7,8,0,2405,DEL_EXPLORED,4
7,8,1,2405,DEL_CUTOFF,1
7,8,2,2405,DEL_EXPLORED,-4
7,8,4,2405,POP,4,bclhfpgdjkienaom
7,8,0,2406,POP,-4,bcadfghljoienpkm
7,8,1,2406,DEL_EXPLORED,-1
7,8,2,2406,POP,4,bchdfglejkimnopa
7,8,4,2406,DEL_EXPLORED,-4
7,8,0,2407,POP,-1,bchdfgaljoienpkm
7,8,1,2407,DEL_CUTOFF,4
7,8,2,2407,PUSH,-4,bchdfglajkienopm,-4,4,-1
7,8,4,2407,POP,4,bclhfpgdjaienkom
7,8,0,2408,DEL_EXPLORED,4
7,8,1,2408,POP,1,bhadjcgepflinkom
7,8,2,2408,PUSH,-1,bchdfgaljkienopm,-4,4,-1,1
7,8,4,2408,PUSH,-4,balhfcgdjpienkom,4,-1,1
7,8,0,2409,PUSH,-4,bchafgldjoienpkm,4,-1
7,8,1,2409,PUSH,-1,abhdjcgepflinkom,4,1
7,8,2,2409,DEL_EXPLORED,1
7,8,4,2409,PUSH,1,blahfcgdjpienkom,4,-1,1
7,8,0,2410,PUSH,-1,bcahfgldjoienpkm,4,-1,1
7,8,1,2410,DEL_EXPLORED,1
7,8,2,2410,PUSH,-1,bchdfagljkienopm,-4,4,-1,1
7,8,4,2410,DEL_CUTOFF,1
7,8,0,2411,DEL_EXPLORED,1
7,8,1,2411,DEL_CUTOFF,4
7,8,2,2411,DEL_EXPLORED,1
7,8,4,2411,DEL_EXPLORED,-1
7,8,0,2412,DEL_CUTOFF,-1
7,8,1,2412,POP,-1,abhdjcgepflinkom
7,8,2,2412,DEL_CUTOFF,-1
7,8,4,2412,DEL_CUTOFF,4
7,8,0,2413,DEL_CUTOFF,4
7,8,1,2413,DEL_EXPLORED,4
7,8,2,2413,DEL_CUTOFF,4
7,8,4,2413,POP,1,blahfcgdjpienkom
7,8,0,2414,POP,-1,bcahfgldjoienpkm
7,8,1,2414,POP,-4,bahdjcgepflinkom
7,8,2,2414,DEL_CUTOFF,-4
7,8,4,2414,PUSH,-1,ablhfcgdjpienkom,4,1
7,8,0,2415,DEL_EXPLORED,4
7,8,1,2415,POP,-4,bchdjagepflinkom
7,8,2,2415,POP,-1,bchdfagljkienopm
7,8,4,2415,DEL_EXPLORED,1
7,8,0,2416,POP,-4,bchafgldjoienpkm
7,8,1,2416,POP,1,bchdjfgepalinkom
7,8,2,2416,PUSH,4,bchdfgiljkaenopm,-4,4,-1,1
7,8,4,2416,DEL_CUTOFF,4
7,8,0,2417,POP,-4,bchdfglajoienpkm
7,8,1,2417,PUSH,4,bchdjfgenpliakom,-4,1
7,8,2,2417,DEL_CUTOFF,1
7,8,4,2417,POP,-1,ablhfcgdjpienkom
7,8,0,2418,POP,1,bchdfglejoianpkm
7,8,1,2418,PUSH,1,bchdjfgenplikaom,-4,-1,1
7,8,2,2418,DEL_CUTOFF,-1
7,8,4,2418,DEL_EXPLORED,4
7,8,0,2419,DEL_EXPLORED,-1
7,8,1,2419,PUSH,1,bchdjfgenplikoam,-4,-1,1
7,8,2,2419,DEL_CUTOFF,4
7,8,4,2419,POP,-4,balhfcgdjpienkom
7,8,0,2420,PUSH,4,bchdfglejokinpam,-4,-1,1
7,8,1,2420,PUSH,1,bchdjfgenplikoma,-4,-1
7,8,2,2420,DEL_EXPLORED,-4
7,8,4,2420,POP,-1,bclhfagdjpienkom
7,8,0,2421,PUSH,1,bchdfglejokinpma,-4,-1
7,8,1,2421,DEL_EXPLORED,-1
7,8,2,2421,POP,4,bchdfgiljkaenopm
7,8,4,2421,PUSH,4,bclhfgidjpaenkom,-4,4,-1,1
7,8,0,2422,DEL_EXPLORED,-1
7,8,1,2422,DEL_CUTOFF,-4
7,8,2,2422,PUSH,-4,bcadfghljkienopm,4,-1,1
7,8,4,2422,PUSH,1,bclhfgidjpeankom,-4,4,-1
7,8,0,2423,PUSH,-4,bchdfglejokanpmi,-4,4,-1
7,8,1,2423,POP,1,bchdjfgenplikoma
7,8,2,2423,DEL_CUTOFF,1
7,8,4,2423,DEL_EXPLORED,-1
7,8,0,2424,PUSH,-1,bchdfglejoaknpmi,-4,4,-1,1
7,8,1,2424,DEL_EXPLORED,-1
7,8,2,2424,DEL_CUTOFF,-1
7,8,4,2424,PUSH,4,bclhfgidjpemnkoa,-4,-1
7,8,0,2425,DEL_EXPLORED,1
7,8,1,2425,PUSH,-4,bchdjfgenpaikolm,-4,4,-1,1
7,8,2,2425,DEL_EXPLORED,4
7,8,4,2425,DEL_CUTOFF,-1
7,8,0,2426,DEL_CUTOFF,-1
7,8,1,2426,DEL_CUTOFF,1
7,8,2,2426,POP,-4,bcadfghljkienopm
7,8,4,2426,DEL_EXPLORED,-4
7,8,0,2427,DEL_CUTOFF,4
7,8,1,2427,DEL_CUTOFF,-1
7,8,2,2427,POP,-1,bchdfgaljkienopm
7,8,4,2427,POP,4,bclhfgidjpemnkoa
7,8,0,2428,DEL_CUTOFF,-4
7,8,1,2428,DEL_EXPLORED,4
7,8,2,2428,DEL_EXPLORED,4
7,8,4,2428,PUSH,-4,bclhfgiajpednkom,-4,4,-1
7,8,0,2429,POP,-1,bchdfglejoaknpmi
7,8,1,2429,DEL_CUTOFF,-4
7,8,2,2429,PUSH,-4,bchafgldjkienopm,4,-1
7,8,4,2429,DEL_CUTOFF,-1
7,8,0,2430,DEL_EXPLORED,4
7,8,1,2430,POP,-4,bchdjfgenpaikolm
7,8,2,2430,PUSH,-1,bcahfgldjkienopm,4,-1,1
7,8,4,2430,DEL_EXPLORED,4
7,8,0,2431,PUSH,-4,bchdfglajokenpmi,-4,4,-1
7,8,1,2431,POP,1,bchdjfgenplikoam
7,8,2,2431,DEL_EXPLORED,1
7,8,4,2431,DEL_CUTOFF,-4
7,8,0,2432,DEL_CUTOFF,-1
7,8,1,2432,DEL_EXPLORED,-1
7,8,2,2432,DEL_CUTOFF,-1
7,8,4,2432,POP,-4,bclhfgiajpednkom
7,8,0,2433,DEL_EXPLORED,4
7,8,1,2433,PUSH,-4,bchdjfgenalikpom,-4,4,-1,1
7,8,2,2433,DEL_CUTOFF,4
7,8,4,2433,POP,1,bclhfgidjpeankom
7,8,0,2434,DEL_CUTOFF,-4
7,8,1,2434,PUSH,1,bchdjfgenlaikpom,-4,4,-1,1
7,8,2,2434,POP,-1,bcahfgldjkienopm
7,8,4,2434,PUSH,-1,bclhfgidjapenkom,-4,4,-1,1
7,8,0,2435,POP,-4,bchdfglajokenpmi
7,8,1,2435,DEL_CUTOFF,1
7,8,2,2435,DEL_EXPLORED,4
7,8,4,2435,DEL_EXPLORED,1
7,8,0,2436,POP,-4,bchdfglejokanpmi
7,8,1,2436,DEL_EXPLORED,-1
7,8,2,2436,POP,-4,bchafgldjkienopm
7,8,4,2436,PUSH,-1,bclhfgidajpenkom,-4,4,1
7,8,0,2437,POP,1,bchdfglejokinpma
7,8,1,2437,DEL_CUTOFF,4
7,8,2,2437,POP,-4,bchdfglajkienopm
7,8,4,2437,DEL_EXPLORED,1
7,8,0,2438,PUSH,-1,bchdfglejokinapm,-4,-1,1
7,8,1,2438,DEL_CUTOFF,-4
7,8,2,2438,POP,1,bchdfglejkianopm
7,8,4,2438,DEL_CUTOFF,4
7,8,0,2439,DEL_EXPLORED,1
7,8,1,2439,POP,1,bchdjfgenlaikpom
7,8,2,2439,PUSH,-1,bchdfglejakinopm,-4,4,-1,1
7,8,4,2439,DEL_CUTOFF,-4
7,8,0,2440,PUSH,-1,bchdfglejokianpm,-4,1
7,8,1,2440,PUSH,-1,bchdjfgeanlikpom,-4,4,1
7,8,2,2440,DEL_EXPLORED,1
7,8,4,2440,POP,-1,bclhfgidajpenkom
7,8,0,2441,DEL_EXPLORED,1
7,8,1,2441,DEL_EXPLORED,1
7,8,2,2441,PUSH,-1,bchdfgleajkinopm,-4,4,1
7,8,4,2441,PUSH,4,bclhfgidjkpenaom,-4,-1,1
7,8,0,2442,PUSH,-4,bchdfgleaokijnpm,-4,4,1
7,8,1,2442,DEL_CUTOFF,4
7,8,2,2442,DEL_EXPLORED,1
7,8,4,2442,DEL_CUTOFF,1
7,8,0,2443,DEL_CUTOFF,1
7,8,1,2443,DEL_CUTOFF,-4
7,8,2,2443,PUSH,4,bchdfglenjkiaopm,-4,1
7,8,4,2443,DEL_CUTOFF,-1
7,8,0,2444,DEL_EXPLORED,4
7,8,1,2444,POP,-1,bchdjfgeanlikpom
7,8,2,2444,PUSH,1,bchdfglenjkioapm,-4,-1,1
7,8,4,2444,DEL_EXPLORED,-4
7,8,0,2445,DEL_CUTOFF,-4
7,8,1,2445,DEL_EXPLORED,4
7,8,2,2445,DEL_CUTOFF,1
7,8,4,2445,POP,4,bclhfgidjkpenaom
7,8,0,2446,POP,-4,bchdfgleaokijnpm
7,8,1,2446,PUSH,-4,bchdjagenflikpom,-4,4,-1,1
7,8,2,2446,DEL_EXPLORED,-1
7,8,4,2446,PUSH,-4,bclhfaidjgpenkom,-4,4,-1,1
7,8,0,2447,POP,-1,bchdfglejokianpm
7,8,1,2447,DEL_CUTOFF,1
7,8,2,2447,DEL_CUTOFF,-4
7,8,4,2447,DEL_CUTOFF,1
7,8,0,2448,PUSH,-4,bchdfglejakinopm,-4,4,-1,1
7,8,1,2448,DEL_CUTOFF,-1
7,8,2,2448,POP,1,bchdfglenjkioapm
7,8,4,2448,DEL_CUTOFF,-1
7,8,0,2449,PUSH,1,bchdfglejkainopm,-4,4,-1,1
7,8,1,2449,DEL_EXPLORED,4
7,8,2,2449,DEL_EXPLORED,-4
7,8,4,2449,DEL_EXPLORED,4
7,8,0,2450,DEL_CUTOFF,1
7,8,1,2450,DEL_CUTOFF,-4
7,8,2,2450,POP,4,bchdfglenjkiaopm
7,8,4,2450,DEL_CUTOFF,-4
7,8,0,2451,DEL_EXPLORED,-1
7,8,1,2451,POP,-4,bchdjagenflikpom
7,8,2,2451,PUSH,-4,bchdaglefjkinopm,-4,4,1
7,8,4,2451,POP,-4,bclhfaidjgpenkom
7,8,0,2452,DEL_CUTOFF,4
7,8,1,2452,POP,-4,bchdjfgenalikpom
7,8,2,2452,PUSH,1,bchdgalefjkinopm,-4,4,-1,1
7,8,4,2452,POP,-1,bclhfgidjapenkom
7,8,0,2453,DEL_CUTOFF,-4
7,8,1,2453,POP,1,bchdjfgenplikaom
7,8,2,2453,DEL_CUTOFF,1
7,8,4,2453,PUSH,4,bclhfgidjpoenkam,-4,-1,1
7,8,0,2454,POP,1,bchdfglejkainopm
7,8,1,2454,DEL_EXPLORED,-4
7,8,2,2454,DEL_EXPLORED,-1
7,8,4,2454,PUSH,1,bclhfgidjpoenkma,-4,-1
7,8,0,2455,PUSH,-1,bchdfgleajkinopm,-4,4,1
7,8,1,2455,POP,4,bchdjfgenpliakom
7,8,2,2455,DEL_CUTOFF,4
7,8,4,2455,DEL_EXPLORED,-1
7,8,0,2456,DEL_EXPLORED,1
7,8,1,2456,DEL_EXPLORED,-4
7,8,2,2456,DEL_CUTOFF,-4
7,8,4,2456,DEL_CUTOFF,-4
7,8,0,2457,DEL_CUTOFF,4
7,8,1,2457,POP,4,bchdjfgeaplinkom
7,8,2,2457,POP,1,bchdgalefjkinopm
7,8,4,2457,POP,1,bclhfgidjpoenkma
7,8,0,2458,DEL_CUTOFF,-4
7,8,1,2458,PUSH,-4,achdbfgejplinkom,4,1
7,8,2,2458,DEL_EXPLORED,4
7,8,4,2458,PUSH,-1,bclhfgidjpoenakm,-4,-1,1
7,8,0,2459,POP,-1,bchdfgleajkinopm
7,8,1,2459,PUSH,1,cahdbfgejplinkom,4,-1,1
7,8,2,2459,PUSH,-4,achdbglefjkinopm,4,1
7,8,4,2459,DEL_EXPLORED,1
7,8,0,2460,DEL_EXPLORED,4
7,8,1,2460,PUSH,1,chadbfgejplinkom,4,-1,1
7,8,2,2460,DEL_CUTOFF,1
7,8,4,2460,DEL_CUTOFF,-1
7,8,0,2461,PUSH,-4,bchdfalejgkinopm,-4,4,-1,1
7,8,1,2461,PUSH,1,chdabfgejplinkom,4,-1
7,8,2,2461,DEL_EXPLORED,4
7,8,4,2461,DEL_CUTOFF,-4
7,8,0,2462,DEL_CUTOFF,1
7,8,1,2462,DEL_EXPLORED,-1
7,8,2,2462,POP,-4,achdbglefjkinopm
7,8,4,2462,POP,-1,bclhfgidjpoenakm
7,8,0,2463,DEL_CUTOFF,-1
7,8,1,2463,PUSH,4,chdebfgajplinkom,-4,4,-1
7,8,2,2463,POP,-4,bchdaglefjkinopm
7,8,4,2463,DEL_EXPLORED,-4
7,8,0,2464,DEL_EXPLORED,4
7,8,1,2464,DEL_CUTOFF,-1
7,8,2,2464,POP,-1,bchdfgleajkinopm
7,8,4,2464,POP,4,bclhfgidjpoenkam
7,8,0,2465,DEL_CUTOFF,-4
7,8,1,2465,DEL_CUTOFF,4
7,8,2,2465,PUSH,4,bchdfglejokinapm,-4,-1,1
7,8,4,2465,DEL_EXPLORED,-4
7,8,0,2466,POP,-4,bchdfalejgkinopm
7,8,1,2466,DEL_EXPLORED,-4
7,8,2,2466,PUSH,1,bchdfglejokinpam,-4,-1,1
7,8,4,2466,POP,4,bclhfgidjpaenkom
7,8,0,2467,POP,-4,bchdfglejakinopm
7,8,1,2467,POP,4,chdebfgajplinkom
7,8,2,2467,PUSH,1,bchdfglejokinpma,-4,-1
7,8,4,2467,DEL_EXPLORED,-4
7,8,0,2468,POP,-1,bchdfglejokinapm
7,8,1,2468,POP,1,chdabfgejplinkom
7,8,2,2468,DEL_EXPLORED,-1
7,8,4,2468,POP,4,bclhfgadjpienkom
7,8,0,2469,DEL_EXPLORED,-4
7,8,1,2469,DEL_EXPLORED,-1
7,8,2,2469,DEL_CUTOFF,-4
7,8,4,2469,POP,-1,bcahfgldjpienkom
7,8,0,2470,POP,4,bchdfglejokinpam
7,8,1,2470,PUSH,4,chgdbfaejplinkom,-4,4,-1,1
7,8,2,2470,POP,1,bchdfglejokinpma
7,8,4,2470,DEL_EXPLORED,4
7,8,0,2471,PUSH,-4,bchdfgaejolinpkm,-4,4,-1,1
7,8,1,2471,PUSH,1,chgdbfeajplinkom,-4,4,-1
7,8,2,2471,DEL_EXPLORED,-1
7,8,4,2471,POP,-4,bchafgldjpienkom
7,8,0,2472,PUSH,1,bchdfgeajolinpkm,-4,4,-1
7,8,1,2472,DEL_EXPLORED,-1
7,8,2,2472,PUSH,-4,bchdfglejoainpkm,-4,4,-1,1
7,8,4,2472,POP,-4,bchdfglajpienkom
7,8,0,2473,DEL_EXPLORED,-1
7,8,1,2473,DEL_CUTOFF,4
7,8,2,2473,DEL_CUTOFF,1
7,8,4,2473,POP,1,bchdfglejpiankom
7,8,0,2474,PUSH,4,bchdfgeijolanpkm,-4,4,-1
7,8,1,2474,DEL_CUTOFF,-4
7,8,2,2474,DEL_CUTOFF,-1
7,8,4,2474,POP,0,bchdfglejpainkom
7,8,0,2475,PUSH,-1,bchdfgeijoalnpkm,-4,4,-1,1
7,8,1,2475,POP,1,chgdbfeajplinkom
7,8,2,2475,DEL_EXPLORED,4
7,8,0,2476,DEL_EXPLORED,1
7,8,1,2476,PUSH,-1,chgdbafejplinkom,-4,4,-1,1
7,8,2,2476,DEL_CUTOFF,-4
7,8,0,2477,DEL_CUTOFF,-1
7,8,1,2477,DEL_EXPLORED,1
7,8,2,2477,POP,-4,bchdfglejoainpkm
7,8,0,2478,DEL_CUTOFF,4
7,8,1,2478,DEL_CUTOFF,-1
7,8,2,2478,POP,1,bchdfglejokinpam
7,8,0,2479,DEL_CUTOFF,-4
7,8,1,2479,DEL_CUTOFF,4
7,8,2,2479,PUSH,-1,bchdfglejokianpm,-4,1
7,8,0,2480,POP,-1,bchdfgeijoalnpkm
7,8,1,2480,DEL_CUTOFF,-4
7,8,2,2480,DEL_EXPLORED,1
7,8,0,2481,PUSH,4,bchdfgeijolmnpka,-4,-1
7,8,1,2481,POP,-1,chgdbafejplinkom
7,8,2,2481,PUSH,-4,bchdfgleaokijnpm,-4,4,1
7,8,0,2482,DEL_CUTOFF,-1
7,8,1,2482,PUSH,4,chgdbflejpainkom,-4,4,-1,1
7,8,2,2482,DEL_CUTOFF,1
7,8,0,2483,DEL_EXPLORED,-4
7,8,1,2483,DEL_CUTOFF,1
7,8,2,2483,DEL_EXPLORED,4
7,8,0,2484,POP,4,bchdfgeijolmnpka
7,8,1,2484,DEL_CUTOFF,-1
7,8,2,2484,DEL_CUTOFF,-4
7,8,0,2485,DEL_EXPLORED,-4
7,8,1,2485,DEL_CUTOFF,4
7,8,2,2485,POP,-4,bchdfgleaokijnpm
7,8,0,2486,POP,4,bchdfgeijolanpkm
7,8,1,2486,DEL_EXPLORED,-4
7,8,2,2486,POP,-1,bchdfglejokianpm
7,8,0,2487,PUSH,-4,bchafgedjolinpkm,4,-1
7,8,1,2487,POP,4,chgdbflejpainkom
7,8,2,2487,DEL_EXPLORED,-4
7,8,0,2488,PUSH,-1,bcahfgedjolinpkm,4,-1,1
7,8,1,2488,DEL_EXPLORED,-4
7,8,2,2488,POP,4,bchdfglejokinapm
7,8,0,2489,DEL_EXPLORED,1
7,8,1,2489,POP,4,chgdbfaejplinkom
7,8,2,2489,PUSH,-4,bchdfalejgkinopm,-4,4,-1,1
7,8,0,2490,DEL_CUTOFF,-1
7,8,1,2490,POP,1,chadbfgejplinkom
7,8,2,2490,PUSH,1,bchdflaejgkinopm,-4,4,-1,1
7,8,0,2491,DEL_CUTOFF,4
7,8,1,2491,DEL_EXPLORED,-1
7,8,2,2491,PUSH,1,bchdfleajgkinopm,-4,4,-1
7,8,0,2492,POP,-1,bcahfgedjolinpkm
7,8,1,2492,PUSH,4,cfhdbagejplinkom,-4,4,-1,1
7,8,2,2492,DEL_EXPLORED,-1
7,8,0,2493,DEL_EXPLORED,4
7,8,1,2493,PUSH,1,cfhdbgaejplinkom,-4,4,-1,1
7,8,2,2493,DEL_CUTOFF,4
7,8,0,2494,POP,-4,bchafgedjolinpkm
7,8,1,2494,PUSH,1,cfhdbgeajplinkom,-4,4,-1
7,8,2,2494,DEL_CUTOFF,-4
7,8,0,2495,POP,1,bchdfgeajolinpkm
7,8,1,2495,DEL_EXPLORED,-1
7,8,2,2495,POP,1,bchdfleajgkinopm
7,8,0,2496,PUSH,-1,bchdfagejolinpkm,-4,4,-1,1
7,8,1,2496,DEL_CUTOFF,4
7,8,2,2496,DEL_EXPLORED,-1
7,8,0,2497,DEL_EXPLORED,1
7,8,1,2497,DEL_CUTOFF,-4
7,8,2,2497,PUSH,4,bchdflkejgainopm,-4,4,-1,1
7,8,0,2498,PUSH,-1,bchdafgejolinpkm,-4,4,1
7,8,1,2498,POP,1,cfhdbgeajplinkom
7,8,2,2498,DEL_CUTOFF,1
7,8,0,2499,DEL_EXPLORED,1
7,8,1,2499,DEL_EXPLORED,-1
7,8,2,2499,DEL_CUTOFF,-1
7,8,0,2500,PUSH,4,bchdjfgeaolinpkm,-4,4,1
7,8,1,2500,PUSH,4,cfhdbglejpainkom,-4,4,-1,1
7,8,2,2500,DEL_CUTOFF,4
7,8,0,2501,DEL_CUTOFF,1
7,8,1,2501,DEL_CUTOFF,1
7,8,2,2501,DEL_EXPLORED,-4
7,8,0,2502,DEL_CUTOFF,4
7,8,1,2502,DEL_CUTOFF,-1
7,8,2,2502,POP,4,bchdflkejgainopm
7,8,0,2503,DEL_EXPLORED,-4
7,8,1,2503,DEL_CUTOFF,4
7,8,2,2503,PUSH,-4,bcadflhejgkinopm,4,-1,1
7,8,0,2504,POP,4,bchdjfgeaolinpkm
7,8,1,2504,DEL_EXPLORED,-4
7,8,2,2504,DEL_CUTOFF,1
7,8,0,2505,PUSH,-4,achdbfgejolinpkm,4,1
7,8,1,2505,POP,4,cfhdbglejpainkom
7,8,2,2505,DEL_CUTOFF,-1
7,8,0,2506,DEL_CUTOFF,1
7,8,1,2506,PUSH,-4,cfadbghejplinkom,4,-1,1
7,8,2,2506,DEL_EXPLORED,4
7,8,0,2507,DEL_EXPLORED,4
7,8,1,2507,DEL_CUTOFF,1
7,8,2,2507,POP,-4,bcadflhejgkinopm
7,8,0,2508,POP,-4,achdbfgejolinpkm
7,8,1,2508,DEL_CUTOFF,-1
7,8,2,2508,POP,1,bchdflaejgkinopm
7,8,0,2509,POP,-1,bchdafgejolinpkm
7,8,1,2509,DEL_EXPLORED,4
7,8,2,2509,PUSH,-1,bchdaflejgkinopm,-4,4,1
7,8,0,2510,PUSH,4,bchdfogejalinpkm,-4,4,-1,1
7,8,1,2510,POP,-4,cfadbghejplinkom
7,8,2,2510,DEL_EXPLORED,1
7,8,0,2511,PUSH,1,bchdfogejlainpkm,-4,4,-1,1
7,8,1,2511,POP,1,cfhdbgaejplinkom
7,8,2,2511,PUSH,4,bchdjfleagkinopm,-4,4,1
7,8,0,2512,DEL_CUTOFF,1
7,8,1,2512,PUSH,-1,cfhdabgejplinkom,-4,4,1
7,8,2,2512,DEL_CUTOFF,1
7,8,0,2513,DEL_EXPLORED,-1
7,8,1,2513,DEL_EXPLORED,1
7,8,2,2513,DEL_CUTOFF,4
7,8,0,2514,DEL_CUTOFF,4
7,8,1,2514,PUSH,4,cfhdjbgeaplinkom,-4,4,1
7,8,2,2514,DEL_EXPLORED,-4
7,8,0,2515,DEL_CUTOFF,-4
7,8,1,2515,DEL_CUTOFF,1
7,8,2,2515,POP,4,bchdjfleagkinopm
7,8,0,2516,POP,1,bchdfogejlainpkm
7,8,1,2516,DEL_CUTOFF,4
7,8,2,2516,PUSH,-4,achdbflejgkinopm,4,1
7,8,0,2517,PUSH,-1,bchdfogeajlinpkm,-4,4,1
7,8,1,2517,DEL_EXPLORED,-4
7,8,2,2517,DEL_CUTOFF,1
7,8,0,2518,DEL_EXPLORED,1
7,8,1,2518,POP,4,cfhdjbgeaplinkom
7,8,2,2518,DEL_EXPLORED,4
7,8,0,2519,DEL_CUTOFF,4
7,8,1,2519,PUSH,-4,afhdcbgejplinkom,4,1
7,8,2,2519,POP,-4,achdbflejgkinopm
7,8,0,2520,DEL_CUTOFF,-4
7,8,1,2520,DEL_CUTOFF,1
7,8,2,2520,POP,-1,bchdaflejgkinopm
7,8,0,2521,POP,-1,bchdfogeajlinpkm
7,8,1,2521,DEL_EXPLORED,4
7,8,2,2521,DEL_EXPLORED,4
7,8,0,2522,PUSH,4,bchdfogejplinakm,-4,-1,1
7,8,1,2522,POP,-4,afhdcbgejplinkom
7,8,2,2522,PUSH,-4,bahdfclejgkinopm,4,-1,1
7,8,0,2523,DEL_CUTOFF,1
7,8,1,2523,POP,-1,cfhdabgejplinkom
7,8,2,2523,PUSH,1,bhadfclejgkinopm,4,-1,1
7,8,0,2524,DEL_CUTOFF,-1
7,8,1,2524,PUSH,4,cfhdbpgejalinkom,-4,4,-1,1
7,8,2,2524,DEL_CUTOFF,1
7,8,0,2525,DEL_EXPLORED,-4
7,8,1,2525,PUSH,1,cfhdbpgejlainkom,-4,4,-1,1
7,8,2,2525,DEL_EXPLORED,-1
7,8,0,2526,POP,4,bchdfogejplinakm
7,8,1,2526,DEL_CUTOFF,1
7,8,2,2526,DEL_CUTOFF,4
7,8,0,2527,DEL_EXPLORED,-4
7,8,1,2527,DEL_EXPLORED,-1
7,8,2,2527,POP,1,bhadfclejgkinopm
7,8,0,2528,POP,4,bchdfogejalinpkm
7,8,1,2528,DEL_CUTOFF,4
7,8,2,2528,PUSH,-1,abhdfclejgkinopm,4,1
7,8,0,2529,PUSH,-4,bahdfcgejolinpkm,4,-1,1
7,8,1,2529,DEL_CUTOFF,-4
7,8,2,2529,DEL_EXPLORED,1
7,8,0,2530,PUSH,1,bhadfcgejolinpkm,4,-1,1
7,8,1,2530,POP,1,cfhdbpgejlainkom
7,8,2,2530,DEL_CUTOFF,4
7,8,0,2531,DEL_CUTOFF,1
7,8,1,2531,PUSH,-1,cfhdbpgeajlinkom,-4,4,1
7,8,2,2531,POP,-1,abhdfclejgkinopm
7,8,0,2532,DEL_EXPLORED,-1
7,8,1,2532,DEL_EXPLORED,1
7,8,2,2532,DEL_EXPLORED,4
7,8,0,2533,DEL_CUTOFF,4
7,8,1,2533,DEL_CUTOFF,4
7,8,2,2533,POP,-4,bahdfclejgkinopm
7,8,0,2534,POP,1,bhadfcgejolinpkm
7,8,1,2534,DEL_CUTOFF,-4
7,8,2,2534,POP,-4,bchdfalejgkinopm
7,8,0,2535,PUSH,-1,abhdfcgejolinpkm,4,1
7,8,1,2535,POP,-1,cfhdbpgeajlinkom
7,8,2,2535,POP,-1,bchdfglejakinopm
7,8,0,2536,DEL_EXPLORED,1
7,8,1,2536,PUSH,4,cfhdbpgejklinaom,-4,-1,1
7,8,2,2536,DEL_EXPLORED,4
7,8,0,2537,DEL_CUTOFF,4
7,8,1,2537,DEL_CUTOFF,1
7,8,2,2537,PUSH,-4,bchdfgaejklinopm,-4,4,-1,1
7,8,0,2538,POP,-1,abhdfcgejolinpkm
7,8,1,2538,DEL_CUTOFF,-1
7,8,2,2538,PUSH,1,bchdfgeajklinopm,-4,4,-1
7,8,0,2539,DEL_EXPLORED,4
7,8,1,2539,DEL_EXPLORED,-4
7,8,2,2539,DEL_EXPLORED,-1
7,8,0,2540,POP,-4,bahdfcgejolinpkm
7,8,1,2540,POP,4,cfhdbpgejklinaom
7,8,2,2540,PUSH,4,bchdfgeijklanopm,-4,4,-1
7,8,0,2541,POP,-1,bchdfagejolinpkm
7,8,1,2541,DEL_EXPLORED,-4
7,8,2,2541,PUSH,-1,bchdfgeijkalnopm,-4,4,-1,1
7,8,0,2542,DEL_EXPLORED,4
7,8,1,2542,POP,4,cfhdbpgejalinkom
7,8,2,2542,DEL_EXPLORED,1
7,8,0,2543,PUSH,-4,bcadfghejolinpkm,4,-1,1
7,8,1,2543,DEL_EXPLORED,-4
7,8,2,2543,DEL_CUTOFF,-1
7,8,0,2544,PUSH,1,bcdafghejolinpkm,4,-1
7,8,1,2544,POP,4,cfhdbagejplinkom
7,8,2,2544,DEL_CUTOFF,4
7,8,0,2545,DEL_EXPLORED,-1
7,8,1,2545,POP,1,cahdbfgejplinkom
7,8,2,2545,DEL_CUTOFF,-4
7,8,0,2546,PUSH,4,bcdefghajolinpkm,-4,4,-1
7,8,1,2546,DEL_EXPLORED,4
7,8,2,2546,POP,-1,bchdfgeijkalnopm
7,8,0,2547,DEL_CUTOFF,-1
7,8,1,2547,POP,-4,achdbfgejplinkom
7,8,2,2547,PUSH,4,bchdfgeijklmnopa,-4,-1
7,8,0,2548,DEL_CUTOFF,4
7,8,1,2548,POP,-1,bchdafgejplinkom
7,8,2,2548,DEL_CUTOFF,-1
7,8,0,2549,DEL_EXPLORED,-4
7,8,1,2549,PUSH,4,bchdfpgejalinkom,-4,4,-1,1
7,8,2,2549,DEL_EXPLORED,-4
7,8,0,2550,POP,4,bcdefghajolinpkm
7,8,1,2550,PUSH,1,bchdfpgejlainkom,-4,4,-1,1
7,8,2,2550,POP,4,bchdfgeijklmnopa
7,8,0,2551,POP,1,bcdafghejolinpkm
7,8,1,2551,PUSH,1,bchdfpgejliankom,-4,4,-1
7,8,2,2551,DEL_EXPLORED,-4
7,8,0,2552,PUSH,-1,bacdfghejolinpkm,4,-1,1
7,8,1,2552,DEL_EXPLORED,-1
7,8,2,2552,POP,4,bchdfgeijklanopm
7,8,0,2553,DEL_EXPLORED,1
7,8,1,2553,PUSH,4,bchdfpgejlimnkoa,-4,-1
7,8,2,2553,PUSH,-4,bchafgedjklinopm,4,-1
7,8,0,2554,PUSH,-1,abcdfghejolinpkm,4,1
7,8,1,2554,PUSH,-1,bchdfpgejlimnkao,-4,-1,1
7,8,2,2554,PUSH,-1,bcahfgedjklinopm,4,-1,1
7,8,0,2555,DEL_EXPLORED,1
7,8,1,2555,DEL_EXPLORED,1
7,8,2,2555,DEL_EXPLORED,1
7,8,0,2556,DEL_CUTOFF,4
7,8,1,2556,PUSH,-1,bchdfpgejlimnako,-4,-1,1
7,8,2,2556,DEL_CUTOFF,-1
7,8,0,2557,POP,-1,abcdfghejolinpkm
7,8,1,2557,DEL_EXPLORED,1
7,8,2,2557,DEL_CUTOFF,4
7,8,0,2558,PUSH,4,bgcdfahejolinpkm,-4,4,-1,1
7,8,1,2558,DEL_CUTOFF,-1
7,8,2,2558,POP,-1,bcahfgedjklinopm
7,8,0,2559,DEL_CUTOFF,1
7,8,1,2559,DEL_CUTOFF,-4
7,8,2,2559,DEL_EXPLORED,4
7,8,0,2560,DEL_CUTOFF,-1
7,8,1,2560,POP,-1,bchdfpgejlimnako
7,8,2,2560,POP,-4,bchafgedjklinopm
7,8,0,2561,DEL_CUTOFF,4
7,8,1,2561,PUSH,-4,bchdfpgejlamnkio,-4,4,-1,1
7,8,2,2561,POP,1,bchdfgeajklinopm
7,8,0,2562,DEL_EXPLORED,-4
7,8,1,2562,DEL_CUTOFF,1
7,8,2,2562,PUSH,-1,bchdfagejklinopm,-4,4,-1,1
7,8,0,2563,POP,4,bgcdfahejolinpkm
7,8,1,2563,DEL_CUTOFF,-1
7,8,2,2563,DEL_EXPLORED,1
7,8,0,2564,POP,-1,bacdfghejolinpkm
7,8,1,2564,DEL_EXPLORED,4
7,8,2,2564,PUSH,-1,bchdafgejklinopm,-4,4,1
7,8,0,2565,DEL_EXPLORED,4
7,8,1,2565,DEL_CUTOFF,-4
7,8,2,2565,DEL_EXPLORED,1
7,8,0,2566,POP,-4,bcadfghejolinpkm
7,8,1,2566,POP,-4,bchdfpgejlamnkio
7,8,2,2566,PUSH,4,bchdjfgeaklinopm,-4,4,1
7,8,0,2567,POP,-4,bchdfgaejolinpkm
7,8,1,2567,POP,-1,bchdfpgejlimnkao
7,8,2,2567,DEL_CUTOFF,1
7,8,0,2568,POP,1,bchdfglejoainpkm
7,8,1,2568,DEL_EXPLORED,-4
7,8,2,2568,DEL_CUTOFF,4
7,8,0,2569,PUSH,-1,bchdfgleajoinpkm,-4,4,1
7,8,1,2569,POP,4,bchdfpgejlimnkoa
7,8,2,2569,DEL_EXPLORED,-4
7,8,0,2570,DEL_EXPLORED,1
7,8,1,2570,PUSH,-4,bchdfpgajlienkom,-4,4,-1
7,8,2,2570,POP,4,bchdjfgeaklinopm
7,8,0,2571,PUSH,4,bchdfglenjoiapkm,-4,1
7,8,1,2571,PUSH,-1,bchdfpagjlienkom,-4,4,-1,1
7,8,2,2571,PUSH,-4,achdbfgejklinopm,4,1
7,8,0,2572,PUSH,1,bchdfglenjoipakm,-4,-1,1
7,8,1,2572,DEL_EXPLORED,1
7,8,2,2572,DEL_CUTOFF,1
7,8,0,2573,PUSH,1,bchdfglenjoipkam,-4,-1,1
7,8,1,2573,PUSH,-1,bchdfapgjlienkom,-4,4,-1,1
7,8,2,2573,DEL_EXPLORED,4
7,8,0,2574,PUSH,1,bchdfglenjoipkma,-4,-1
7,8,1,2574,DEL_EXPLORED,1
7,8,2,2574,POP,-4,achdbfgejklinopm
7,8,0,2575,DEL_EXPLORED,-1
7,8,1,2575,DEL_CUTOFF,-1
7,8,2,2575,POP,-1,bchdafgejklinopm
7,8,0,2576,DEL_CUTOFF,-4
7,8,1,2576,DEL_CUTOFF,4
7,8,2,2576,PUSH,4,bchdfkgejalinopm,-4,4,-1,1
7,8,0,2577,POP,1,bchdfglenjoipkma
7,8,1,2577,DEL_CUTOFF,-4
7,8,2,2577,PUSH,1,bchdfkgejlainopm,-4,4,-1,1
7,8,0,2578,DEL_EXPLORED,-1
7,8,1,2578,POP,-1,bchdfapgjlienkom
7,8,2,2578,DEL_CUTOFF,1
7,8,0,2579,PUSH,-4,bchdfglenjaipkom,-4,4,-1,1
7,8,1,2579,PUSH,4,bchdfpigjlaenkom,-4,4,-1,1
7,8,2,2579,DEL_EXPLORED,-1
7,8,0,2580,DEL_CUTOFF,1
7,8,1,2580,DEL_CUTOFF,1
7,8,2,2580,DEL_CUTOFF,4
7,8,0,2581,DEL_CUTOFF,-1
7,8,1,2581,DEL_CUTOFF,-1
7,8,2,2581,DEL_CUTOFF,-4
7,8,0,2582,DEL_EXPLORED,4
7,8,1,2582,DEL_CUTOFF,4
7,8,2,2582,POP,1,bchdfkgejlainopm
7,8,0,2583,DEL_CUTOFF,-4
7,8,1,2583,DEL_EXPLORED,-4
7,8,2,2583,PUSH,-1,bchdfkgeajlinopm,-4,4,1
7,8,0,2584,POP,-4,bchdfglenjaipkom
7,8,1,2584,POP,4,bchdfpigjlaenkom
7,8,2,2584,DEL_EXPLORED,1
7,8,0,2585,POP,1,bchdfglenjoipkam
7,8,1,2585,PUSH,-4,bcadfphgjlienkom,4,-1,1
7,8,2,2585,DEL_CUTOFF,4
7,8,0,2586,DEL_EXPLORED,-1
7,8,1,2586,DEL_CUTOFF,1
7,8,2,2586,DEL_CUTOFF,-4
7,8,0,2587,PUSH,-4,bchdfglenaoipjkm,-4,4,-1,1
7,8,1,2587,DEL_CUTOFF,-1
7,8,2,2587,POP,-1,bchdfkgeajlinopm
7,8,0,2588,PUSH,1,bchdfglenoaipjkm,-4,4,-1,1
7,8,1,2588,DEL_EXPLORED,4
7,8,2,2588,PUSH,4,bchdfkgejolinapm,-4,-1,1
7,8,0,2589,DEL_CUTOFF,1
7,8,1,2589,POP,-4,bcadfphgjlienkom
7,8,2,2589,DEL_CUTOFF,1
7,8,0,2590,DEL_EXPLORED,-1
7,8,1,2590,POP,-1,bchdfpagjlienkom
7,8,2,2590,DEL_CUTOFF,-1
7,8,0,2591,DEL_CUTOFF,4
7,8,1,2591,DEL_EXPLORED,4
7,8,2,2591,DEL_EXPLORED,-4
7,8,0,2592,DEL_CUTOFF,-4
7,8,1,2592,PUSH,-4,bchafpgdjlienkom,4,-1
7,8,2,2592,POP,4,bchdfkgejolinapm
7,8,0,2593,POP,1,bchdfglenoaipjkm
7,8,1,2593,PUSH,-1,bcahfpgdjlienkom,4,-1,1
7,8,2,2593,DEL_EXPLORED,-4
7,8,0,2594,PUSH,-1,bchdfgleanoipjkm,-4,4,1
7,8,1,2594,DEL_EXPLORED,1
7,8,2,2594,POP,4,bchdfkgejalinopm
7,8,0,2595,DEL_EXPLORED,1
7,8,1,2595,DEL_CUTOFF,-1
7,8,2,2595,PUSH,-4,bahdfcgejklinopm,4,-1,1
7,8,0,2596,DEL_CUTOFF,4
7,8,1,2596,DEL_CUTOFF,4
7,8,2,2596,PUSH,1,bhadfcgejklinopm,4,-1,1
7,8,0,2597,DEL_CUTOFF,-4
7,8,1,2597,POP,-1,bcahfpgdjlienkom
7,8,2,2597,DEL_CUTOFF,1
7,8,0,2598,POP,-1,bchdfgleanoipjkm
7,8,1,2598,DEL_EXPLORED,4
7,8,2,2598,DEL_EXPLORED,-1
7,8,0,2599,DEL_EXPLORED,4
7,8,1,2599,POP,-4,bchafpgdjlienkom
7,8,2,2599,DEL_CUTOFF,4
7,8,0,2600,PUSH,-4,bchdfalengoipjkm,-4,4,-1,1
7,8,1,2600,POP,-4,bchdfpgajlienkom
7,8,2,2600,POP,1,bhadfcgejklinopm
7,8,0,2601,DEL_CUTOFF,1
7,8,1,2601,POP,1,bchdfpgejliankom
7,8,2,2601,PUSH,-1,abhdfcgejklinopm,4,1
7,8,0,2602,DEL_CUTOFF,-1
7,8,1,2602,DEL_EXPLORED,-1
7,8,2,2602,DEL_EXPLORED,1
7,8,0,2603,DEL_EXPLORED,4
7,8,1,2603,PUSH,4,bchdfpgejloinkam,-4,-1,1
7,8,2,2603,DEL_CUTOFF,4
7,8,0,2604,DEL_CUTOFF,-4
7,8,1,2604,PUSH,1,bchdfpgejloinkma,-4,-1
7,8,2,2604,POP,-1,abhdfcgejklinopm
7,8,0,2605,POP,-4,bchdfalengoipjkm
7,8,1,2605,DEL_EXPLORED,-1
7,8,2,2605,DEL_EXPLORED,4
7,8,0,2606,POP,-4,bchdfglenaoipjkm
7,8,1,2606,PUSH,-4,bchdfpgejloankmi,-4,4,-1
7,8,2,2606,POP,-4,bahdfcgejklinopm
7,8,0,2607,POP,1,bchdfglenjoipakm
7,8,1,2607,PUSH,-1,bchdfpgejlaonkmi,-4,4,-1,1
7,8,2,2607,POP,-1,bchdfagejklinopm
7,8,0,2608,DEL_EXPLORED,-4
7,8,1,2608,DEL_EXPLORED,1
7,8,2,2608,DEL_EXPLORED,4
7,8,0,2609,POP,4,bchdfglenjoiapkm
7,8,1,2609,DEL_CUTOFF,-1
7,8,2,2609,PUSH,-4,bcadfghejklinopm,4,-1,1
7,8,0,2610,PUSH,-4,bchdaglefjoinpkm,-4,4,1
7,8,1,2610,DEL_CUTOFF,4
7,8,2,2610,PUSH,1,bcdafghejklinopm,4,-1
7,8,0,2611,PUSH,1,bchdgalefjoinpkm,-4,4,-1,1
7,8,1,2611,DEL_CUTOFF,-4
7,8,2,2611,DEL_EXPLORED,-1
7,8,0,2612,PUSH,1,bchdglaefjoinpkm,-4,4,-1,1
7,8,1,2612,POP,-1,bchdfpgejlaonkmi
7,8,2,2612,PUSH,4,bcdefghajklinopm,-4,4,-1
7,8,0,2613,PUSH,1,bchdgleafjoinpkm,-4,4,-1
7,8,1,2613,DEL_EXPLORED,4
7,8,2,2613,DEL_CUTOFF,-1
7,8,0,2614,DEL_EXPLORED,-1
7,8,1,2614,PUSH,-4,bchdfpgajloenkmi,-4,4,-1
7,8,2,2614,DEL_CUTOFF,4
7,8,0,2615,DEL_CUTOFF,4
7,8,1,2615,DEL_CUTOFF,-1
7,8,2,2615,DEL_EXPLORED,-4
7,8,0,2616,DEL_CUTOFF,-4
7,8,1,2616,DEL_EXPLORED,4
7,8,2,2616,POP,4,bcdefghajklinopm
7,8,0,2617,POP,1,bchdgleafjoinpkm
7,8,1,2617,DEL_CUTOFF,-4
7,8,2,2617,POP,1,bcdafghejklinopm
7,8,0,2618,DEL_EXPLORED,-1
7,8,1,2618,POP,-4,bchdfpgajloenkmi
7,8,2,2618,PUSH,-1,bacdfghejklinopm,4,-1,1
7,8,0,2619,PUSH,4,bchdgloefjainpkm,-4,4,-1,1
7,8,1,2619,POP,-4,bchdfpgejloankmi
7,8,2,2619,DEL_EXPLORED,1
7,8,0,2620,DEL_CUTOFF,1
7,8,1,2620,POP,1,bchdfpgejloinkma
7,8,2,2620,PUSH,-1,abcdfghejklinopm,4,1
7,8,0,2621,DEL_CUTOFF,-1
7,8,1,2621,PUSH,-1,bchdfpgejloinakm,-4,-1,1
7,8,2,2621,DEL_EXPLORED,1
7,8,0,2622,DEL_CUTOFF,4
7,8,1,2622,DEL_EXPLORED,1
7,8,2,2622,DEL_CUTOFF,4
7,8,0,2623,DEL_EXPLORED,-4
7,8,1,2623,PUSH,-1,bchdfpgejloiankm,-4,1
7,8,2,2623,POP,-1,abcdfghejklinopm
7,8,0,2624,POP,4,bchdgloefjainpkm
7,8,1,2624,DEL_EXPLORED,1
7,8,2,2624,PUSH,4,bgcdfahejklinopm,-4,4,-1,1
7,8,0,2625,PUSH,-4,bcadglhefjoinpkm,4,-1,1
7,8,1,2625,PUSH,-4,bchdfpgealoijnkm,-4,4,1
7,8,2,2625,DEL_CUTOFF,1
7,8,0,2626,DEL_CUTOFF,1
7,8,1,2626,DEL_CUTOFF,1
7,8,2,2626,DEL_CUTOFF,-1
7,8,0,2627,DEL_CUTOFF,-1
7,8,1,2627,DEL_EXPLORED,4
7,8,2,2627,DEL_CUTOFF,4
7,8,0,2628,DEL_EXPLORED,4
7,8,1,2628,DEL_CUTOFF,-4
7,8,2,2628,DEL_EXPLORED,-4
7,8,0,2629,POP,-4,bcadglhefjoinpkm
7,8,1,2629,POP,-4,bchdfpgealoijnkm
7,8,2,2629,POP,4,bgcdfahejklinopm
7,8,0,2630,POP,1,bchdglaefjoinpkm
7,8,1,2630,POP,-1,bchdfpgejloiankm
7,8,2,2630,POP,-1,bacdfghejklinopm
7,8,0,2631,DEL_EXPLORED,-1
7,8,1,2631,PUSH,-4,bchdfpgejaoinlkm,-4,4,-1,1
7,8,2,2631,DEL_EXPLORED,4
7,8,0,2632,PUSH,4,bchdgjlefaoinpkm,-4,4,-1,1
7,8,1,2632,PUSH,1,bchdfpgejoainlkm,-4,4,-1,1
7,8,2,2632,POP,-4,bcadfghejklinopm
7,8,0,2633,PUSH,1,bchdgjlefoainpkm,-4,4,-1,1
7,8,1,2633,DEL_CUTOFF,1
7,8,2,2633,POP,-4,bchdfgaejklinopm
7,8,0,2634,DEL_CUTOFF,1
7,8,1,2634,DEL_EXPLORED,-1
7,8,2,2634,POP,-4,bchdfglejkainopm
7,8,0,2635,DEL_EXPLORED,-1
7,8,1,2635,DEL_CUTOFF,4
7,8,2,2635,POP,1,bchdfglejkpinoam
7,8,0,2636,DEL_CUTOFF,4
7,8,1,2636,DEL_CUTOFF,-4
7,8,2,2636,PUSH,-1,bchdfglejkpianom,-4,1
7,8,0,2637,DEL_CUTOFF,-4
7,8,1,2637,POP,1,bchdfpgejoainlkm
7,8,2,2637,DEL_EXPLORED,1
7,8,0,2638,POP,1,bchdgjlefoainpkm
7,8,1,2638,PUSH,-1,bchdfpgeajoinlkm,-4,4,1
7,8,2,2638,PUSH,-4,bchdfgleakpijnom,-4,4,1
7,8,0,2639,PUSH,-1,bchdgjleafoinpkm,-4,4,1
7,8,1,2639,DEL_EXPLORED,1
7,8,2,2639,PUSH,1,bchdfglekapijnom,-4,4,-1,1
7,8,0,2640,DEL_EXPLORED,1
7,8,1,2640,DEL_CUTOFF,4
7,8,2,2640,PUSH,1,bchdfglekpaijnom,-4,4,-1,1
7,8,0,2641,DEL_CUTOFF,4
7,8,1,2641,DEL_CUTOFF,-4
7,8,2,2641,PUSH,1,bchdfglekpiajnom,-4,4,-1
7,8,0,2642,DEL_CUTOFF,-4
7,8,1,2642,POP,-1,bchdfpgeajoinlkm
7,8,2,2642,DEL_EXPLORED,-1
7,8,0,2643,POP,-1,bchdgjleafoinpkm
7,8,1,2643,DEL_EXPLORED,4
7,8,2,2643,PUSH,4,bchdfglekpimjnoa,-4,-1
7,8,0,2644,PUSH,4,bchdgjlefpoinakm,-4,-1,1
7,8,1,2644,PUSH,-4,bchdfagejpoinlkm,-4,4,-1,1
7,8,2,2644,DEL_CUTOFF,-1
7,8,0,2645,DEL_CUTOFF,1
7,8,1,2645,DEL_CUTOFF,1
7,8,2,2645,DEL_EXPLORED,-4
7,8,0,2646,DEL_CUTOFF,-1
7,8,1,2646,DEL_CUTOFF,-1
7,8,2,2646,POP,4,bchdfglekpimjnoa
7,8,0,2647,DEL_EXPLORED,-4
7,8,1,2647,DEL_EXPLORED,4
7,8,2,2647,PUSH,-4,bchdfglakpiejnom,-4,4,-1
7,8,0,2648,POP,4,bchdgjlefpoinakm
7,8,1,2648,DEL_CUTOFF,-4
7,8,2,2648,DEL_CUTOFF,-1
7,8,0,2649,DEL_EXPLORED,-4
7,8,1,2649,POP,-4,bchdfagejpoinlkm
7,8,2,2649,DEL_EXPLORED,4
7,8,0,2650,POP,4,bchdgjlefaoinpkm
7,8,1,2650,POP,-4,bchdfpgejaoinlkm
7,8,2,2650,DEL_CUTOFF,-4
7,8,0,2651,PUSH,-4,bahdgclefjoinpkm,4,-1,1
7,8,1,2651,POP,-1,bchdfpgejloinakm
7,8,2,2651,POP,-4,bchdfglakpiejnom
7,8,0,2652,PUSH,1,bhadgclefjoinpkm,4,-1,1
7,8,1,2652,DEL_EXPLORED,-4
7,8,2,2652,POP,1,bchdfglekpiajnom
7,8,0,2653,DEL_CUTOFF,1
7,8,1,2653,POP,4,bchdfpgejloinkam
7,8,2,2653,DEL_EXPLORED,-1
7,8,0,2654,DEL_EXPLORED,-1
7,8,1,2654,PUSH,-4,bchdfpaejlginkom,-4,4,-1,1
7,8,2,2654,PUSH,4,bchdfglekpoijnam,-4,-1,1
7,8,0,2655,DEL_CUTOFF,4
7,8,1,2655,PUSH,1,bchdfpeajlginkom,-4,4,-1
7,8,2,2655,PUSH,1,bchdfglekpoijnma,-4,-1
7,8,0,2656,POP,1,bhadgclefjoinpkm
7,8,1,2656,DEL_EXPLORED,-1
7,8,2,2656,DEL_EXPLORED,-1
7,8,0,2657,PUSH,-1,abhdgclefjoinpkm,4,1
7,8,1,2657,PUSH,4,bchdfpeijlgankom,-4,4,-1
7,8,2,2657,DEL_CUTOFF,-4
7,8,0,2658,DEL_EXPLORED,1
7,8,1,2658,PUSH,-1,bchdfpeijlagnkom,-4,4,-1,1
7,8,2,2658,POP,1,bchdfglekpoijnma
7,8,0,2659,DEL_CUTOFF,4
7,8,1,2659,DEL_EXPLORED,1
7,8,2,2659,PUSH,-1,bchdfglekpoijanm,-4,-1,1
7,8,0,2660,POP,-1,abhdgclefjoinpkm
7,8,1,2660,DEL_CUTOFF,-1
7,8,2,2660,DEL_EXPLORED,1
7,8,0,2661,DEL_EXPLORED,4
7,8,1,2661,DEL_CUTOFF,4
7,8,2,2661,DEL_CUTOFF,-1
7,8,0,2662,POP,-4,bahdgclefjoinpkm
7,8,1,2662,DEL_CUTOFF,-4
7,8,2,2662,DEL_CUTOFF,-4
7,8,0,2663,POP,1,bchdgalefjoinpkm
7,8,1,2663,POP,-1,bchdfpeijlagnkom
7,8,2,2663,POP,-1,bchdfglekpoijanm
7,8,0,2664,DEL_EXPLORED,4
7,8,1,2664,PUSH,4,bchdfpeijlgmnkoa,-4,-1
7,8,2,2664,DEL_EXPLORED,-4
7,8,0,2665,PUSH,-4,achdbglefjoinpkm,4,1
7,8,1,2665,DEL_CUTOFF,-1
7,8,2,2665,POP,4,bchdfglekpoijnam
7,8,0,2666,PUSH,1,cahdbglefjoinpkm,4,-1,1
7,8,1,2666,DEL_EXPLORED,-4
7,8,2,2666,PUSH,-4,bchdfgaekplijnom,-4,4,-1,1
7,8,0,2667,PUSH,1,chadbglefjoinpkm,4,-1,1
7,8,1,2667,POP,4,bchdfpeijlgmnkoa
7,8,2,2667,PUSH,1,bchdfgeakplijnom,-4,4,-1
7,8,0,2668,DEL_CUTOFF,1
7,8,1,2668,DEL_EXPLORED,-4
7,8,2,2668,DEL_EXPLORED,-1
7,8,0,2669,DEL_EXPLORED,-1
7,8,1,2669,POP,4,bchdfpeijlgankom
7,8,2,2669,DEL_CUTOFF,4
7,8,0,2670,DEL_CUTOFF,4
7,8,1,2670,PUSH,-4,bchafpedjlginkom,4,-1
7,8,2,2670,DEL_CUTOFF,-4
7,8,0,2671,POP,1,chadbglefjoinpkm
7,8,1,2671,PUSH,-1,bcahfpedjlginkom,4,-1,1
7,8,2,2671,POP,1,bchdfgeakplijnom
7,8,0,2672,DEL_EXPLORED,-1
7,8,1,2672,DEL_EXPLORED,1
7,8,2,2672,PUSH,-1,bchdfagekplijnom,-4,4,-1,1
7,8,0,2673,PUSH,4,cghdbalefjoinpkm,-4,4,-1,1
7,8,1,2673,DEL_CUTOFF,-1
7,8,2,2673,DEL_EXPLORED,1
7,8,0,2674,DEL_CUTOFF,1
7,8,1,2674,DEL_CUTOFF,4
7,8,2,2674,DEL_CUTOFF,-1
7,8,0,2675,DEL_CUTOFF,-1
7,8,1,2675,POP,-1,bcahfpedjlginkom
7,8,2,2675,DEL_CUTOFF,4
7,8,0,2676,DEL_CUTOFF,4
7,8,1,2676,DEL_EXPLORED,4
7,8,2,2676,DEL_CUTOFF,-4
7,8,0,2677,DEL_EXPLORED,-4
7,8,1,2677,POP,-4,bchafpedjlginkom
7,8,2,2677,POP,-1,bchdfagekplijnom
7,8,0,2678,POP,4,cghdbalefjoinpkm
7,8,1,2678,POP,1,bchdfpeajlginkom
7,8,2,2678,DEL_EXPLORED,4
7,8,0,2679,POP,1,cahdbglefjoinpkm
7,8,1,2679,PUSH,-1,bchdfapejlginkom,-4,4,-1,1
7,8,2,2679,PUSH,-4,bcadfghekplijnom,4,-1,1
7,8,0,2680,DEL_EXPLORED,4
7,8,1,2680,DEL_EXPLORED,1
7,8,2,2680,DEL_CUTOFF,1
7,8,0,2681,POP,-4,achdbglefjoinpkm
7,8,1,2681,PUSH,-1,bchdafpejlginkom,-4,4,1
7,8,2,2681,DEL_CUTOFF,-1
7,8,0,2682,POP,-4,bchdaglefjoinpkm
7,8,1,2682,DEL_EXPLORED,1
7,8,2,2682,DEL_EXPLORED,4
7,8,0,2683,POP,-1,bchdfgleajoinpkm
7,8,1,2683,PUSH,4,bchdjfpealginkom,-4,4,1
7,8,2,2683,POP,-4,bcadfghekplijnom
7,8,0,2684,DEL_EXPLORED,4
7,8,1,2684,DEL_CUTOFF,1
7,8,2,2684,POP,-4,bchdfgaekplijnom
7,8,0,2685,PUSH,-4,bchdfalejgoinpkm,-4,4,-1,1
7,8,1,2685,DEL_CUTOFF,4
7,8,2,2685,POP,1,bchdfglekpaijnom
7,8,0,2686,PUSH,1,bchdflaejgoinpkm,-4,4,-1,1
7,8,1,2686,DEL_EXPLORED,-4
7,8,2,2686,DEL_EXPLORED,-1
7,8,0,2687,PUSH,1,bchdfleajgoinpkm,-4,4,-1
7,8,1,2687,POP,4,bchdjfpealginkom
7,8,2,2687,PUSH,4,bchdfgleknpijaom,-4,-1,1
7,8,0,2688,DEL_EXPLORED,-1
7,8,1,2688,PUSH,-4,achdbfpejlginkom,4,1
7,8,2,2688,PUSH,1,bchdfgleknpijoam,-4,-1,1
7,8,0,2689,PUSH,4,bchdfleijgoanpkm,-4,4,-1
7,8,1,2689,DEL_CUTOFF,1
7,8,2,2689,PUSH,1,bchdfgleknpijoma,-4,-1
7,8,0,2690,PUSH,-1,bchdfleijgaonpkm,-4,4,-1,1
7,8,1,2690,DEL_EXPLORED,4
7,8,2,2690,DEL_EXPLORED,-1
7,8,0,2691,DEL_EXPLORED,1
7,8,1,2691,POP,-4,achdbfpejlginkom
7,8,2,2691,DEL_CUTOFF,-4
7,8,0,2692,DEL_CUTOFF,-1
7,8,1,2692,POP,-1,bchdafpejlginkom
7,8,2,2692,POP,1,bchdfgleknpijoma
7,8,0,2693,DEL_CUTOFF,4
7,8,1,2693,PUSH,4,bchdflpejaginkom,-4,4,-1,1
7,8,2,2693,DEL_EXPLORED,-1
7,8,0,2694,DEL_CUTOFF,-4
7,8,1,2694,PUSH,1,bchdflpejgainkom,-4,4,-1,1
7,8,2,2694,PUSH,-4,bchdfgleknaijopm,-4,4,-1,1
7,8,0,2695,POP,-1,bchdfleijgaonpkm
7,8,1,2695,DEL_CUTOFF,1
7,8,2,2695,DEL_CUTOFF,1
7,8,0,2696,PUSH,4,bchdfleijgomnpka,-4,-1
7,8,1,2696,DEL_EXPLORED,-1
7,8,2,2696,DEL_CUTOFF,-1
7,8,0,2697,DEL_CUTOFF,-1
7,8,1,2697,DEL_CUTOFF,4
7,8,2,2697,DEL_EXPLORED,4
7,8,0,2698,DEL_EXPLORED,-4
7,8,1,2698,DEL_CUTOFF,-4
7,8,2,2698,DEL_CUTOFF,-4
7,8,0,2699,POP,4,bchdfleijgomnpka
7,8,1,2699,POP,1,bchdflpejgainkom
7,8,2,2699,POP,-4,bchdfgleknaijopm
7,8,0,2700,DEL_EXPLORED,-4
7,8,1,2700,PUSH,-1,bchdflpeajginkom,-4,4,1
7,8,2,2700,POP,1,bchdfgleknpijoam
7,8,0,2701,POP,4,bchdfleijgoanpkm
7,8,1,2701,DEL_EXPLORED,1
7,8,2,2701,PUSH,-1,bchdfgleknpiajom,-4,1
7,8,0,2702,PUSH,-4,bchafledjgoinpkm,4,-1
7,8,1,2702,DEL_CUTOFF,4
7,8,2,2702,DEL_EXPLORED,1
7,8,0,2703,PUSH,-1,bcahfledjgoinpkm,4,-1,1
7,8,1,2703,DEL_CUTOFF,-4
7,8,2,2703,PUSH,-4,bchdfgleanpikjom,-4,4,1
7,8,0,2704,DEL_EXPLORED,1
7,8,1,2704,POP,-1,bchdflpeajginkom
7,8,2,2704,DEL_CUTOFF,1
7,8,0,2705,DEL_CUTOFF,-1
7,8,1,2705,PUSH,4,bchdflpejkginaom,-4,-1,1
7,8,2,2705,DEL_EXPLORED,4
7,8,0,2706,DEL_CUTOFF,4
7,8,1,2706,DEL_CUTOFF,1
7,8,2,2706,DEL_CUTOFF,-4
7,8,0,2707,POP,-1,bcahfledjgoinpkm
7,8,1,2707,DEL_CUTOFF,-1
7,8,2,2707,POP,-4,bchdfgleanpikjom
7,8,0,2708,DEL_EXPLORED,4
7,8,1,2708,DEL_EXPLORED,-4
7,8,2,2708,POP,-1,bchdfgleknpiajom
7,8,0,2709,POP,-4,bchafledjgoinpkm
7,8,1,2709,POP,4,bchdflpejkginaom
7,8,2,2709,DEL_EXPLORED,-4
7,8,0,2710,POP,1,bchdfleajgoinpkm
7,8,1,2710,DEL_EXPLORED,-4
7,8,2,2710,POP,4,bchdfgleknpijaom
7,8,0,2711,DEL_EXPLORED,-1
7,8,1,2711,POP,4,bchdflpejaginkom
7,8,2,2711,PUSH,-4,bchdfalekgpijnom,-4,4,-1,1
7,8,0,2712,PUSH,4,bchdfloejgainpkm,-4,4,-1,1
7,8,1,2712,PUSH,-4,bahdfcpejlginkom,4,-1,1
7,8,2,2712,PUSH,1,bchdflaekgpijnom,-4,4,-1,1
7,8,0,2713,PUSH,1,bchdfloejgianpkm,-4,4,-1
7,8,1,2713,PUSH,1,bhadfcpejlginkom,4,-1,1
7,8,2,2713,PUSH,1,bchdfleakgpijnom,-4,4,-1
7,8,0,2714,DEL_EXPLORED,-1
7,8,1,2714,DEL_CUTOFF,1
7,8,2,2714,DEL_EXPLORED,-1
7,8,0,2715,PUSH,4,bchdfloejgimnpka,-4,-1
7,8,1,2715,DEL_EXPLORED,-1
7,8,2,2715,DEL_CUTOFF,4
7,8,0,2716,DEL_CUTOFF,-1
7,8,1,2716,DEL_CUTOFF,4
7,8,2,2716,DEL_CUTOFF,-4
7,8,0,2717,DEL_EXPLORED,-4
7,8,1,2717,POP,1,bhadfcpejlginkom
7,8,2,2717,POP,1,bchdfleakgpijnom
7,8,0,2718,POP,4,bchdfloejgimnpka
7,8,1,2718,PUSH,-1,abhdfcpejlginkom,4,1
7,8,2,2718,DEL_EXPLORED,-1
7,8,0,2719,PUSH,-4,bchdfloajgienpkm,-4,4,-1
7,8,1,2719,DEL_EXPLORED,1
7,8,2,2719,PUSH,4,bchdflpekgaijnom,-4,4,-1,1
7,8,0,2720,DEL_CUTOFF,-1
7,8,1,2720,DEL_CUTOFF,4
7,8,2,2720,DEL_CUTOFF,1
7,8,0,2721,DEL_EXPLORED,4
7,8,1,2721,POP,-1,abhdfcpejlginkom
7,8,2,2721,DEL_CUTOFF,-1
7,8,0,2722,DEL_CUTOFF,-4
7,8,1,2722,DEL_EXPLORED,4
7,8,2,2722,DEL_CUTOFF,4
7,8,0,2723,POP,-4,bchdfloajgienpkm
7,8,1,2723,POP,-4,bahdfcpejlginkom
7,8,2,2723,DEL_EXPLORED,-4
7,8,0,2724,POP,1,bchdfloejgianpkm
7,8,1,2724,POP,-1,bchdfapejlginkom
7,8,2,2724,POP,4,bchdflpekgaijnom
7,8,0,2725,PUSH,-1,bchdfloejaginpkm,-4,4,-1,1
7,8,1,2725,DEL_EXPLORED,4
7,8,2,2725,PUSH,-4,bcadflhekgpijnom,4,-1,1
7,8,0,2726,DEL_EXPLORED,1
7,8,1,2726,PUSH,-4,bcadfphejlginkom,4,-1,1
7,8,2,2726,DEL_CUTOFF,1
7,8,0,2727,PUSH,-1,bchdfloeajginpkm,-4,4,1
7,8,1,2727,PUSH,1,bcdafphejlginkom,4,-1
7,8,2,2727,DEL_CUTOFF,-1
7,8,0,2728,DEL_EXPLORED,1
7,8,1,2728,DEL_EXPLORED,-1
7,8,2,2728,DEL_EXPLORED,4
7,8,0,2729,DEL_CUTOFF,4
7,8,1,2729,PUSH,4,bcdefphajlginkom,-4,4,-1
7,8,2,2729,POP,-4,bcadflhekgpijnom
7,8,0,2730,DEL_CUTOFF,-4
7,8,1,2730,DEL_CUTOFF,-1
7,8,2,2730,POP,1,bchdflaekgpijnom
7,8,0,2731,POP,-1,bchdfloeajginpkm
7,8,1,2731,DEL_CUTOFF,4
7,8,2,2731,PUSH,-1,bchdaflekgpijnom,-4,4,1
7,8,0,2732,PUSH,4,bchdfloejpginakm,-4,-1,1
7,8,1,2732,DEL_EXPLORED,-4
7,8,2,2732,DEL_EXPLORED,1
7,8,0,2733,DEL_CUTOFF,1
7,8,1,2733,POP,4,bcdefphajlginkom
7,8,2,2733,PUSH,4,bchdkfleagpijnom,-4,4,1
7,8,0,2734,DEL_CUTOFF,-1
7,8,1,2734,POP,1,bcdafphejlginkom
7,8,2,2734,DEL_CUTOFF,1
7,8,0,2735,DEL_EXPLORED,-4
7,8,1,2735,PUSH,-1,bacdfphejlginkom,4,-1,1
7,8,2,2735,DEL_CUTOFF,4
7,8,0,2736,POP,4,bchdfloejpginakm
7,8,1,2736,DEL_EXPLORED,1
7,8,2,2736,DEL_EXPLORED,-4
7,8,0,2737,PUSH,-4,bchdfaoejlginpkm,-4,4,-1,1
7,8,1,2737,PUSH,-1,abcdfphejlginkom,4,1
7,8,2,2737,POP,4,bchdkfleagpijnom
7,8,0,2738,DEL_CUTOFF,1
7,8,1,2738,DEL_EXPLORED,1
7,8,2,2738,PUSH,-4,achdbflekgpijnom,4,1
7,8,0,2739,DEL_CUTOFF,-1
7,8,1,2739,DEL_CUTOFF,4
7,8,2,2739,DEL_CUTOFF,1
7,8,0,2740,DEL_EXPLORED,4
7,8,1,2740,POP,-1,abcdfphejlginkom
7,8,2,2740,DEL_EXPLORED,4
7,8,0,2741,DEL_CUTOFF,-4
7,8,1,2741,PUSH,4,bpcdfahejlginkom,-4,4,-1,1
7,8,2,2741,POP,-4,achdbflekgpijnom
7,8,0,2742,POP,-4,bchdfaoejlginpkm
7,8,1,2742,DEL_CUTOFF,1
7,8,2,2742,POP,-1,bchdaflekgpijnom
7,8,0,2743,POP,-1,bchdfloejaginpkm
7,8,1,2743,DEL_CUTOFF,-1
7,8,2,2743,DEL_EXPLORED,4
7,8,0,2744,PUSH,4,bchdfloejgkinpam,-4,-1,1
7,8,1,2744,DEL_CUTOFF,4
7,8,2,2744,PUSH,-4,bahdfclekgpijnom,4,-1,1
7,8,0,2745,PUSH,1,bchdfloejgkinpma,-4,-1
7,8,1,2745,DEL_EXPLORED,-4
7,8,2,2745,PUSH,1,bhadfclekgpijnom,4,-1,1
7,8,0,2746,DEL_EXPLORED,-1
7,8,1,2746,POP,4,bpcdfahejlginkom
7,8,2,2746,DEL_CUTOFF,1
7,8,0,2747,DEL_CUTOFF,-4
7,8,1,2747,POP,-1,bacdfphejlginkom
7,8,2,2747,DEL_EXPLORED,-1
7,8,0,2748,POP,1,bchdfloejgkinpma
7,8,1,2748,DEL_EXPLORED,4
7,8,2,2748,DEL_CUTOFF,4
7,8,0,2749,PUSH,-1,bchdfloejgkinapm,-4,-1,1
7,8,1,2749,POP,-4,bcadfphejlginkom
7,8,2,2749,POP,1,bhadfclekgpijnom
7,8,0,2750,DEL_EXPLORED,1
7,8,1,2750,POP,-4,bchdfpaejlginkom
7,8,2,2750,PUSH,-1,abhdfclekgpijnom,4,1
7,8,0,2751,DEL_CUTOFF,-1
7,8,1,2751,POP,1,bchdfpgejlainkom
7,8,2,2751,DEL_EXPLORED,1
7,8,0,2752,DEL_CUTOFF,-4
7,8,1,2752,PUSH,-1,bchdfpgeajlinkom,-4,4,1
7,8,2,2752,DEL_CUTOFF,4
7,8,0,2753,POP,-1,bchdfloejgkinapm
7,8,1,2753,DEL_EXPLORED,1
7,8,2,2753,POP,-1,abhdfclekgpijnom
7,8,0,2754,DEL_EXPLORED,-4
7,8,1,2754,PUSH,4,bchdfpgenjliakom,-4,1
7,8,2,2754,DEL_EXPLORED,4
7,8,0,2755,POP,4,bchdfloejgkinpam
7,8,1,2755,PUSH,1,bchdfpgenjlikaom,-4,-1,1
7,8,2,2755,POP,-4,bahdfclekgpijnom
7,8,0,2756,DEL_EXPLORED,-4
7,8,1,2756,PUSH,1,bchdfpgenjlikoam,-4,-1,1
7,8,2,2756,POP,-4,bchdfalekgpijnom
7,8,0,2757,POP,4,bchdfloejgainpkm
7,8,1,2757,PUSH,1,bchdfpgenjlikoma,-4,-1
7,8,2,2757,POP,1,bchdfglekapijnom
7,8,0,2758,PUSH,-4,bcadflhejgoinpkm,4,-1,1
7,8,1,2758,DEL_EXPLORED,-1
7,8,2,2758,DEL_EXPLORED,4
7,8,0,2759,PUSH,1,bcdaflhejgoinpkm,4,-1
7,8,1,2759,DEL_CUTOFF,-4
7,8,2,2759,PUSH,-4,bchdaglefkpijnom,-4,4,1
7,8,0,2760,DEL_EXPLORED,-1
7,8,1,2760,POP,1,bchdfpgenjlikoma
7,8,2,2760,PUSH,1,bchdgalefkpijnom,-4,4,-1,1
7,8,0,2761,PUSH,4,bcdeflhajgoinpkm,-4,4,-1
7,8,1,2761,DEL_EXPLORED,-1
7,8,2,2761,PUSH,1,bchdglaefkpijnom,-4,4,-1,1
7,8,0,2762,DEL_CUTOFF,-1
7,8,1,2762,PUSH,-4,bchdfpgenjaikolm,-4,4,-1,1
7,8,2,2762,PUSH,1,bchdgleafkpijnom,-4,4,-1
7,8,0,2763,DEL_CUTOFF,4
7,8,1,2763,DEL_CUTOFF,1
7,8,2,2763,DEL_EXPLORED,-1
7,8,0,2764,DEL_EXPLORED,-4
7,8,1,2764,DEL_CUTOFF,-1
7,8,2,2764,DEL_CUTOFF,4
7,8,0,2765,POP,4,bcdeflhajgoinpkm
7,8,1,2765,DEL_EXPLORED,4
7,8,2,2765,DEL_CUTOFF,-4
7,8,0,2766,POP,1,bcdaflhejgoinpkm
7,8,1,2766,DEL_CUTOFF,-4
7,8,2,2766,POP,1,bchdgleafkpijnom
7,8,0,2767,PUSH,-1,bacdflhejgoinpkm,4,-1,1
7,8,1,2767,POP,-4,bchdfpgenjaikolm
7,8,2,2767,DEL_EXPLORED,-1
7,8,0,2768,DEL_EXPLORED,1
7,8,1,2768,POP,1,bchdfpgenjlikoam
7,8,2,2768,PUSH,4,bchdglpefkaijnom,-4,4,-1,1
7,8,0,2769,PUSH,-1,abcdflhejgoinpkm,4,1
7,8,1,2769,DEL_EXPLORED,-1
7,8,2,2769,DEL_CUTOFF,1
7,8,0,2770,DEL_EXPLORED,1
7,8,1,2770,PUSH,-4,bchdfpgenalikjom,-4,4,-1,1
7,8,2,2770,DEL_CUTOFF,-1
7,8,0,2771,DEL_CUTOFF,4
7,8,1,2771,PUSH,1,bchdfpgenlaikjom,-4,4,-1,1
7,8,2,2771,DEL_CUTOFF,4
7,8,0,2772,POP,-1,abcdflhejgoinpkm
7,8,1,2772,DEL_CUTOFF,1
7,8,2,2772,DEL_EXPLORED,-4
7,8,0,2773,PUSH,4,blcdfahejgoinpkm,-4,4,-1,1
7,8,1,2773,DEL_EXPLORED,-1
7,8,2,2773,POP,4,bchdglpefkaijnom
7,8,0,2774,DEL_CUTOFF,1
7,8,1,2774,DEL_CUTOFF,4
7,8,2,2774,PUSH,-4,bcadglhefkpijnom,4,-1,1
7,8,0,2775,DEL_CUTOFF,-1
7,8,1,2775,DEL_CUTOFF,-4
7,8,2,2775,DEL_CUTOFF,1
7,8,0,2776,DEL_CUTOFF,4
7,8,1,2776,POP,1,bchdfpgenlaikjom
7,8,2,2776,DEL_CUTOFF,-1
7,8,0,2777,DEL_EXPLORED,-4
7,8,1,2777,PUSH,-1,bchdfpgeanlikjom,-4,4,1
7,8,2,2777,DEL_EXPLORED,4
7,8,0,2778,POP,4,blcdfahejgoinpkm
7,8,1,2778,DEL_EXPLORED,1
7,8,2,2778,POP,-4,bcadglhefkpijnom
7,8,0,2779,POP,-1,bacdflhejgoinpkm
7,8,1,2779,DEL_CUTOFF,4
7,8,2,2779,POP,1,bchdglaefkpijnom
7,8,0,2780,DEL_EXPLORED,4
7,8,1,2780,DEL_CUTOFF,-4
7,8,2,2780,DEL_EXPLORED,-1
7,8,0,2781,POP,-4,bcadflhejgoinpkm
7,8,1,2781,POP,-1,bchdfpgeanlikjom
7,8,2,2781,PUSH,4,bchdgklefapijnom,-4,4,-1,1
7,8,0,2782,POP,1,bchdflaejgoinpkm
7,8,1,2782,DEL_EXPLORED,4
7,8,2,2782,PUSH,1,bchdgklefpaijnom,-4,4,-1,1
7,8,0,2783,PUSH,-1,bchdaflejgoinpkm,-4,4,1
7,8,1,2783,PUSH,-4,bchdfagenplikjom,-4,4,-1,1
7,8,2,2783,DEL_CUTOFF,1
7,8,0,2784,DEL_EXPLORED,1
7,8,1,2784,DEL_CUTOFF,1
7,8,2,2784,DEL_EXPLORED,-1
7,8,0,2785,PUSH,4,bchdjfleagoinpkm,-4,4,1
7,8,1,2785,DEL_CUTOFF,-1
7,8,2,2785,DEL_CUTOFF,4
7,8,0,2786,PUSH,1,bchdjflegaoinpkm,-4,4,-1,1
7,8,1,2786,DEL_EXPLORED,4
7,8,2,2786,DEL_CUTOFF,-4
7,8,0,2787,PUSH,1,bchdjflegoainpkm,-4,4,-1,1
7,8,1,2787,DEL_CUTOFF,-4
7,8,2,2787,POP,1,bchdgklefpaijnom
7,8,0,2788,DEL_CUTOFF,1
7,8,1,2788,POP,-4,bchdfagenplikjom
7,8,2,2788,PUSH,-1,bchdgkleafpijnom,-4,4,1
7,8,0,2789,DEL_EXPLORED,-1
7,8,1,2789,POP,-4,bchdfpgenalikjom
7,8,2,2789,DEL_EXPLORED,1
7,8,0,2790,DEL_CUTOFF,4
7,8,1,2790,POP,1,bchdfpgenjlikaom
7,8,2,2790,DEL_CUTOFF,4
7,8,0,2791,DEL_CUTOFF,-4
7,8,1,2791,DEL_EXPLORED,-4
7,8,2,2791,DEL_CUTOFF,-4
7,8,0,2792,POP,1,bchdjflegoainpkm
7,8,1,2792,POP,4,bchdfpgenjliakom
7,8,2,2792,POP,-1,bchdgkleafpijnom
7,8,0,2793,DEL_EXPLORED,-1
7,8,1,2793,PUSH,-4,bchdapgefjlinkom,-4,4,1
7,8,2,2793,PUSH,4,bchdgklefnpijaom,-4,-1,1
7,8,0,2794,PUSH,4,bchdjflegpoinakm,-4,-1,1
7,8,1,2794,PUSH,1,bchdpagefjlinkom,-4,4,-1,1
7,8,2,2794,DEL_CUTOFF,1
7,8,0,2795,DEL_CUTOFF,1
7,8,1,2795,PUSH,1,bchdpgaefjlinkom,-4,4,-1,1
7,8,2,2795,DEL_CUTOFF,-1
7,8,0,2796,DEL_CUTOFF,-1
7,8,1,2796,PUSH,1,bchdpgeafjlinkom,-4,4,-1
7,8,2,2796,DEL_EXPLORED,-4
7,8,0,2797,DEL_EXPLORED,-4
7,8,1,2797,DEL_EXPLORED,-1
7,8,2,2797,POP,4,bchdgklefnpijaom
7,8,0,2798,POP,4,bchdjflegpoinakm
7,8,1,2798,DEL_CUTOFF,4
7,8,2,2798,DEL_EXPLORED,-4
7,8,0,2799,PUSH,-4,bchdjalegfoinpkm,-4,4,-1,1
7,8,1,2799,DEL_CUTOFF,-4
7,8,2,2799,POP,4,bchdgklefapijnom
7,8,0,2800,DEL_CUTOFF,1
7,8,1,2800,POP,1,bchdpgeafjlinkom
7,8,2,2800,PUSH,-4,bahdgclefkpijnom,4,-1,1
7,8,0,2801,DEL_CUTOFF,-1
7,8,1,2801,DEL_EXPLORED,-1
7,8,2,2801,PUSH,1,bhadgclefkpijnom,4,-1,1
7,8,0,2802,DEL_EXPLORED,4
7,8,1,2802,PUSH,4,bchdpglefjainkom,-4,4,-1,1
7,8,2,2802,DEL_CUTOFF,1
7,8,0,2803,DEL_CUTOFF,-4
7,8,1,2803,DEL_CUTOFF,1
7,8,2,2803,DEL_EXPLORED,-1
7,8,0,2804,POP,-4,bchdjalegfoinpkm
7,8,1,2804,DEL_CUTOFF,-1
7,8,2,2804,DEL_CUTOFF,4
7,8,0,2805,POP,1,bchdjflegaoinpkm
7,8,1,2805,DEL_CUTOFF,4
7,8,2,2805,POP,1,bhadgclefkpijnom
7,8,0,2806,PUSH,4,bchdjflengoiapkm,-4,1
7,8,1,2806,DEL_EXPLORED,-4
7,8,2,2806,PUSH,-1,abhdgclefkpijnom,4,1
7,8,0,2807,PUSH,1,bchdjflengoipakm,-4,-1,1
7,8,1,2807,POP,4,bchdpglefjainkom
7,8,2,2807,DEL_EXPLORED,1
7,8,0,2808,DEL_CUTOFF,1
7,8,1,2808,PUSH,-4,bcadpghefjlinkom,4,-1,1
7,8,2,2808,DEL_CUTOFF,4
7,8,0,2809,DEL_EXPLORED,-1
7,8,1,2809,DEL_CUTOFF,1
7,8,2,2809,POP,-1,abhdgclefkpijnom
7,8,0,2810,DEL_CUTOFF,-4
7,8,1,2810,DEL_CUTOFF,-1
7,8,2,2810,DEL_EXPLORED,4
7,8,0,2811,POP,1,bchdjflengoipakm
7,8,1,2811,DEL_EXPLORED,4
7,8,2,2811,POP,-4,bahdgclefkpijnom
7,8,0,2812,DEL_EXPLORED,-4
7,8,1,2812,POP,-4,bcadpghefjlinkom
7,8,2,2812,POP,1,bchdgalefkpijnom
7,8,0,2813,POP,4,bchdjflengoiapkm
7,8,1,2813,POP,1,bchdpgaefjlinkom
7,8,2,2813,DEL_EXPLORED,4
7,8,0,2814,DEL_EXPLORED,-4
7,8,1,2814,DEL_EXPLORED,-1
7,8,2,2814,PUSH,-4,achdbglefkpijnom,4,1
7,8,0,2815,POP,4,bchdjfleagoinpkm
7,8,1,2815,PUSH,4,bchdpjgefalinkom,-4,4,-1,1
7,8,2,2815,PUSH,1,cahdbglefkpijnom,4,-1,1
7,8,0,2816,PUSH,-4,achdbflejgoinpkm,4,1
7,8,1,2816,PUSH,1,bchdpjgeflainkom,-4,4,-1,1
7,8,2,2816,PUSH,1,chadbglefkpijnom,4,-1,1
7,8,0,2817,PUSH,1,cahdbflejgoinpkm,4,-1,1
7,8,1,2817,DEL_CUTOFF,1
7,8,2,2817,DEL_CUTOFF,1
7,8,0,2818,PUSH,1,chadbflejgoinpkm,4,-1,1
7,8,1,2818,DEL_EXPLORED,-1
7,8,2,2818,DEL_EXPLORED,-1
7,8,0,2819,DEL_CUTOFF,1
7,8,1,2819,DEL_CUTOFF,4
7,8,2,2819,DEL_CUTOFF,4
7,8,0,2820,DEL_EXPLORED,-1
7,8,1,2820,DEL_CUTOFF,-4
7,8,2,2820,POP,1,chadbglefkpijnom
7,8,0,2821,DEL_CUTOFF,4
7,8,1,2821,POP,1,bchdpjgeflainkom
7,8,2,2821,DEL_EXPLORED,-1
7,8,0,2822,POP,1,chadbflejgoinpkm
7,8,1,2822,PUSH,-1,bchdpjgeaflinkom,-4,4,1
7,8,2,2822,PUSH,4,cghdbalefkpijnom,-4,4,-1,1
7,8,0,2823,DEL_EXPLORED,-1
7,8,1,2823,DEL_EXPLORED,1
7,8,2,2823,DEL_CUTOFF,1
7,8,0,2824,PUSH,4,cfhdbalejgoinpkm,-4,4,-1,1
7,8,1,2824,DEL_CUTOFF,4
7,8,2,2824,DEL_CUTOFF,-1
7,8,0,2825,DEL_CUTOFF,1
7,8,1,2825,DEL_CUTOFF,-4
7,8,2,2825,DEL_CUTOFF,4
7,8,0,2826,DEL_CUTOFF,-1
7,8,1,2826,POP,-1,bchdpjgeaflinkom
7,8,2,2826,DEL_EXPLORED,-4
7,8,0,2827,DEL_CUTOFF,4
7,8,1,2827,PUSH,4,bchdpjgefklinaom,-4,-1,1
7,8,2,2827,POP,4,cghdbalefkpijnom
7,8,0,2828,DEL_EXPLORED,-4
7,8,1,2828,DEL_CUTOFF,1
7,8,2,2828,POP,1,cahdbglefkpijnom
7,8,0,2829,POP,4,cfhdbalejgoinpkm
7,8,1,2829,DEL_CUTOFF,-1
7,8,2,2829,DEL_EXPLORED,4
7,8,0,2830,POP,1,cahdbflejgoinpkm
7,8,1,2830,DEL_EXPLORED,-4
7,8,2,2830,POP,-4,achdbglefkpijnom
7,8,0,2831,DEL_EXPLORED,4
7,8,1,2831,POP,4,bchdpjgefklinaom
7,8,2,2831,POP,-4,bchdaglefkpijnom
7,8,0,2832,POP,-4,achdbflejgoinpkm
7,8,1,2832,DEL_EXPLORED,-4
7,8,2,2832,POP,-4,bchdfgleakpijnom
7,8,0,2833,POP,-1,bchdaflejgoinpkm
7,8,1,2833,POP,4,bchdpjgefalinkom
7,8,2,2833,POP,-1,bchdfglejkpianom
7,8,0,2834,DEL_EXPLORED,4
7,8,1,2834,PUSH,-4,bahdpcgefjlinkom,4,-1,1
7,8,2,2834,DEL_EXPLORED,-4
7,8,0,2835,PUSH,-4,bahdfclejgoinpkm,4,-1,1
7,8,1,2835,PUSH,1,bhadpcgefjlinkom,4,-1,1
7,8,2,2835,POP,4,bchdfglejkpinaom
7,8,0,2836,PUSH,1,bhadfclejgoinpkm,4,-1,1
7,8,1,2836,DEL_CUTOFF,1
7,8,2,2836,PUSH,-4,bchdfalejgpinkom,-4,4,-1,1
7,8,0,2837,PUSH,1,bhdafclejgoinpkm,4,-1
7,8,1,2837,DEL_EXPLORED,-1
7,8,2,2837,PUSH,1,bchdflaejgpinkom,-4,4,-1,1
7,8,0,2838,DEL_EXPLORED,-1
7,8,1,2838,DEL_CUTOFF,4
7,8,2,2838,PUSH,1,bchdfleajgpinkom,-4,4,-1
7,8,0,2839,PUSH,4,bhdefclajgoinpkm,-4,4,-1
7,8,1,2839,POP,1,bhadpcgefjlinkom
7,8,2,2839,DEL_EXPLORED,-1
7,8,0,2840,DEL_CUTOFF,-1
7,8,1,2840,PUSH,-1,abhdpcgefjlinkom,4,1
7,8,2,2840,PUSH,4,bchdfleijgpankom,-4,4,-1
7,8,0,2841,DEL_CUTOFF,4
7,8,1,2841,DEL_EXPLORED,1
7,8,2,2841,PUSH,-1,bchdfleijgapnkom,-4,4,-1,1
7,8,0,2842,DEL_EXPLORED,-4
7,8,1,2842,DEL_CUTOFF,4
7,8,2,2842,DEL_EXPLORED,1
7,8,0,2843,POP,4,bhdefclajgoinpkm
7,8,1,2843,POP,-1,abhdpcgefjlinkom
7,8,2,2843,PUSH,-1,bchdfleijagpnkom,-4,4,-1,1
7,8,0,2844,POP,1,bhdafclejgoinpkm
7,8,1,2844,DEL_EXPLORED,4
7,8,2,2844,DEL_EXPLORED,1
7,8,0,2845,DEL_EXPLORED,-1
7,8,1,2845,POP,-4,bahdpcgefjlinkom
7,8,2,2845,PUSH,-1,bchdfleiajgpnkom,-4,4,1
7,8,0,2846,PUSH,4,bhldfcaejgoinpkm,-4,4,-1,1
7,8,1,2846,POP,1,bchdpagefjlinkom
7,8,2,2846,DEL_EXPLORED,1
7,8,0,2847,PUSH,1,bhldfceajgoinpkm,-4,4,-1
7,8,1,2847,DEL_EXPLORED,4
7,8,2,2847,DEL_CUTOFF,4
7,8,0,2848,DEL_EXPLORED,-1
7,8,1,2848,PUSH,-4,achdbpgefjlinkom,4,1
7,8,2,2848,DEL_CUTOFF,-4
7,8,0,2849,DEL_CUTOFF,4
7,8,1,2849,PUSH,1,cahdbpgefjlinkom,4,-1,1
7,8,2,2849,POP,-1,bchdfleiajgpnkom
7,8,0,2850,DEL_CUTOFF,-4
7,8,1,2850,PUSH,1,chadbpgefjlinkom,4,-1,1
7,8,2,2850,PUSH,4,bchdfleijkgpnaom,-4,-1,1
7,8,0,2851,POP,1,bhldfceajgoinpkm
7,8,1,2851,DEL_CUTOFF,1
7,8,2,2851,DEL_CUTOFF,1
7,8,0,2852,PUSH,-1,bhldfacejgoinpkm,-4,4,-1,1
7,8,1,2852,DEL_EXPLORED,-1
7,8,2,2852,DEL_CUTOFF,-1
7,8,0,2853,DEL_EXPLORED,1
7,8,1,2853,DEL_CUTOFF,4
7,8,2,2853,DEL_EXPLORED,-4
7,8,0,2854,DEL_CUTOFF,-1
7,8,1,2854,POP,1,chadbpgefjlinkom
7,8,2,2854,POP,4,bchdfleijkgpnaom
7,8,0,2855,DEL_CUTOFF,4
7,8,1,2855,DEL_EXPLORED,-1
7,8,2,2855,PUSH,-4,bchdfaeijlgpnkom,-4,4,-1,1
7,8,0,2856,DEL_CUTOFF,-4
7,8,1,2856,PUSH,4,cphdbagefjlinkom,-4,4,-1,1
7,8,2,2856,DEL_CUTOFF,1
7,8,0,2857,POP,-1,bhldfacejgoinpkm
7,8,1,2857,DEL_CUTOFF,1
7,8,2,2857,DEL_CUTOFF,-1
7,8,0,2858,PUSH,4,bhldfcoejgainpkm,-4,4,-1,1
7,8,1,2858,DEL_CUTOFF,-1
7,8,2,2858,DEL_EXPLORED,4
7,8,0,2859,DEL_CUTOFF,1
7,8,1,2859,DEL_CUTOFF,4
7,8,2,2859,DEL_CUTOFF,-4
7,8,0,2860,DEL_CUTOFF,-1
7,8,1,2860,DEL_EXPLORED,-4
7,8,2,2860,POP,-4,bchdfaeijlgpnkom
7,8,0,2861,DEL_CUTOFF,4
7,8,1,2861,POP,4,cphdbagefjlinkom
7,8,2,2861,POP,-1,bchdfleijagpnkom
7,8,0,2862,DEL_EXPLORED,-4
7,8,1,2862,POP,1,cahdbpgefjlinkom
7,8,2,2862,PUSH,4,bchdfleijgopnkam,-4,-1,1
7,8,0,2863,POP,4,bhldfcoejgainpkm
7,8,1,2863,DEL_EXPLORED,4
7,8,2,2863,PUSH,1,bchdfleijgopnkma,-4,-1
7,8,0,2864,DEL_EXPLORED,-4
7,8,1,2864,POP,-4,achdbpgefjlinkom
7,8,2,2864,DEL_EXPLORED,-1
7,8,0,2865,POP,4,bhldfcaejgoinpkm
7,8,1,2865,POP,-4,bchdapgefjlinkom
7,8,2,2865,DEL_CUTOFF,-4
7,8,0,2866,POP,1,bhadfclejgoinpkm
7,8,1,2866,POP,-1,bchdfpgeajlinkom
7,8,2,2866,POP,1,bchdfleijgopnkma
7,8,0,2867,PUSH,-1,abhdfclejgoinpkm,4,1
7,8,1,2867,PUSH,4,bchdfpgejklinaom,-4,-1,1
7,8,2,2867,PUSH,-1,bchdfleijgopnakm,-4,-1,1
7,8,0,2868,DEL_EXPLORED,1
7,8,1,2868,PUSH,1,bchdfpgejklinoam,-4,-1,1
7,8,2,2868,DEL_EXPLORED,1
7,8,0,2869,PUSH,4,fbhdaclejgoinpkm,-4,4,1
7,8,1,2869,PUSH,1,bchdfpgejklinoma,-4,-1
7,8,2,2869,DEL_CUTOFF,-1
7,8,0,2870,PUSH,1,fbhdcalejgoinpkm,-4,4,-1,1
7,8,1,2870,DEL_EXPLORED,-1
7,8,2,2870,DEL_CUTOFF,-4
7,8,0,2871,DEL_CUTOFF,1
7,8,1,2871,PUSH,-4,bchdfpgejklanomi,-4,4,-1
7,8,2,2871,POP,-1,bchdfleijgopnakm
7,8,0,2872,DEL_EXPLORED,-1
7,8,1,2872,PUSH,-1,bchdfpgejkalnomi,-4,4,-1,1
7,8,2,2872,DEL_EXPLORED,-4
7,8,0,2873,DEL_CUTOFF,4
7,8,1,2873,DEL_EXPLORED,1
7,8,2,2873,POP,4,bchdfleijgopnkam
7,8,0,2874,DEL_CUTOFF,-4
7,8,1,2874,DEL_CUTOFF,-1
7,8,2,2874,PUSH,-4,bchdflaijgepnkom,-4,4,-1,1
7,8,0,2875,POP,1,fbhdcalejgoinpkm
7,8,1,2875,DEL_CUTOFF,4
7,8,2,2875,PUSH,1,bchdfliajgepnkom,-4,4,-1
7,8,0,2876,PUSH,4,fbhdjcleagoinpkm,-4,4,1
7,8,1,2876,DEL_CUTOFF,-4
7,8,2,2876,DEL_EXPLORED,-1
7,8,0,2877,DEL_CUTOFF,1
7,8,1,2877,POP,-1,bchdfpgejkalnomi
7,8,2,2877,DEL_CUTOFF,4
7,8,0,2878,DEL_CUTOFF,4
7,8,1,2878,DEL_EXPLORED,4
7,8,2,2878,DEL_CUTOFF,-4
7,8,0,2879,DEL_EXPLORED,-4
7,8,1,2879,PUSH,-4,bchdfpgajklenomi,-4,4,-1
7,8,2,2879,POP,1,bchdfliajgepnkom
7,8,0,2880,POP,4,fbhdjcleagoinpkm
7,8,1,2880,DEL_CUTOFF,-1
7,8,2,2880,PUSH,-1,bchdfalijgepnkom,-4,4,-1,1
7,8,0,2881,DEL_EXPLORED,-4
7,8,1,2881,DEL_EXPLORED,4
7,8,2,2881,DEL_EXPLORED,1
7,8,0,2882,POP,4,fbhdaclejgoinpkm
7,8,1,2882,DEL_CUTOFF,-4
7,8,2,2882,DEL_CUTOFF,-1
7,8,0,2883,POP,-1,abhdfclejgoinpkm
7,8,1,2883,POP,-4,bchdfpgajklenomi
7,8,2,2883,DEL_CUTOFF,4
7,8,0,2884,DEL_EXPLORED,4
7,8,1,2884,POP,-4,bchdfpgejklanomi
7,8,2,2884,DEL_CUTOFF,-4
7,8,0,2885,POP,-4,bahdfclejgoinpkm
7,8,1,2885,POP,1,bchdfpgejklinoma
7,8,2,2885,POP,-1,bchdfalijgepnkom
7,8,0,2886,POP,-4,bchdfalejgoinpkm
7,8,1,2886,DEL_EXPLORED,-1
7,8,2,2886,DEL_EXPLORED,4
7,8,0,2887,POP,-4,bchdfglejaoinpkm
7,8,1,2887,PUSH,-4,bchdfpgejkainolm,-4,4,-1,1
7,8,2,2887,PUSH,-4,bcadflhijgepnkom,4,-1,1
7,8,0,2888,POP,-1,bchdfglejpoinakm
7,8,1,2888,PUSH,1,bchdfpgejkianolm,-4,4,-1
7,8,2,2888,DEL_CUTOFF,1
7,8,0,2889,DEL_EXPLORED,-4
7,8,1,2889,DEL_EXPLORED,-1
7,8,2,2889,DEL_CUTOFF,-1
7,8,0,2890,POP,4,bchdfglejpoinkam
7,8,1,2890,PUSH,4,bchdfpgejkimnola,-4,-1
7,8,2,2890,DEL_EXPLORED,4
7,8,0,2891,POP,0,bchdfglejpainkom
7,8,1,2891,DEL_CUTOFF,-1
7,8,2,2891,POP,-4,bcadflhijgepnkom
7,8,1,2892,DEL_EXPLORED,-4
7,8,2,2892,POP,-4,bchdflaijgepnkom
7,8,1,2893,POP,4,bchdfpgejkimnola
7,8,2,2893,POP,-1,bchdfleijgapnkom
7,8,1,2894,PUSH,-4,bchdfpgajkienolm,-4,4,-1
7,8,2,2894,PUSH,4,bchdfleijgpmnkoa,-4,-1
7,8,1,2895,DEL_CUTOFF,-1
7,8,2,2895,PUSH,-1,bchdfleijgpmnkao,-4,-1,1
7,8,1,2896,DEL_EXPLORED,4
7,8,2,2896,DEL_EXPLORED,1
7,8,1,2897,DEL_CUTOFF,-4
7,8,2,2897,PUSH,-1,bchdfleijgpmnako,-4,-1,1
7,8,1,2898,POP,-4,bchdfpgajkienolm
7,8,2,2898,DEL_EXPLORED,1
7,8,1,2899,POP,1,bchdfpgejkianolm
7,8,2,2899,DEL_CUTOFF,-1
7,8,1,2900,PUSH,-1,bchdfpgejakinolm,-4,4,-1,1
7,8,2,2900,DEL_CUTOFF,-4
7,8,1,2901,DEL_EXPLORED,1
7,8,2,2901,POP,-1,bchdfleijgpmnako
7,8,1,2902,PUSH,-1,bchdfpgeajkinolm,-4,4,1
7,8,2,2902,PUSH,-4,bchdfleijgamnkpo,-4,4,-1,1
7,8,1,2903,DEL_EXPLORED,1
7,8,2,2903,DEL_CUTOFF,1
7,8,1,2904,DEL_CUTOFF,4
7,8,2,2904,DEL_CUTOFF,-1
7,8,1,2905,DEL_CUTOFF,-4
7,8,2,2905,DEL_EXPLORED,4
7,8,1,2906,POP,-1,bchdfpgeajkinolm
7,8,2,2906,DEL_CUTOFF,-4
7,8,1,2907,PUSH,4,bchdfpgejokinalm,-4,-1,1
7,8,2,2907,POP,-4,bchdfleijgamnkpo
7,8,1,2908,DEL_CUTOFF,1
7,8,2,2908,POP,-1,bchdfleijgpmnkao
7,8,1,2909,DEL_CUTOFF,-1
7,8,2,2909,DEL_EXPLORED,-4
7,8,1,2910,DEL_EXPLORED,-4
7,8,2,2910,POP,4,bchdfleijgpmnkoa
7,8,1,2911,POP,4,bchdfpgejokinalm
7,8,2,2911,DEL_EXPLORED,-4
7,8,1,2912,PUSH,-4,bchdfagejpkinolm,-4,4,-1,1
7,8,2,2912,POP,4,bchdfleijgpankom
7,8,1,2913,DEL_CUTOFF,1
7,8,2,2913,PUSH,-4,bchafledjgpinkom,4,-1
7,8,1,2914,DEL_CUTOFF,-1
7,8,2,2914,PUSH,-1,bcahfledjgpinkom,4,-1,1
7,8,1,2915,DEL_EXPLORED,4
7,8,2,2915,DEL_EXPLORED,1
7,8,1,2916,DEL_CUTOFF,-4
7,8,2,2916,PUSH,-1,bachfledjgpinkom,4,-1,1
7,8,1,2917,POP,-4,bchdfagejpkinolm
7,8,2,2917,DEL_EXPLORED,1
7,8,1,2918,POP,-1,bchdfpgejakinolm
7,8,2,2918,PUSH,-1,abchfledjgpinkom,4,1
7,8,1,2919,DEL_EXPLORED,4
7,8,2,2919,DEL_EXPLORED,1
7,8,1,2920,PUSH,-4,bchdfpaejkginolm,-4,4,-1,1
7,8,2,2920,DEL_CUTOFF,4
7,8,1,2921,PUSH,1,bchdfpeajkginolm,-4,4,-1
7,8,2,2921,POP,-1,abchfledjgpinkom
7,8,1,2922,DEL_EXPLORED,-1
7,8,2,2922,PUSH,4,blchfaedjgpinkom,-4,4,-1,1
7,8,1,2923,DEL_CUTOFF,4
7,8,2,2923,DEL_CUTOFF,1
7,8,1,2924,DEL_CUTOFF,-4
7,8,2,2924,DEL_CUTOFF,-1
7,8,1,2925,POP,1,bchdfpeajkginolm
7,8,2,2925,DEL_CUTOFF,4
7,8,1,2926,PUSH,-1,bchdfapejkginolm,-4,4,-1,1
7,8,2,2926,DEL_EXPLORED,-4
7,8,1,2927,DEL_EXPLORED,1
7,8,2,2927,POP,4,blchfaedjgpinkom
7,8,1,2928,DEL_CUTOFF,-1
7,8,2,2928,POP,-1,bachfledjgpinkom
7,8,1,2929,DEL_CUTOFF,4
7,8,2,2929,PUSH,4,bcehfladjgpinkom,-4,4,-1,1
7,8,1,2930,DEL_CUTOFF,-4
7,8,2,2930,PUSH,1,bcehfldajgpinkom,-4,4,-1
7,8,1,2931,POP,-1,bchdfapejkginolm
7,8,2,2931,DEL_EXPLORED,-1
7,8,1,2932,DEL_EXPLORED,4
7,8,2,2932,DEL_CUTOFF,4
7,8,1,2933,PUSH,-4,bcadfphejkginolm,4,-1,1
7,8,2,2933,DEL_CUTOFF,-4
7,8,1,2934,DEL_CUTOFF,1
7,8,2,2934,POP,1,bcehfldajgpinkom
7,8,1,2935,DEL_CUTOFF,-1
7,8,2,2935,PUSH,-1,bcehfaldjgpinkom,-4,4,-1,1
7,8,1,2936,DEL_EXPLORED,4
7,8,2,2936,DEL_EXPLORED,1
7,8,1,2937,POP,-4,bcadfphejkginolm
7,8,2,2937,DEL_CUTOFF,-1
7,8,1,2938,POP,-4,bchdfpaejkginolm
7,8,2,2938,DEL_CUTOFF,4
7,8,1,2939,POP,-4,bchdfpgejkainolm
7,8,2,2939,DEL_CUTOFF,-4
7,8,1,2940,POP,1,bchdfpgejklinoam
7,8,2,2940,POP,-1,bcehfaldjgpinkom
7,8,1,2941,PUSH,-1,bchdfpgejklianom,-4,1
7,8,2,2941,PUSH,4,bcehflpdjgainkom,-4,4,-1,1
7,8,1,2942,DEL_EXPLORED,1
7,8,2,2942,DEL_CUTOFF,1
7,8,1,2943,PUSH,-4,bchdfpgeaklijnom,-4,4,1
7,8,2,2943,DEL_CUTOFF,-1
7,8,1,2944,PUSH,1,bchdfpgekalijnom,-4,4,-1,1
7,8,2,2944,DEL_CUTOFF,4
7,8,1,2945,PUSH,1,bchdfpgeklaijnom,-4,4,-1,1
7,8,2,2945,DEL_EXPLORED,-4
7,8,1,2946,DEL_CUTOFF,1
7,8,2,2946,POP,4,bcehflpdjgainkom
7,8,1,2947,DEL_EXPLORED,-1
7,8,2,2947,DEL_EXPLORED,-4
7,8,1,2948,DEL_CUTOFF,4
7,8,2,2948,POP,4,bcehfladjgpinkom
7,8,1,2949,DEL_CUTOFF,-4
7,8,2,2949,POP,-1,bcahfledjgpinkom
7,8,1,2950,POP,1,bchdfpgeklaijnom
7,8,2,2950,DEL_EXPLORED,4
7,8,1,2951,DEL_EXPLORED,-1
7,8,2,2951,POP,-4,bchafledjgpinkom
7,8,1,2952,PUSH,4,bchdfpgeknlijaom,-4,-1,1
7,8,2,2952,POP,1,bchdfleajgpinkom
7,8,1,2953,DEL_CUTOFF,1
7,8,2,2953,DEL_EXPLORED,-1
7,8,1,2954,DEL_CUTOFF,-1
7,8,2,2954,PUSH,4,bchdflpejgainkom,-4,4,-1,1
7,8,1,2955,DEL_EXPLORED,-4
7,8,2,2955,PUSH,1,bchdflpejgiankom,-4,4,-1
7,8,1,2956,POP,4,bchdfpgeknlijaom
7,8,2,2956,DEL_EXPLORED,-1
7,8,1,2957,PUSH,-4,bchdfagekplijnom,-4,4,-1,1
7,8,2,2957,PUSH,4,bchdflpejgimnkoa,-4,-1
7,8,1,2958,DEL_CUTOFF,1
7,8,2,2958,PUSH,-1,bchdflpejgimnkao,-4,-1,1
7,8,1,2959,DEL_CUTOFF,-1
7,8,2,2959,DEL_EXPLORED,1
7,8,1,2960,DEL_EXPLORED,4
7,8,2,2960,PUSH,-1,bchdflpejgimnako,-4,-1,1
7,8,1,2961,DEL_CUTOFF,-4
7,8,2,2961,DEL_EXPLORED,1
7,8,1,2962,POP,-4,bchdfagekplijnom
7,8,2,2962,DEL_CUTOFF,-1
7,8,1,2963,POP,1,bchdfpgekalijnom
7,8,2,2963,DEL_CUTOFF,-4
7,8,1,2964,DEL_EXPLORED,4
7,8,2,2964,POP,-1,bchdflpejgimnako
7,8,1,2965,PUSH,-4,bchdapgefklijnom,-4,4,1
7,8,2,2965,PUSH,-4,bchdflpejgamnkio,-4,4,-1,1
7,8,1,2966,PUSH,1,bchdpagefklijnom,-4,4,-1,1
7,8,2,2966,DEL_CUTOFF,1
7,8,1,2967,DEL_CUTOFF,1
7,8,2,2967,DEL_CUTOFF,-1
7,8,1,2968,DEL_EXPLORED,-1
7,8,2,2968,DEL_EXPLORED,4
7,8,1,2969,DEL_CUTOFF,4
7,8,2,2969,DEL_CUTOFF,-4
7,8,1,2970,DEL_CUTOFF,-4
7,8,2,2970,POP,-4,bchdflpejgamnkio
7,8,1,2971,POP,1,bchdpagefklijnom
7,8,2,2971,POP,-1,bchdflpejgimnkao
7,8,1,2972,DEL_EXPLORED,4
7,8,2,2972,DEL_EXPLORED,-4
7,8,1,2973,PUSH,-4,achdbpgefklijnom,4,1
7,8,2,2973,POP,4,bchdflpejgimnkoa
7,8,1,2974,DEL_CUTOFF,1
7,8,2,2974,PUSH,-4,bchdflpajgienkom,-4,4,-1
7,8,1,2975,DEL_EXPLORED,4
7,8,2,2975,PUSH,-1,bchdflapjgienkom,-4,4,-1,1
7,8,1,2976,POP,-4,achdbpgefklijnom
7,8,2,2976,DEL_EXPLORED,1
7,8,1,2977,POP,-4,bchdapgefklijnom
7,8,2,2977,PUSH,-1,bchdfalpjgienkom,-4,4,-1,1
7,8,1,2978,POP,-4,bchdfpgeaklijnom
7,8,2,2978,DEL_EXPLORED,1
7,8,1,2979,POP,-1,bchdfpgejklianom
7,8,2,2979,DEL_CUTOFF,-1
7,8,1,2980,DEL_EXPLORED,-4
7,8,2,2980,DEL_CUTOFF,4
7,8,1,2981,POP,4,bchdfpgejklinaom
7,8,2,2981,DEL_CUTOFF,-4
7,8,1,2982,DEL_EXPLORED,-4
7,8,2,2982,POP,-1,bchdfalpjgienkom
7,8,1,2983,POP,4,bchdfpgejalinkom
7,8,2,2983,PUSH,4,bchdflipjgaenkom,-4,4,-1,1
7,8,1,2984,PUSH,-4,bahdfcgejplinkom,4,-1,1
7,8,2,2984,DEL_CUTOFF,1
7,8,1,2985,PUSH,1,bhadfcgejplinkom,4,-1,1
7,8,2,2985,DEL_CUTOFF,-1
7,8,1,2986,PUSH,1,bhdafcgejplinkom,4,-1
7,8,2,2986,DEL_CUTOFF,4
7,8,1,2987,DEL_EXPLORED,-1
7,8,2,2987,DEL_EXPLORED,-4
7,8,1,2988,PUSH,4,bhdefcgajplinkom,-4,4,-1
7,8,2,2988,POP,4,bchdflipjgaenkom
7,8,1,2989,PUSH,-1,bhdefcagjplinkom,-4,4,-1,1
7,8,2,2989,PUSH,-4,bcadflhpjgienkom,4,-1,1
7,8,1,2990,DEL_EXPLORED,1
7,8,2,2990,DEL_CUTOFF,1
7,8,1,2991,PUSH,-1,bhdefacgjplinkom,-4,4,-1,1
7,8,2,2991,DEL_CUTOFF,-1
7,8,1,2992,DEL_EXPLORED,1
7,8,2,2992,DEL_EXPLORED,4
7,8,1,2993,DEL_CUTOFF,-1
7,8,2,2993,POP,-4,bcadflhpjgienkom
7,8,1,2994,DEL_CUTOFF,4
7,8,2,2994,POP,-1,bchdflapjgienkom
7,8,1,2995,DEL_CUTOFF,-4
7,8,2,2995,DEL_EXPLORED,4
7,8,1,2996,POP,-1,bhdefacgjplinkom
7,8,2,2996,PUSH,-4,bchaflpdjgienkom,4,-1
7,8,1,2997,PUSH,4,bhdefclgjpainkom,-4,4,-1,1
7,8,2,2997,PUSH,-1,bcahflpdjgienkom,4,-1,1
7,8,1,2998,DEL_CUTOFF,1
7,8,2,2998,DEL_EXPLORED,1
7,8,1,2999,DEL_CUTOFF,-1
7,8,2,2999,DEL_CUTOFF,-1
7,8,1,3000,DEL_CUTOFF,4
7,8,2,3000,DEL_CUTOFF,4
7,8,1,3001,DEL_EXPLORED,-4
7,8,2,3001,POP,-1,bcahflpdjgienkom
7,8,1,3002,POP,4,bhdefclgjpainkom
7,8,2,3002,DEL_EXPLORED,4
7,8,1,3003,PUSH,-4,bhaefcdgjplinkom,4,-1,1
7,8,2,3003,POP,-4,bchaflpdjgienkom
7,8,1,3004,DEL_CUTOFF,1
7,8,2,3004,POP,-4,bchdflpajgienkom
7,8,1,3005,DEL_CUTOFF,-1
7,8,2,3005,POP,1,bchdflpejgiankom
7,8,1,3006,DEL_EXPLORED,4
7,8,2,3006,PUSH,-1,bchdflpejaginkom,-4,4,-1,1
7,8,1,3007,POP,-4,bhaefcdgjplinkom
7,8,2,3007,DEL_EXPLORED,1
7,8,1,3008,POP,-1,bhdefcagjplinkom
7,8,2,3008,PUSH,-1,bchdflpeajginkom,-4,4,1
7,8,1,3009,PUSH,4,bhdefcgijplankom,-4,4,-1
7,8,2,3009,DEL_EXPLORED,1
7,8,1,3010,PUSH,-1,bhdefcgijpalnkom,-4,4,-1,1
7,8,2,3010,PUSH,4,bchdflpenjgiakom,-4,1
7,8,1,3011,DEL_EXPLORED,1
7,8,2,3011,PUSH,1,bchdflpenjgikaom,-4,-1,1
7,8,1,3012,DEL_CUTOFF,-1
7,8,2,3012,DEL_CUTOFF,1
7,8,1,3013,DEL_CUTOFF,4
7,8,2,3013,DEL_EXPLORED,-1
7,8,1,3014,DEL_CUTOFF,-4
7,8,2,3014,DEL_CUTOFF,-4
7,8,1,3015,POP,-1,bhdefcgijpalnkom
7,8,2,3015,POP,1,bchdflpenjgikaom
7,8,1,3016,PUSH,4,bhdefcgijplmnkoa,-4,-1
7,8,2,3016,DEL_EXPLORED,-4
7,8,1,3017,DEL_CUTOFF,-1
7,8,2,3017,POP,4,bchdflpenjgiakom
7,8,1,3018,DEL_EXPLORED,-4
7,8,2,3018,PUSH,-4,bchdalpefjginkom,-4,4,1
7,8,1,3019,POP,4,bhdefcgijplmnkoa
7,8,2,3019,PUSH,1,bchdlapefjginkom,-4,4,-1,1
7,8,1,3020,DEL_EXPLORED,-4
7,8,2,3020,DEL_CUTOFF,1
7,8,1,3021,POP,4,bhdefcgijplankom
7,8,2,3021,DEL_EXPLORED,-1
7,8,1,3022,DEL_EXPLORED,-4
7,8,2,3022,DEL_CUTOFF,4
7,8,1,3023,POP,4,bhdefcgajplinkom
7,8,2,3023,DEL_CUTOFF,-4
7,8,1,3024,POP,1,bhdafcgejplinkom
7,8,2,3024,POP,1,bchdlapefjginkom
7,8,1,3025,DEL_EXPLORED,-1
7,8,2,3025,DEL_EXPLORED,4
7,8,1,3026,PUSH,4,bhgdfcaejplinkom,-4,4,-1,1
7,8,2,3026,PUSH,-4,achdblpefjginkom,4,1
7,8,1,3027,PUSH,1,bhgdfceajplinkom,-4,4,-1
7,8,2,3027,DEL_CUTOFF,1
7,8,1,3028,DEL_EXPLORED,-1
7,8,2,3028,DEL_EXPLORED,4
7,8,1,3029,PUSH,4,bhgdfceijplankom,-4,4,-1
7,8,2,3029,POP,-4,achdblpefjginkom
7,8,1,3030,PUSH,-1,bhgdfceijpalnkom,-4,4,-1,1
7,8,2,3030,POP,-4,bchdalpefjginkom
7,8,1,3031,DEL_EXPLORED,1
7,8,2,3031,POP,-1,bchdflpeajginkom
7,8,1,3032,DEL_CUTOFF,-1
7,8,2,3032,PUSH,4,bchdflpejkginaom,-4,-1,1
7,8,1,3033,DEL_CUTOFF,4
7,8,2,3033,PUSH,1,bchdflpejkginoam,-4,-1,1
7,8,1,3034,DEL_CUTOFF,-4
7,8,2,3034,PUSH,1,bchdflpejkginoma,-4,-1
7,8,1,3035,POP,-1,bhgdfceijpalnkom
7,8,2,3035,DEL_EXPLORED,-1
7,8,1,3036,PUSH,4,bhgdfceijplmnkoa,-4,-1
7,8,2,3036,DEL_CUTOFF,-4
7,8,1,3037,DEL_CUTOFF,-1
7,8,2,3037,POP,1,bchdflpejkginoma
7,8,1,3038,DEL_EXPLORED,-4
7,8,2,3038,DEL_EXPLORED,-1
7,8,1,3039,POP,4,bhgdfceijplmnkoa
7,8,2,3039,PUSH,-4,bchdflpejkainogm,-4,4,-1,1
7,8,1,3040,DEL_EXPLORED,-4
7,8,2,3040,DEL_CUTOFF,1
7,8,1,3041,POP,4,bhgdfceijplankom
7,8,2,3041,DEL_CUTOFF,-1
7,8,1,3042,PUSH,-4,bhgafcedjplinkom,4,-1
7,8,2,3042,DEL_EXPLORED,4
7,8,1,3043,PUSH,-1,bhagfcedjplinkom,4,-1,1
7,8,2,3043,DEL_CUTOFF,-4
7,8,1,3044,DEL_EXPLORED,1
7,8,2,3044,POP,-4,bchdflpejkainogm
7,8,1,3045,DEL_CUTOFF,-1
7,8,2,3045,POP,1,bchdflpejkginoam
7,8,1,3046,DEL_CUTOFF,4
7,8,2,3046,PUSH,-1,bchdflpejkgianom,-4,1
7,8,1,3047,POP,-1,bhagfcedjplinkom
7,8,2,3047,DEL_EXPLORED,1
7,8,1,3048,DEL_EXPLORED,4
7,8,2,3048,PUSH,-4,bchdflpeakgijnom,-4,4,1
7,8,1,3049,POP,-4,bhgafcedjplinkom
7,8,2,3049,DEL_CUTOFF,1
7,8,1,3050,POP,1,bhgdfceajplinkom
7,8,2,3050,DEL_EXPLORED,4
7,8,1,3051,PUSH,-1,bhgdfacejplinkom,-4,4,-1,1
7,8,2,3051,DEL_CUTOFF,-4
7,8,1,3052,DEL_EXPLORED,1
7,8,2,3052,POP,-4,bchdflpeakgijnom
7,8,1,3053,PUSH,-1,bhgdafcejplinkom,-4,4,1
7,8,2,3053,POP,-1,bchdflpejkgianom
7,8,1,3054,DEL_EXPLORED,1
7,8,2,3054,DEL_EXPLORED,-4
7,8,1,3055,PUSH,4,bhgdjfceaplinkom,-4,4,1
7,8,2,3055,POP,4,bchdflpejkginaom
7,8,1,3056,DEL_CUTOFF,1
7,8,2,3056,PUSH,-4,bchdfapejlginkom,-4,4,-1,1
7,8,1,3057,DEL_CUTOFF,4
7,8,2,3057,PUSH,1,bchdfpaejlginkom,-4,4,-1,1
7,8,1,3058,DEL_EXPLORED,-4
7,8,2,3058,PUSH,1,bchdfpeajlginkom,-4,4,-1
7,8,1,3059,POP,4,bhgdjfceaplinkom
7,8,2,3059,DEL_EXPLORED,-1
7,8,1,3060,PUSH,-4,ahgdbfcejplinkom,4,1
7,8,2,3060,DEL_CUTOFF,4
7,8,1,3061,DEL_CUTOFF,1
7,8,2,3061,DEL_CUTOFF,-4
7,8,1,3062,DEL_EXPLORED,4
7,8,2,3062,POP,1,bchdfpeajlginkom
7,8,1,3063,POP,-4,ahgdbfcejplinkom
7,8,2,3063,DEL_EXPLORED,-1
7,8,1,3064,POP,-1,bhgdafcejplinkom
7,8,2,3064,PUSH,4,bchdfpgejlainkom,-4,4,-1,1
7,8,1,3065,PUSH,4,bhgdfpcejalinkom,-4,4,-1,1
7,8,2,3065,DEL_CUTOFF,1
7,8,1,3066,PUSH,1,bhgdfpcejlainkom,-4,4,-1,1
7,8,2,3066,DEL_CUTOFF,-1
7,8,1,3067,DEL_CUTOFF,1
7,8,2,3067,DEL_CUTOFF,4
7,8,1,3068,DEL_EXPLORED,-1
7,8,2,3068,DEL_EXPLORED,-4
7,8,1,3069,DEL_CUTOFF,4
7,8,2,3069,POP,4,bchdfpgejlainkom
7,8,1,3070,DEL_CUTOFF,-4
7,8,2,3070,PUSH,-4,bcadfphejlginkom,4,-1,1
7,8,1,3071,POP,1,bhgdfpcejlainkom
7,8,2,3071,DEL_CUTOFF,1
7,8,1,3072,PUSH,-1,bhgdfpceajlinkom,-4,4,1
7,8,2,3072,DEL_CUTOFF,-1
7,8,1,3073,DEL_EXPLORED,1
7,8,2,3073,DEL_EXPLORED,4
7,8,1,3074,DEL_CUTOFF,4
7,8,2,3074,POP,-4,bcadfphejlginkom
7,8,1,3075,DEL_CUTOFF,-4
7,8,2,3075,POP,1,bchdfpaejlginkom
7,8,1,3076,POP,-1,bhgdfpceajlinkom
7,8,2,3076,PUSH,-1,bchdafpejlginkom,-4,4,1
7,8,1,3077,PUSH,4,bhgdfpcejklinaom,-4,-1,1
7,8,2,3077,DEL_EXPLORED,1
7,8,1,3078,DEL_CUTOFF,1
7,8,2,3078,PUSH,4,bchdjfpealginkom,-4,4,1
7,8,1,3079,DEL_CUTOFF,-1
7,8,2,3079,DEL_CUTOFF,1
7,8,1,3080,DEL_EXPLORED,-4
7,8,2,3080,DEL_CUTOFF,4
7,8,1,3081,POP,4,bhgdfpcejklinaom
7,8,2,3081,DEL_EXPLORED,-4
7,8,1,3082,DEL_EXPLORED,-4
7,8,2,3082,POP,4,bchdjfpealginkom
7,8,1,3083,POP,4,bhgdfpcejalinkom
7,8,2,3083,PUSH,-4,achdbfpejlginkom,4,1
7,8,1,3084,PUSH,-4,bagdfhcejplinkom,4,-1,1
7,8,2,3084,DEL_CUTOFF,1
7,8,1,3085,PUSH,1,bgadfhcejplinkom,4,-1,1
7,8,2,3085,DEL_EXPLORED,4
7,8,1,3086,DEL_CUTOFF,1
7,8,2,3086,POP,-4,achdbfpejlginkom
7,8,1,3087,DEL_EXPLORED,-1
7,8,2,3087,POP,-1,bchdafpejlginkom
7,8,1,3088,DEL_CUTOFF,4
7,8,2,3088,DEL_EXPLORED,4
7,8,1,3089,POP,1,bgadfhcejplinkom
7,8,2,3089,PUSH,-4,bahdfcpejlginkom,4,-1,1
7,8,1,3090,PUSH,-1,abgdfhcejplinkom,4,1
7,8,2,3090,PUSH,1,bhadfcpejlginkom,4,-1,1
7,8,1,3091,DEL_EXPLORED,1
7,8,2,3091,DEL_CUTOFF,1
7,8,1,3092,DEL_CUTOFF,4
7,8,2,3092,DEL_EXPLORED,-1
7,8,1,3093,POP,-1,abgdfhcejplinkom
7,8,2,3093,DEL_CUTOFF,4
7,8,1,3094,DEL_EXPLORED,4
7,8,2,3094,POP,1,bhadfcpejlginkom
7,8,1,3095,POP,-4,bagdfhcejplinkom
7,8,2,3095,PUSH,-1,abhdfcpejlginkom,4,1
7,8,1,3096,POP,-1,bhgdfacejplinkom
7,8,2,3096,DEL_EXPLORED,1
7,8,1,3097,PUSH,4,bhgdfclejpainkom,-4,4,-1,1
7,8,2,3097,DEL_CUTOFF,4
7,8,1,3098,PUSH,1,bhgdfclejpiankom,-4,4,-1
7,8,2,3098,POP,-1,abhdfcpejlginkom
7,8,1,3099,DEL_EXPLORED,-1
7,8,2,3099,DEL_EXPLORED,4
7,8,1,3100,PUSH,4,bhgdfclejpimnkoa,-4,-1
7,8,2,3100,POP,-4,bahdfcpejlginkom
7,8,1,3101,DEL_CUTOFF,-1
7,8,2,3101,POP,-4,bchdfapejlginkom
7,8,1,3102,DEL_EXPLORED,-4
7,8,2,3102,POP,-1,bchdflpejaginkom
7,8,1,3103,POP,4,bhgdfclejpimnkoa
7,8,2,3103,PUSH,4,bchdflpejgoinkam,-4,-1,1
7,8,1,3104,PUSH,-4,bhgdfclajpienkom,-4,4,-1
7,8,2,3104,PUSH,1,bchdflpejgoinkma,-4,-1
7,8,1,3105,DEL_CUTOFF,-1
7,8,2,3105,DEL_EXPLORED,-1
7,8,1,3106,DEL_EXPLORED,4
7,8,2,3106,PUSH,-4,bchdflpejgoankmi,-4,4,-1
7,8,1,3107,DEL_CUTOFF,-4
7,8,2,3107,PUSH,-1,bchdflpejgaonkmi,-4,4,-1,1
7,8,1,3108,POP,-4,bhgdfclajpienkom
7,8,2,3108,DEL_EXPLORED,1
7,8,1,3109,POP,1,bhgdfclejpiankom
7,8,2,3109,DEL_CUTOFF,-1
7,8,1,3110,PUSH,-1,bhgdfclejapinkom,-4,4,-1,1
7,8,2,3110,DEL_CUTOFF,4
7,8,1,3111,DEL_EXPLORED,1
7,8,2,3111,DEL_CUTOFF,-4
7,8,1,3112,PUSH,-1,bhgdfcleajpinkom,-4,4,1
7,8,2,3112,POP,-1,bchdflpejgaonkmi
7,8,1,3113,DEL_EXPLORED,1
7,8,2,3113,DEL_EXPLORED,4
7,8,1,3114,DEL_CUTOFF,4
7,8,2,3114,PUSH,-4,bchdflpajgoenkmi,-4,4,-1
7,8,1,3115,DEL_CUTOFF,-4
7,8,2,3115,DEL_CUTOFF,-1
7,8,1,3116,POP,-1,bhgdfcleajpinkom
7,8,2,3116,DEL_EXPLORED,4
7,8,1,3117,PUSH,4,bhgdfclejkpinaom,-4,-1,1
7,8,2,3117,DEL_CUTOFF,-4
7,8,1,3118,DEL_CUTOFF,1
7,8,2,3118,POP,-4,bchdflpajgoenkmi
7,8,1,3119,DEL_CUTOFF,-1
7,8,2,3119,POP,-4,bchdflpejgoankmi
7,8,1,3120,DEL_EXPLORED,-4
7,8,2,3120,POP,1,bchdflpejgoinkma
7,8,1,3121,POP,4,bhgdfclejkpinaom
7,8,2,3121,PUSH,-1,bchdflpejgoinakm,-4,-1,1
7,8,1,3122,PUSH,-4,bhgdfalejcpinkom,-4,4,-1,1
7,8,2,3122,DEL_EXPLORED,1
7,8,1,3123,DEL_CUTOFF,1
7,8,2,3123,PUSH,-1,bchdflpejgoiankm,-4,1
7,8,1,3124,DEL_CUTOFF,-1
7,8,2,3124,DEL_EXPLORED,1
7,8,1,3125,DEL_EXPLORED,4
7,8,2,3125,PUSH,-4,bchdflpeagoijnkm,-4,4,1
7,8,1,3126,DEL_CUTOFF,-4
7,8,2,3126,DEL_CUTOFF,1
7,8,1,3127,POP,-4,bhgdfalejcpinkom
7,8,2,3127,DEL_EXPLORED,4
7,8,1,3128,POP,-1,bhgdfclejapinkom
7,8,2,3128,DEL_CUTOFF,-4
7,8,1,3129,PUSH,4,bhgdfclejpoinkam,-4,-1,1
7,8,2,3129,POP,-4,bchdflpeagoijnkm
7,8,1,3130,PUSH,1,bhgdfclejpoinkma,-4,-1
7,8,2,3130,POP,-1,bchdflpejgoiankm
7,8,1,3131,DEL_EXPLORED,-1
7,8,2,3131,PUSH,-4,bchdflpejaoingkm,-4,4,-1,1
7,8,1,3132,DEL_CUTOFF,-4
7,8,2,3132,PUSH,1,bchdflpejoaingkm,-4,4,-1,1
7,8,1,3133,POP,1,bhgdfclejpoinkma
7,8,2,3133,DEL_CUTOFF,1
7,8,1,3134,PUSH,-1,bhgdfclejpoinakm,-4,-1,1
7,8,2,3134,DEL_EXPLORED,-1
7,8,1,3135,DEL_EXPLORED,1
7,8,2,3135,DEL_CUTOFF,4
7,8,1,3136,DEL_CUTOFF,-1
7,8,2,3136,DEL_CUTOFF,-4
7,8,1,3137,DEL_CUTOFF,-4
7,8,2,3137,POP,1,bchdflpejoaingkm
7,8,1,3138,POP,-1,bhgdfclejpoinakm
7,8,2,3138,PUSH,-1,bchdflpeajoingkm,-4,4,1
7,8,1,3139,DEL_EXPLORED,-4
7,8,2,3139,DEL_EXPLORED,1
7,8,1,3140,POP,4,bhgdfclejpoinkam
7,8,2,3140,DEL_CUTOFF,4
7,8,1,3141,DEL_EXPLORED,-4
7,8,2,3141,DEL_CUTOFF,-4
7,8,1,3142,POP,4,bhgdfclejpainkom
7,8,2,3142,POP,-1,bchdflpeajoingkm
7,8,1,3143,DEL_EXPLORED,-4
7,8,2,3143,DEL_EXPLORED,4
7,8,1,3144,POP,4,bhgdfcaejplinkom
7,8,2,3144,PUSH,-4,bchdfapejloingkm,-4,4,-1,1
7,8,1,3145,POP,1,bhadfcgejplinkom
7,8,2,3145,DEL_CUTOFF,1
7,8,1,3146,PUSH,-1,abhdfcgejplinkom,4,1
7,8,2,3146,DEL_CUTOFF,-1
7,8,1,3147,DEL_EXPLORED,1
7,8,2,3147,DEL_EXPLORED,4
7,8,1,3148,PUSH,4,fbhdacgejplinkom,-4,4,1
7,8,2,3148,DEL_CUTOFF,-4
7,8,1,3149,PUSH,1,fbhdcagejplinkom,-4,4,-1,1
7,8,2,3149,POP,-4,bchdfapejloingkm
7,8,1,3150,PUSH,1,fbhdcgaejplinkom,-4,4,-1,1
7,8,2,3150,POP,-4,bchdflpejaoingkm
7,8,1,3151,PUSH,1,fbhdcgeajplinkom,-4,4,-1
7,8,2,3151,POP,-1,bchdflpejgoinakm
7,8,1,3152,DEL_EXPLORED,-1
7,8,2,3152,DEL_EXPLORED,-4
7,8,1,3153,DEL_CUTOFF,4
7,8,2,3153,POP,4,bchdflpejgoinkam
7,8,1,3154,DEL_CUTOFF,-4
7,8,2,3154,DEL_EXPLORED,-4
7,8,1,3155,POP,1,fbhdcgeajplinkom
7,8,2,3155,POP,4,bchdflpejgainkom
7,8,1,3156,DEL_EXPLORED,-1
7,8,2,3156,PUSH,-4,bcadflhejgpinkom,4,-1,1
7,8,1,3157,PUSH,4,fbhdcglejpainkom,-4,4,-1,1
7,8,2,3157,PUSH,1,bcdaflhejgpinkom,4,-1
7,8,1,3158,DEL_CUTOFF,1
7,8,2,3158,DEL_EXPLORED,-1
7,8,1,3159,DEL_CUTOFF,-1
7,8,2,3159,PUSH,4,bcdeflhajgpinkom,-4,4,-1
7,8,1,3160,DEL_CUTOFF,4
7,8,2,3160,PUSH,-1,bcdeflahjgpinkom,-4,4,-1,1
7,8,1,3161,DEL_EXPLORED,-4
7,8,2,3161,DEL_EXPLORED,1
7,8,1,3162,POP,4,fbhdcglejpainkom
7,8,2,3162,PUSH,-1,bcdefalhjgpinkom,-4,4,-1,1
7,8,1,3163,PUSH,-4,fbadcghejplinkom,4,-1,1
7,8,2,3163,DEL_EXPLORED,1
7,8,1,3164,DEL_CUTOFF,1
7,8,2,3164,DEL_CUTOFF,-1
7,8,1,3165,DEL_CUTOFF,-1
7,8,2,3165,DEL_CUTOFF,4
7,8,1,3166,DEL_EXPLORED,4
7,8,2,3166,DEL_CUTOFF,-4
7,8,1,3167,POP,-4,fbadcghejplinkom
7,8,2,3167,POP,-1,bcdefalhjgpinkom
7,8,1,3168,POP,1,fbhdcgaejplinkom
7,8,2,3168,PUSH,4,bcdeflphjgainkom,-4,4,-1,1
7,8,1,3169,DEL_EXPLORED,-1
7,8,2,3169,DEL_CUTOFF,1
7,8,1,3170,PUSH,4,fbhdcpgejalinkom,-4,4,-1,1
7,8,2,3170,DEL_CUTOFF,-1
7,8,1,3171,PUSH,1,fbhdcpgejlainkom,-4,4,-1,1
7,8,2,3171,DEL_CUTOFF,4
7,8,1,3172,DEL_CUTOFF,1
7,8,2,3172,DEL_EXPLORED,-4
7,8,1,3173,DEL_EXPLORED,-1
7,8,2,3173,POP,4,bcdeflphjgainkom
7,8,1,3174,DEL_CUTOFF,4
7,8,2,3174,PUSH,-4,bcaefldhjgpinkom,4,-1,1
7,8,1,3175,DEL_CUTOFF,-4
7,8,2,3175,DEL_CUTOFF,1
7,8,1,3176,POP,1,fbhdcpgejlainkom
7,8,2,3176,DEL_CUTOFF,-1
7,8,1,3177,PUSH,-1,fbhdcpgeajlinkom,-4,4,1
7,8,2,3177,DEL_EXPLORED,4
7,8,1,3178,DEL_EXPLORED,1
7,8,2,3178,POP,-4,bcaefldhjgpinkom
7,8,1,3179,DEL_CUTOFF,4
7,8,2,3179,POP,-1,bcdeflahjgpinkom
7,8,1,3180,DEL_CUTOFF,-4
7,8,2,3180,PUSH,4,bcdeflhijgpankom,-4,4,-1
7,8,1,3181,POP,-1,fbhdcpgeajlinkom
7,8,2,3181,PUSH,-1,bcdeflhijgapnkom,-4,4,-1,1
7,8,1,3182,PUSH,4,fbhdcpgejklinaom,-4,-1,1
7,8,2,3182,DEL_EXPLORED,1
7,8,1,3183,DEL_CUTOFF,1
7,8,2,3183,DEL_CUTOFF,-1
7,8,1,3184,DEL_CUTOFF,-1
7,8,2,3184,DEL_CUTOFF,4
7,8,1,3185,DEL_EXPLORED,-4
7,8,2,3185,DEL_CUTOFF,-4
7,8,1,3186,POP,4,fbhdcpgejklinaom
7,8,2,3186,POP,-1,bcdeflhijgapnkom
7,8,1,3187,DEL_EXPLORED,-4
7,8,2,3187,PUSH,4,bcdeflhijgpmnkoa,-4,-1
7,8,1,3188,POP,4,fbhdcpgejalinkom
7,8,2,3188,DEL_CUTOFF,-1
7,8,1,3189,PUSH,-4,fahdcbgejplinkom,4,-1,1
7,8,2,3189,DEL_EXPLORED,-4
7,8,1,3190,PUSH,1,fhadcbgejplinkom,4,-1,1
7,8,2,3190,POP,4,bcdeflhijgpmnkoa
7,8,1,3191,DEL_CUTOFF,1
7,8,2,3191,DEL_EXPLORED,-4
7,8,1,3192,DEL_EXPLORED,-1
7,8,2,3192,POP,4,bcdeflhijgpankom
7,8,1,3193,DEL_CUTOFF,4
7,8,2,3193,DEL_EXPLORED,-4
7,8,1,3194,POP,1,fhadcbgejplinkom
7,8,2,3194,POP,4,bcdeflhajgpinkom
7,8,1,3195,PUSH,-1,afhdcbgejplinkom,4,1
7,8,2,3195,POP,1,bcdaflhejgpinkom
7,8,1,3196,DEL_EXPLORED,1
7,8,2,3196,PUSH,-1,bacdflhejgpinkom,4,-1,1
7,8,1,3197,DEL_CUTOFF,4
7,8,2,3197,DEL_EXPLORED,1
7,8,1,3198,POP,-1,afhdcbgejplinkom
7,8,2,3198,PUSH,-1,abcdflhejgpinkom,4,1
7,8,1,3199,DEL_EXPLORED,4
7,8,2,3199,DEL_EXPLORED,1
7,8,1,3200,POP,-4,fahdcbgejplinkom
7,8,2,3200,PUSH,4,fbcdalhejgpinkom,-4,4,1
7,8,1,3201,POP,1,fbhdcagejplinkom
7,8,2,3201,PUSH,1,fbcdlahejgpinkom,-4,4,-1,1
7,8,1,3202,PUSH,4,fbhdjcgeaplinkom,-4,4,1
7,8,2,3202,DEL_CUTOFF,1
7,8,1,3203,PUSH,1,fbhdjcgepalinkom,-4,4,-1,1
7,8,2,3203,DEL_EXPLORED,-1
7,8,1,3204,PUSH,1,fbhdjcgeplainkom,-4,4,-1,1
7,8,2,3204,DEL_CUTOFF,4
7,8,1,3205,DEL_CUTOFF,1
7,8,2,3205,DEL_CUTOFF,-4
7,8,1,3206,DEL_EXPLORED,-1
7,8,2,3206,POP,1,fbcdlahejgpinkom
7,8,1,3207,DEL_CUTOFF,4
7,8,2,3207,PUSH,4,fbcdjlheagpinkom,-4,4,1
7,8,1,3208,DEL_CUTOFF,-4
7,8,2,3208,DEL_CUTOFF,1
7,8,1,3209,POP,1,fbhdjcgeplainkom
7,8,2,3209,DEL_CUTOFF,4
7,8,1,3210,DEL_EXPLORED,-1
7,8,2,3210,DEL_EXPLORED,-4
7,8,1,3211,PUSH,4,fbhdjcgepklinaom,-4,-1,1
7,8,2,3211,POP,4,fbcdjlheagpinkom
7,8,1,3212,DEL_CUTOFF,1
7,8,2,3212,DEL_EXPLORED,-4
7,8,1,3213,DEL_CUTOFF,-1
7,8,2,3213,POP,4,fbcdalhejgpinkom
7,8,1,3214,DEL_EXPLORED,-4
7,8,2,3214,POP,-1,abcdflhejgpinkom
7,8,1,3215,POP,4,fbhdjcgepklinaom
7,8,2,3215,PUSH,4,blcdfahejgpinkom,-4,4,-1,1
7,8,1,3216,PUSH,-4,fbhdjagepclinkom,-4,4,-1,1
7,8,2,3216,PUSH,1,blcdfhaejgpinkom,-4,4,-1,1
7,8,1,3217,DEL_CUTOFF,1
7,8,2,3217,PUSH,1,blcdfheajgpinkom,-4,4,-1
7,8,1,3218,DEL_CUTOFF,-1
7,8,2,3218,DEL_EXPLORED,-1
7,8,1,3219,DEL_EXPLORED,4
7,8,2,3219,DEL_CUTOFF,4
7,8,1,3220,DEL_CUTOFF,-4
7,8,2,3220,DEL_CUTOFF,-4
7,8,1,3221,POP,-4,fbhdjagepclinkom
7,8,2,3221,POP,1,blcdfheajgpinkom
7,8,1,3222,POP,1,fbhdjcgepalinkom
7,8,2,3222,DEL_EXPLORED,-1
7,8,1,3223,PUSH,4,fbhdjcgenpliakom,-4,1
7,8,2,3223,PUSH,4,blcdfhpejgainkom,-4,4,-1,1
7,8,1,3224,PUSH,1,fbhdjcgenplikaom,-4,-1,1
7,8,2,3224,DEL_CUTOFF,1
7,8,1,3225,DEL_CUTOFF,1
7,8,2,3225,DEL_CUTOFF,-1
7,8,1,3226,DEL_EXPLORED,-1
7,8,2,3226,DEL_CUTOFF,4
7,8,1,3227,DEL_CUTOFF,-4
7,8,2,3227,DEL_EXPLORED,-4
7,8,1,3228,POP,1,fbhdjcgenplikaom
7,8,2,3228,POP,4,blcdfhpejgainkom
7,8,1,3229,DEL_EXPLORED,-4
7,8,2,3229,PUSH,-4,bladfhcejgpinkom,4,-1,1
7,8,1,3230,POP,4,fbhdjcgenpliakom
7,8,2,3230,DEL_CUTOFF,1
7,8,1,3231,DEL_EXPLORED,-4
7,8,2,3231,DEL_CUTOFF,-1
7,8,1,3232,POP,4,fbhdjcgeaplinkom
7,8,2,3232,DEL_EXPLORED,4
7,8,1,3233,DEL_EXPLORED,-4
7,8,2,3233,POP,-4,bladfhcejgpinkom
7,8,1,3234,POP,4,fbhdacgejplinkom
7,8,2,3234,POP,1,blcdfhaejgpinkom
7,8,1,3235,POP,-1,abhdfcgejplinkom
7,8,2,3235,PUSH,-1,blcdafhejgpinkom,-4,4,1
7,8,1,3236,DEL_EXPLORED,4
7,8,2,3236,DEL_EXPLORED,1
7,8,1,3237,POP,-4,bahdfcgejplinkom
7,8,2,3237,PUSH,4,blcdjfheagpinkom,-4,4,1
7,8,1,3238,POP,-1,bchdfagejplinkom
7,8,2,3238,DEL_CUTOFF,1
7,8,1,3239,DEL_EXPLORED,4
7,8,2,3239,DEL_CUTOFF,4
7,8,1,3240,PUSH,-4,bcadfghejplinkom,4,-1,1
7,8,2,3240,DEL_EXPLORED,-4
7,8,1,3241,PUSH,1,bcdafghejplinkom,4,-1
7,8,2,3241,POP,4,blcdjfheagpinkom
7,8,1,3242,DEL_EXPLORED,-1
7,8,2,3242,PUSH,-4,alcdbfhejgpinkom,4,1
7,8,1,3243,PUSH,4,bcdefghajplinkom,-4,4,-1
7,8,2,3243,DEL_CUTOFF,1
7,8,1,3244,PUSH,-1,bcdefgahjplinkom,-4,4,-1,1
7,8,2,3244,DEL_EXPLORED,4
7,8,1,3245,DEL_EXPLORED,1
7,8,2,3245,POP,-4,alcdbfhejgpinkom
7,8,1,3246,PUSH,-1,bcdefaghjplinkom,-4,4,-1,1
7,8,2,3246,POP,-1,blcdafhejgpinkom
7,8,1,3247,DEL_EXPLORED,1
7,8,2,3247,PUSH,4,blcdfghejapinkom,-4,4,-1,1
7,8,1,3248,PUSH,-1,bcdeafghjplinkom,-4,4,1
7,8,2,3248,PUSH,1,blcdfghejpainkom,-4,4,-1,1
7,8,1,3249,DEL_EXPLORED,1
7,8,2,3249,DEL_CUTOFF,1
7,8,1,3250,PUSH,4,bcdejfghaplinkom,-4,4,1
7,8,2,3250,DEL_EXPLORED,-1
7,8,1,3251,DEL_CUTOFF,1
7,8,2,3251,DEL_CUTOFF,4
7,8,1,3252,DEL_CUTOFF,4
7,8,2,3252,DEL_CUTOFF,-4
7,8,1,3253,DEL_EXPLORED,-4
7,8,2,3253,POP,1,blcdfghejpainkom
7,8,1,3254,POP,4,bcdejfghaplinkom
7,8,2,3254,PUSH,-1,blcdfgheajpinkom,-4,4,1
7,8,1,3255,PUSH,-4,acdebfghjplinkom,4,1
7,8,2,3255,DEL_EXPLORED,1
7,8,1,3256,DEL_CUTOFF,1
7,8,2,3256,DEL_CUTOFF,4
7,8,1,3257,DEL_EXPLORED,4
7,8,2,3257,DEL_CUTOFF,-4
7,8,1,3258,POP,-4,acdebfghjplinkom
7,8,2,3258,POP,-1,blcdfgheajpinkom
7,8,1,3259,POP,-1,bcdeafghjplinkom
7,8,2,3259,PUSH,4,blcdfghejkpinaom,-4,-1,1
7,8,1,3260,PUSH,4,bcdefpghjalinkom,-4,4,-1,1
7,8,2,3260,DEL_CUTOFF,1
7,8,1,3261,PUSH,1,bcdefpghjlainkom,-4,4,-1,1
7,8,2,3261,DEL_CUTOFF,-1
7,8,1,3262,DEL_CUTOFF,1
7,8,2,3262,DEL_EXPLORED,-4
7,8,1,3263,DEL_EXPLORED,-1
7,8,2,3263,POP,4,blcdfghejkpinaom
7,8,1,3264,DEL_CUTOFF,4
7,8,2,3264,DEL_EXPLORED,-4
7,8,1,3265,DEL_CUTOFF,-4
7,8,2,3265,POP,4,blcdfghejapinkom
7,8,1,3266,POP,1,bcdefpghjlainkom
7,8,2,3266,DEL_EXPLORED,-4
7,8,1,3267,PUSH,-1,bcdefpghajlinkom,-4,4,1
7,8,2,3267,POP,4,blcdfahejgpinkom
7,8,1,3268,DEL_EXPLORED,1
7,8,2,3268,POP,-1,bacdflhejgpinkom
7,8,1,3269,DEL_CUTOFF,4
7,8,2,3269,DEL_EXPLORED,4
7,8,1,3270,DEL_CUTOFF,-4
7,8,2,3270,POP,-4,bcadflhejgpinkom
7,8,1,3271,POP,-1,bcdefpghajlinkom
7,8,2,3271,POP,1,bchdflaejgpinkom
7,8,1,3272,PUSH,4,bcdefpghjklinaom,-4,-1,1
7,8,2,3272,PUSH,-1,bchdaflejgpinkom,-4,4,1
7,8,1,3273,DEL_CUTOFF,1
7,8,2,3273,DEL_EXPLORED,1
7,8,1,3274,DEL_CUTOFF,-1
7,8,2,3274,PUSH,4,bchdjfleagpinkom,-4,4,1
7,8,1,3275,DEL_EXPLORED,-4
7,8,2,3275,PUSH,1,bchdjflegapinkom,-4,4,-1,1
7,8,1,3276,POP,4,bcdefpghjklinaom
7,8,2,3276,PUSH,1,bchdjflegpainkom,-4,4,-1,1
7,8,1,3277,DEL_EXPLORED,-4
7,8,2,3277,PUSH,1,bchdjflegpiankom,-4,4,-1
7,8,1,3278,POP,4,bcdefpghjalinkom
7,8,2,3278,DEL_EXPLORED,-1
7,8,1,3279,PUSH,-4,badefcghjplinkom,4,-1,1
7,8,2,3279,PUSH,4,bchdjflegpimnkoa,-4,-1
7,8,1,3280,PUSH,1,bdaefcghjplinkom,4,-1,1
7,8,2,3280,DEL_CUTOFF,-1
7,8,1,3281,DEL_CUTOFF,1
7,8,2,3281,DEL_EXPLORED,-4
7,8,1,3282,DEL_EXPLORED,-1
7,8,2,3282,POP,4,bchdjflegpimnkoa
7,8,1,3283,DEL_CUTOFF,4
7,8,2,3283,PUSH,-4,bchdjflagpienkom,-4,4,-1
7,8,1,3284,POP,1,bdaefcghjplinkom
7,8,2,3284,DEL_CUTOFF,-1
7,8,1,3285,PUSH,-1,abdefcghjplinkom,4,1
7,8,2,3285,DEL_EXPLORED,4
7,8,1,3286,DEL_EXPLORED,1
7,8,2,3286,DEL_CUTOFF,-4
7,8,1,3287,DEL_CUTOFF,4
7,8,2,3287,POP,-4,bchdjflagpienkom
7,8,1,3288,POP,-1,abdefcghjplinkom
7,8,2,3288,POP,1,bchdjflegpiankom
7,8,1,3289,DEL_EXPLORED,4
7,8,2,3289,DEL_EXPLORED,-1
7,8,1,3290,POP,-4,badefcghjplinkom
7,8,2,3290,PUSH,4,bchdjflegpoinkam,-4,-1,1
7,8,1,3291,POP,-1,bcdefaghjplinkom
7,8,2,3291,PUSH,1,bchdjflegpoinkma,-4,-1
7,8,1,3292,PUSH,4,bcdefglhjpainkom,-4,4,-1,1
7,8,2,3292,DEL_EXPLORED,-1
7,8,1,3293,PUSH,1,bcdefglhjpiankom,-4,4,-1
7,8,2,3293,DEL_CUTOFF,-4
7,8,1,3294,DEL_EXPLORED,-1
7,8,2,3294,POP,1,bchdjflegpoinkma
7,8,1,3295,PUSH,4,bcdefglhjpimnkoa,-4,-1
7,8,2,3295,PUSH,-1,bchdjflegpoinakm,-4,-1,1
7,8,1,3296,DEL_CUTOFF,-1
7,8,2,3296,DEL_EXPLORED,1
7,8,1,3297,DEL_EXPLORED,-4
7,8,2,3297,DEL_CUTOFF,-1
7,8,1,3298,POP,4,bcdefglhjpimnkoa
7,8,2,3298,DEL_CUTOFF,-4
7,8,1,3299,PUSH,-4,bcdefglajpihnkom,-4,4,-1
7,8,2,3299,POP,-1,bchdjflegpoinakm
7,8,1,3300,DEL_CUTOFF,-1
7,8,2,3300,DEL_EXPLORED,-4
7,8,1,3301,DEL_EXPLORED,4
7,8,2,3301,POP,4,bchdjflegpoinkam
7,8,1,3302,DEL_CUTOFF,-4
7,8,2,3302,PUSH,-4,bchdjfaegplinkom,-4,4,-1,1
7,8,1,3303,POP,-4,bcdefglajpihnkom
7,8,2,3303,PUSH,1,bchdjfeagplinkom,-4,4,-1
7,8,1,3304,POP,1,bcdefglhjpiankom
7,8,2,3304,DEL_EXPLORED,-1
7,8,1,3305,PUSH,-1,bcdefglhjapinkom,-4,4,-1,1
7,8,2,3305,DEL_CUTOFF,4
7,8,1,3306,DEL_EXPLORED,1
7,8,2,3306,DEL_CUTOFF,-4
7,8,1,3307,PUSH,-1,bcdefglhajpinkom,-4,4,1
7,8,2,3307,POP,1,bchdjfeagplinkom
7,8,1,3308,DEL_EXPLORED,1
7,8,2,3308,PUSH,-1,bchdjafegplinkom,-4,4,-1,1
7,8,1,3309,DEL_CUTOFF,4
7,8,2,3309,DEL_EXPLORED,1
7,8,1,3310,DEL_CUTOFF,-4
7,8,2,3310,DEL_CUTOFF,-1
7,8,1,3311,POP,-1,bcdefglhajpinkom
7,8,2,3311,DEL_CUTOFF,4
7,8,1,3312,PUSH,4,bcdefglhjkpinaom,-4,-1,1
7,8,2,3312,DEL_CUTOFF,-4
7,8,1,3313,DEL_CUTOFF,1
7,8,2,3313,POP,-1,bchdjafegplinkom
7,8,1,3314,DEL_CUTOFF,-1
7,8,2,3314,DEL_EXPLORED,4
7,8,1,3315,DEL_EXPLORED,-4
7,8,2,3315,PUSH,-4,bcadjfhegplinkom,4,-1,1
7,8,1,3316,POP,4,bcdefglhjkpinaom
7,8,2,3316,DEL_CUTOFF,1
7,8,1,3317,PUSH,-4,bcdefalhjgpinkom,-4,4,-1,1
7,8,2,3317,DEL_CUTOFF,-1
7,8,1,3318,DEL_CUTOFF,1
7,8,2,3318,DEL_EXPLORED,4
7,8,1,3319,DEL_CUTOFF,-1
7,8,2,3319,POP,-4,bcadjfhegplinkom
7,8,1,3320,DEL_EXPLORED,4
7,8,2,3320,POP,-4,bchdjfaegplinkom
7,8,1,3321,DEL_CUTOFF,-4
7,8,2,3321,POP,1,bchdjflegpainkom
7,8,1,3322,POP,-4,bcdefalhjgpinkom
7,8,2,3322,DEL_EXPLORED,-1
7,8,1,3323,POP,-1,bcdefglhjapinkom
7,8,2,3323,PUSH,4,bchdjflegkpinaom,-4,-1,1
7,8,1,3324,PUSH,4,bcdefglhjpoinkam,-4,-1,1
7,8,2,3324,PUSH,1,bchdjflegkpinoam,-4,-1,1
7,8,1,3325,PUSH,1,bcdefglhjpoinkma,-4,-1
7,8,2,3325,PUSH,1,bchdjflegkpinoma,-4,-1
7,8,1,3326,DEL_EXPLORED,-1
7,8,2,3326,DEL_EXPLORED,-1
7,8,1,3327,DEL_CUTOFF,-4
7,8,2,3327,DEL_CUTOFF,-4
7,8,1,3328,POP,1,bcdefglhjpoinkma
7,8,2,3328,POP,1,bchdjflegkpinoma
7,8,1,3329,PUSH,-1,bcdefglhjpoinakm,-4,-1,1
7,8,2,3329,DEL_EXPLORED,-1
7,8,1,3330,DEL_EXPLORED,1
7,8,2,3330,PUSH,-4,bchdjflegkainopm,-4,4,-1,1
7,8,1,3331,DEL_CUTOFF,-1
7,8,2,3331,DEL_CUTOFF,1
7,8,1,3332,DEL_CUTOFF,-4
7,8,2,3332,DEL_CUTOFF,-1
7,8,1,3333,POP,-1,bcdefglhjpoinakm
7,8,2,3333,DEL_EXPLORED,4
7,8,1,3334,DEL_EXPLORED,-4
7,8,2,3334,DEL_CUTOFF,-4
7,8,1,3335,POP,4,bcdefglhjpoinkam
7,8,2,3335,POP,-4,bchdjflegkainopm
7,8,1,3336,DEL_EXPLORED,-4
7,8,2,3336,POP,1,bchdjflegkpinoam
7,8,1,3337,POP,4,bcdefglhjpainkom
7,8,2,3337,PUSH,-1,bchdjflegkpianom,-4,1
7,8,1,3338,PUSH,-4,bcaefgdhjplinkom,4,-1,1
7,8,2,3338,DEL_EXPLORED,1
7,8,1,3339,PUSH,1,bceafgdhjplinkom,4,-1
7,8,2,3339,PUSH,-4,bchdjfleakpignom,-4,4,1
7,8,1,3340,DEL_EXPLORED,-1
7,8,2,3340,DEL_CUTOFF,1
7,8,1,3341,PUSH,4,bcehfgdajplinkom,-4,4,-1
7,8,2,3341,DEL_EXPLORED,4
7,8,1,3342,DEL_CUTOFF,-1
7,8,2,3342,DEL_CUTOFF,-4
7,8,1,3343,DEL_CUTOFF,4
7,8,2,3343,POP,-4,bchdjfleakpignom
7,8,1,3344,DEL_EXPLORED,-4
7,8,2,3344,POP,-1,bchdjflegkpianom
7,8,1,3345,POP,4,bcehfgdajplinkom
7,8,2,3345,DEL_EXPLORED,-4
7,8,1,3346,POP,1,bceafgdhjplinkom
7,8,2,3346,POP,4,bchdjflegkpinaom
7,8,1,3347,PUSH,-1,bacefgdhjplinkom,4,-1,1
7,8,2,3347,PUSH,-4,bchdjalegfpinkom,-4,4,-1,1
7,8,1,3348,DEL_EXPLORED,1
7,8,2,3348,PUSH,1,bchdjlaegfpinkom,-4,4,-1,1
7,8,1,3349,PUSH,-1,abcefgdhjplinkom,4,1
7,8,2,3349,PUSH,1,bchdjleagfpinkom,-4,4,-1
7,8,1,3350,DEL_EXPLORED,1
7,8,2,3350,DEL_EXPLORED,-1
7,8,1,3351,DEL_CUTOFF,4
7,8,2,3351,DEL_CUTOFF,4
7,8,1,3352,POP,-1,abcefgdhjplinkom
7,8,2,3352,DEL_CUTOFF,-4
7,8,1,3353,PUSH,4,bgcefadhjplinkom,-4,4,-1,1
7,8,2,3353,POP,1,bchdjleagfpinkom
7,8,1,3354,DEL_CUTOFF,1
7,8,2,3354,DEL_EXPLORED,-1
7,8,1,3355,DEL_CUTOFF,-1
7,8,2,3355,PUSH,4,bchdjlpegfainkom,-4,4,-1,1
7,8,1,3356,DEL_CUTOFF,4
7,8,2,3356,DEL_CUTOFF,1
7,8,1,3357,DEL_EXPLORED,-4
7,8,2,3357,DEL_CUTOFF,-1
7,8,1,3358,POP,4,bgcefadhjplinkom
7,8,2,3358,DEL_CUTOFF,4
7,8,1,3359,POP,-1,bacefgdhjplinkom
7,8,2,3359,DEL_EXPLORED,-4
7,8,1,3360,DEL_EXPLORED,4
7,8,2,3360,POP,4,bchdjlpegfainkom
7,8,1,3361,POP,-4,bcaefgdhjplinkom
7,8,2,3361,PUSH,-4,bcadjlhegfpinkom,4,-1,1
7,8,1,3362,POP,-1,bcdefgahjplinkom
7,8,2,3362,DEL_CUTOFF,1
7,8,1,3363,PUSH,4,bcdefghijplankom,-4,4,-1
7,8,2,3363,DEL_CUTOFF,-1
7,8,1,3364,PUSH,-1,bcdefghijpalnkom,-4,4,-1,1
7,8,2,3364,DEL_EXPLORED,4
7,8,1,3365,DEL_EXPLORED,1
7,8,2,3365,POP,-4,bcadjlhegfpinkom
7,8,1,3366,PUSH,-1,bcdefghijaplnkom,-4,4,-1,1
7,8,2,3366,POP,1,bchdjlaegfpinkom
7,8,1,3367,DEL_EXPLORED,1
7,8,2,3367,PUSH,-1,bchdajlegfpinkom,-4,4,1
7,8,1,3368,PUSH,-1,bcdefghiajplnkom,-4,4,1
7,8,2,3368,DEL_EXPLORED,1
7,8,1,3369,DEL_EXPLORED,1
7,8,2,3369,PUSH,4,bchdgjleafpinkom,-4,4,1
7,8,1,3370,DEL_CUTOFF,4
7,8,2,3370,DEL_CUTOFF,1
7,8,1,3371,DEL_CUTOFF,-4
7,8,2,3371,DEL_CUTOFF,4
7,8,1,3372,POP,-1,bcdefghiajplnkom
7,8,2,3372,DEL_EXPLORED,-4
7,8,1,3373,PUSH,4,bcdefghijkplnaom,-4,-1,1
7,8,2,3373,POP,4,bchdgjleafpinkom
7,8,1,3374,DEL_CUTOFF,1
7,8,2,3374,PUSH,-4,achdbjlegfpinkom,4,1
7,8,1,3375,DEL_CUTOFF,-1
7,8,2,3375,DEL_CUTOFF,1
7,8,1,3376,DEL_EXPLORED,-4
7,8,2,3376,DEL_EXPLORED,4
7,8,1,3377,POP,4,bcdefghijkplnaom
7,8,2,3377,POP,-4,achdbjlegfpinkom
7,8,1,3378,PUSH,-4,bcdefahijgplnkom,-4,4,-1,1
7,8,2,3378,POP,-1,bchdajlegfpinkom
7,8,1,3379,DEL_CUTOFF,1
7,8,2,3379,DEL_EXPLORED,4
7,8,1,3380,DEL_CUTOFF,-1
7,8,2,3380,PUSH,-4,bahdjclegfpinkom,4,-1,1
7,8,1,3381,DEL_EXPLORED,4
7,8,2,3381,PUSH,1,bhadjclegfpinkom,4,-1,1
7,8,1,3382,DEL_CUTOFF,-4
7,8,2,3382,DEL_CUTOFF,1
7,8,1,3383,POP,-4,bcdefahijgplnkom
7,8,2,3383,DEL_EXPLORED,-1
7,8,1,3384,POP,-1,bcdefghijaplnkom
7,8,2,3384,DEL_CUTOFF,4
7,8,1,3385,PUSH,4,bcdefghijpolnkam,-4,-1,1
7,8,2,3385,POP,1,bhadjclegfpinkom
7,8,1,3386,PUSH,1,bcdefghijpolnkma,-4,-1
7,8,2,3386,PUSH,-1,abhdjclegfpinkom,4,1
7,8,1,3387,DEL_EXPLORED,-1
7,8,2,3387,DEL_EXPLORED,1
7,8,1,3388,DEL_CUTOFF,-4
7,8,2,3388,DEL_CUTOFF,4
7,8,1,3389,POP,1,bcdefghijpolnkma
7,8,2,3389,POP,-1,abhdjclegfpinkom
7,8,1,3390,PUSH,-1,bcdefghijpolnakm,-4,-1,1
7,8,2,3390,DEL_EXPLORED,4
7,8,1,3391,DEL_EXPLORED,1
7,8,2,3391,POP,-4,bahdjclegfpinkom
7,8,1,3392,DEL_CUTOFF,-1
7,8,2,3392,POP,-4,bchdjalegfpinkom
7,8,1,3393,DEL_CUTOFF,-4
7,8,2,3393,POP,1,bchdjflegapinkom
7,8,1,3394,POP,-1,bcdefghijpolnakm
7,8,2,3394,PUSH,4,bchdjflengpiakom,-4,1
7,8,1,3395,DEL_EXPLORED,-4
7,8,2,3395,PUSH,1,bchdjflengpikaom,-4,-1,1
7,8,1,3396,POP,4,bcdefghijpolnkam
7,8,2,3396,PUSH,1,bchdjflengpikoam,-4,-1,1
7,8,1,3397,PUSH,-4,bcdefgaijphlnkom,-4,4,-1,1
7,8,2,3397,PUSH,1,bchdjflengpikoma,-4,-1
7,8,1,3398,PUSH,1,bcdefgiajphlnkom,-4,4,-1
7,8,2,3398,DEL_EXPLORED,-1
7,8,1,3399,DEL_EXPLORED,-1
7,8,2,3399,DEL_CUTOFF,-4
7,8,1,3400,DEL_CUTOFF,4
7,8,2,3400,POP,1,bchdjflengpikoma
7,8,1,3401,DEL_CUTOFF,-4
7,8,2,3401,DEL_EXPLORED,-1
7,8,1,3402,POP,1,bcdefgiajphlnkom
7,8,2,3402,PUSH,-4,bchdjflengaikopm,-4,4,-1,1
7,8,1,3403,PUSH,-1,bcdefagijphlnkom,-4,4,-1,1
7,8,2,3403,DEL_CUTOFF,1
7,8,1,3404,DEL_EXPLORED,1
7,8,2,3404,DEL_CUTOFF,-1
7,8,1,3405,DEL_CUTOFF,-1
7,8,2,3405,DEL_EXPLORED,4
7,8,1,3406,DEL_CUTOFF,4
7,8,2,3406,DEL_CUTOFF,-4
7,8,1,3407,DEL_CUTOFF,-4
7,8,2,3407,POP,-4,bchdjflengaikopm
7,8,1,3408,POP,-1,bcdefagijphlnkom
7,8,2,3408,POP,1,bchdjflengpikoam
7,8,1,3409,DEL_EXPLORED,4
7,8,2,3409,DEL_EXPLORED,-1
7,8,1,3410,PUSH,-4,bcaefgdijphlnkom,4,-1,1
7,8,2,3410,PUSH,-4,bchdjflenapikgom,-4,4,-1,1
7,8,1,3411,DEL_CUTOFF,1
7,8,2,3411,PUSH,1,bchdjflenpaikgom,-4,4,-1,1
7,8,1,3412,DEL_CUTOFF,-1
7,8,2,3412,DEL_CUTOFF,1
7,8,1,3413,DEL_EXPLORED,4
7,8,2,3413,DEL_EXPLORED,-1
7,8,1,3414,POP,-4,bcaefgdijphlnkom
7,8,2,3414,DEL_CUTOFF,4
7,8,1,3415,POP,-4,bcdefgaijphlnkom
7,8,2,3415,DEL_CUTOFF,-4
7,8,1,3416,POP,-1,bcdefghijpalnkom
7,8,2,3416,POP,1,bchdjflenpaikgom
7,8,1,3417,PUSH,4,bcdefghijplmnkoa,-4,-1
7,8,2,3417,PUSH,-1,bchdjfleanpikgom,-4,4,1
7,8,1,3418,PUSH,-1,bcdefghijplmnkao,-4,-1,1
7,8,2,3418,DEL_EXPLORED,1
7,8,1,3419,DEL_EXPLORED,1
7,8,2,3419,DEL_CUTOFF,4
7,8,1,3420,PUSH,-1,bcdefghijplmnako,-4,-1,1
7,8,2,3420,DEL_CUTOFF,-4
7,8,1,3421,DEL_EXPLORED,1
7,8,2,3421,POP,-1,bchdjfleanpikgom
7,8,1,3422,DEL_CUTOFF,-1
7,8,2,3422,DEL_EXPLORED,4
7,8,1,3423,DEL_CUTOFF,-4
7,8,2,3423,PUSH,-4,bchdjalenfpikgom,-4,4,-1,1
7,8,1,3424,POP,-1,bcdefghijplmnako
7,8,2,3424,DEL_CUTOFF,1
7,8,1,3425,PUSH,-4,bcdefghijpamnklo,-4,4,-1,1
7,8,2,3425,DEL_CUTOFF,-1
7,8,1,3426,DEL_CUTOFF,1
7,8,2,3426,DEL_EXPLORED,4
7,8,1,3427,DEL_CUTOFF,-1
7,8,2,3427,DEL_CUTOFF,-4
7,8,1,3428,DEL_EXPLORED,4
7,8,2,3428,POP,-4,bchdjalenfpikgom
7,8,1,3429,DEL_CUTOFF,-4
7,8,2,3429,POP,-4,bchdjflenapikgom
7,8,1,3430,POP,-4,bcdefghijpamnklo
7,8,2,3430,POP,1,bchdjflengpikaom
7,8,1,3431,POP,-1,bcdefghijplmnkao
7,8,2,3431,DEL_EXPLORED,-4
7,8,1,3432,DEL_EXPLORED,-4
7,8,2,3432,POP,4,bchdjflengpiakom
7,8,1,3433,POP,4,bcdefghijplmnkoa
7,8,2,3433,DEL_EXPLORED,-4
7,8,1,3434,DEL_EXPLORED,-4
7,8,2,3434,POP,4,bchdjfleagpinkom
7,8,1,3435,POP,4,bcdefghijplankom
7,8,2,3435,PUSH,-4,achdbflejgpinkom,4,1
7,8,1,3436,DEL_EXPLORED,-4
7,8,2,3436,PUSH,1,cahdbflejgpinkom,4,-1,1
7,8,1,3437,POP,4,bcdefghajplinkom
7,8,2,3437,PUSH,1,chadbflejgpinkom,4,-1,1
7,8,1,3438,POP,1,bcdafghejplinkom
7,8,2,3438,PUSH,1,chdabflejgpinkom,4,-1
7,8,1,3439,PUSH,-1,bacdfghejplinkom,4,-1,1
7,8,2,3439,DEL_EXPLORED,-1
7,8,1,3440,DEL_EXPLORED,1
7,8,2,3440,PUSH,4,chdebflajgpinkom,-4,4,-1
7,8,1,3441,PUSH,-1,abcdfghejplinkom,4,1
7,8,2,3441,DEL_CUTOFF,-1
7,8,1,3442,DEL_EXPLORED,1
7,8,2,3442,DEL_CUTOFF,4
7,8,1,3443,PUSH,4,fbcdaghejplinkom,-4,4,1
7,8,2,3443,DEL_EXPLORED,-4
7,8,1,3444,PUSH,1,fbcdgahejplinkom,-4,4,-1,1
7,8,2,3444,POP,4,chdebflajgpinkom
7,8,1,3445,PUSH,1,fbcdghaejplinkom,-4,4,-1,1
7,8,2,3445,POP,1,chdabflejgpinkom
7,8,1,3446,PUSH,1,fbcdgheajplinkom,-4,4,-1
7,8,2,3446,DEL_EXPLORED,-1
7,8,1,3447,DEL_EXPLORED,-1
7,8,2,3447,PUSH,4,chldbfaejgpinkom,-4,4,-1,1
7,8,1,3448,DEL_CUTOFF,4
7,8,2,3448,PUSH,1,chldbfeajgpinkom,-4,4,-1
7,8,1,3449,DEL_CUTOFF,-4
7,8,2,3449,DEL_EXPLORED,-1
7,8,1,3450,POP,1,fbcdgheajplinkom
7,8,2,3450,DEL_CUTOFF,4
7,8,1,3451,DEL_EXPLORED,-1
7,8,2,3451,DEL_CUTOFF,-4
7,8,1,3452,PUSH,4,fbcdghlejpainkom,-4,4,-1,1
7,8,2,3452,POP,1,chldbfeajgpinkom
7,8,1,3453,DEL_CUTOFF,1
7,8,2,3453,PUSH,-1,chldbafejgpinkom,-4,4,-1,1
7,8,1,3454,DEL_CUTOFF,-1
7,8,2,3454,DEL_EXPLORED,1
7,8,1,3455,DEL_CUTOFF,4
7,8,2,3455,DEL_CUTOFF,-1
7,8,1,3456,DEL_EXPLORED,-4
7,8,2,3456,DEL_CUTOFF,4
7,8,1,3457,POP,4,fbcdghlejpainkom
7,8,2,3457,DEL_CUTOFF,-4
7,8,1,3458,PUSH,-4,fbadghcejplinkom,4,-1,1
7,8,2,3458,POP,-1,chldbafejgpinkom
7,8,1,3459,DEL_CUTOFF,1
7,8,2,3459,PUSH,4,chldbfpejgainkom,-4,4,-1,1
7,8,1,3460,DEL_CUTOFF,-1
7,8,2,3460,DEL_CUTOFF,1
7,8,1,3461,DEL_EXPLORED,4
7,8,2,3461,DEL_CUTOFF,-1
7,8,1,3462,POP,-4,fbadghcejplinkom
7,8,2,3462,DEL_CUTOFF,4
7,8,1,3463,POP,1,fbcdghaejplinkom
7,8,2,3463,DEL_EXPLORED,-4
7,8,1,3464,DEL_EXPLORED,-1
7,8,2,3464,POP,4,chldbfpejgainkom
7,8,1,3465,PUSH,4,fbcdgphejalinkom,-4,4,-1,1
7,8,2,3465,DEL_EXPLORED,-4
7,8,1,3466,PUSH,1,fbcdgphejlainkom,-4,4,-1,1
7,8,2,3466,POP,4,chldbfaejgpinkom
7,8,1,3467,DEL_CUTOFF,1
7,8,2,3467,POP,1,chadbflejgpinkom
7,8,1,3468,DEL_EXPLORED,-1
7,8,2,3468,DEL_EXPLORED,-1
7,8,1,3469,DEL_CUTOFF,4
7,8,2,3469,PUSH,4,cfhdbalejgpinkom,-4,4,-1,1
7,8,1,3470,DEL_CUTOFF,-4
7,8,2,3470,PUSH,1,cfhdblaejgpinkom,-4,4,-1,1
7,8,1,3471,POP,1,fbcdgphejlainkom
7,8,2,3471,PUSH,1,cfhdbleajgpinkom,-4,4,-1
7,8,1,3472,PUSH,-1,fbcdgpheajlinkom,-4,4,1
7,8,2,3472,DEL_EXPLORED,-1
7,8,1,3473,DEL_EXPLORED,1
7,8,2,3473,DEL_CUTOFF,4
7,8,1,3474,DEL_CUTOFF,4
7,8,2,3474,DEL_CUTOFF,-4
7,8,1,3475,DEL_CUTOFF,-4
7,8,2,3475,POP,1,cfhdbleajgpinkom
7,8,1,3476,POP,-1,fbcdgpheajlinkom
7,8,2,3476,DEL_EXPLORED,-1
7,8,1,3477,PUSH,4,fbcdgphejklinaom,-4,-1,1
7,8,2,3477,PUSH,4,cfhdblpejgainkom,-4,4,-1,1
7,8,1,3478,DEL_CUTOFF,1
7,8,2,3478,DEL_CUTOFF,1
7,8,1,3479,DEL_CUTOFF,-1
7,8,2,3479,DEL_CUTOFF,-1
7,8,1,3480,DEL_EXPLORED,-4
7,8,2,3480,DEL_CUTOFF,4
7,8,1,3481,POP,4,fbcdgphejklinaom
7,8,2,3481,DEL_EXPLORED,-4
7,8,1,3482,DEL_EXPLORED,-4
7,8,2,3482,POP,4,cfhdblpejgainkom
7,8,1,3483,POP,4,fbcdgphejalinkom
7,8,2,3483,PUSH,-4,cfadblhejgpinkom,4,-1,1
7,8,1,3484,PUSH,-4,facdgbhejplinkom,4,-1,1
7,8,2,3484,DEL_CUTOFF,1
7,8,1,3485,PUSH,1,fcadgbhejplinkom,4,-1,1
7,8,2,3485,DEL_CUTOFF,-1
7,8,1,3486,DEL_CUTOFF,1
7,8,2,3486,DEL_EXPLORED,4
7,8,1,3487,DEL_EXPLORED,-1
7,8,2,3487,POP,-4,cfadblhejgpinkom
7,8,1,3488,DEL_CUTOFF,4
7,8,2,3488,POP,1,cfhdblaejgpinkom
7,8,1,3489,POP,1,fcadgbhejplinkom
7,8,2,3489,PUSH,-1,cfhdablejgpinkom,-4,4,1
7,8,1,3490,PUSH,-1,afcdgbhejplinkom,4,1
7,8,2,3490,DEL_EXPLORED,1
7,8,1,3491,DEL_EXPLORED,1
7,8,2,3491,PUSH,4,cfhdjbleagpinkom,-4,4,1
7,8,1,3492,DEL_CUTOFF,4
7,8,2,3492,DEL_CUTOFF,1
7,8,1,3493,POP,-1,afcdgbhejplinkom
7,8,2,3493,DEL_CUTOFF,4
7,8,1,3494,DEL_EXPLORED,4
7,8,2,3494,DEL_EXPLORED,-4
7,8,1,3495,POP,-4,facdgbhejplinkom
7,8,2,3495,POP,4,cfhdjbleagpinkom
7,8,1,3496,POP,1,fbcdgahejplinkom
7,8,2,3496,PUSH,-4,afhdcblejgpinkom,4,1
7,8,1,3497,PUSH,4,fbcdjgheaplinkom,-4,4,1
7,8,2,3497,DEL_CUTOFF,1
7,8,1,3498,PUSH,1,fbcdjghepalinkom,-4,4,-1,1
7,8,2,3498,DEL_EXPLORED,4
7,8,1,3499,PUSH,1,fbcdjgheplainkom,-4,4,-1,1
7,8,2,3499,POP,-4,afhdcblejgpinkom
7,8,1,3500,DEL_CUTOFF,1
7,8,2,3500,POP,-1,cfhdablejgpinkom
7,8,1,3501,DEL_EXPLORED,-1
7,8,2,3501,PUSH,4,cfhdbglejapinkom,-4,4,-1,1
7,8,1,3502,DEL_CUTOFF,4
7,8,2,3502,PUSH,1,cfhdbglejpainkom,-4,4,-1,1
7,8,1,3503,DEL_CUTOFF,-4
7,8,2,3503,DEL_CUTOFF,1
7,8,1,3504,POP,1,fbcdjgheplainkom
7,8,2,3504,DEL_EXPLORED,-1
7,8,1,3505,DEL_EXPLORED,-1
7,8,2,3505,DEL_CUTOFF,4
7,8,1,3506,PUSH,4,fbcdjghepklinaom,-4,-1,1
7,8,2,3506,DEL_CUTOFF,-4
7,8,1,3507,DEL_CUTOFF,1
7,8,2,3507,POP,1,cfhdbglejpainkom
7,8,1,3508,DEL_CUTOFF,-1
7,8,2,3508,PUSH,-1,cfhdbgleajpinkom,-4,4,1
7,8,1,3509,DEL_EXPLORED,-4
7,8,2,3509,DEL_EXPLORED,1
7,8,1,3510,POP,4,fbcdjghepklinaom
7,8,2,3510,DEL_CUTOFF,4
7,8,1,3511,PUSH,-4,fbcdjahepglinkom,-4,4,-1,1
7,8,2,3511,DEL_CUTOFF,-4
7,8,1,3512,DEL_CUTOFF,1
7,8,2,3512,POP,-1,cfhdbgleajpinkom
7,8,1,3513,DEL_CUTOFF,-1
7,8,2,3513,PUSH,4,cfhdbglejkpinaom,-4,-1,1
7,8,1,3514,DEL_EXPLORED,4
7,8,2,3514,DEL_CUTOFF,1
7,8,1,3515,DEL_CUTOFF,-4
7,8,2,3515,DEL_CUTOFF,-1
7,8,1,3516,POP,-4,fbcdjahepglinkom
7,8,2,3516,DEL_EXPLORED,-4
7,8,1,3517,POP,1,fbcdjghepalinkom
7,8,2,3517,POP,4,cfhdbglejkpinaom
7,8,1,3518,PUSH,4,fbcdjghenpliakom,-4,1
7,8,2,3518,DEL_EXPLORED,-4
7,8,1,3519,PUSH,1,fbcdjghenplikaom,-4,-1,1
7,8,2,3519,POP,4,cfhdbglejapinkom
7,8,1,3520,DEL_CUTOFF,1
7,8,2,3520,DEL_EXPLORED,-4
7,8,1,3521,DEL_EXPLORED,-1
7,8,2,3521,POP,4,cfhdbalejgpinkom
7,8,1,3522,DEL_CUTOFF,-4
7,8,2,3522,POP,1,cahdbflejgpinkom
7,8,1,3523,POP,1,fbcdjghenplikaom
7,8,2,3523,DEL_EXPLORED,4
7,8,1,3524,DEL_EXPLORED,-4
7,8,2,3524,POP,-4,achdbflejgpinkom
7,8,1,3525,POP,4,fbcdjghenpliakom
7,8,2,3525,POP,-1,bchdaflejgpinkom
7,8,1,3526,DEL_EXPLORED,-4
7,8,2,3526,DEL_EXPLORED,4
7,8,1,3527,POP,4,fbcdjgheaplinkom
7,8,2,3527,PUSH,-4,bahdfclejgpinkom,4,-1,1
7,8,1,3528,DEL_EXPLORED,-4
7,8,2,3528,PUSH,1,bhadfclejgpinkom,4,-1,1
7,8,1,3529,POP,4,fbcdaghejplinkom
7,8,2,3529,PUSH,1,bhdafclejgpinkom,4,-1
7,8,1,3530,POP,-1,abcdfghejplinkom
7,8,2,3530,DEL_EXPLORED,-1
7,8,1,3531,PUSH,4,bgcdfahejplinkom,-4,4,-1,1
7,8,2,3531,PUSH,4,bhdefclajgpinkom,-4,4,-1
7,8,1,3532,PUSH,1,bgcdfhaejplinkom,-4,4,-1,1
7,8,2,3532,PUSH,-1,bhdefcaljgpinkom,-4,4,-1,1
7,8,1,3533,PUSH,1,bgcdfheajplinkom,-4,4,-1
7,8,2,3533,DEL_EXPLORED,1
7,8,1,3534,DEL_EXPLORED,-1
7,8,2,3534,PUSH,-1,bhdefacljgpinkom,-4,4,-1,1
7,8,1,3535,PUSH,4,bgcdfheijplankom,-4,4,-1
7,8,2,3535,DEL_EXPLORED,1
7,8,1,3536,PUSH,-1,bgcdfheijpalnkom,-4,4,-1,1
7,8,2,3536,DEL_CUTOFF,-1
7,8,1,3537,DEL_EXPLORED,1
7,8,2,3537,DEL_CUTOFF,4
7,8,1,3538,DEL_CUTOFF,-1
7,8,2,3538,DEL_CUTOFF,-4
7,8,1,3539,DEL_CUTOFF,4
7,8,2,3539,POP,-1,bhdefacljgpinkom
7,8,1,3540,DEL_CUTOFF,-4
7,8,2,3540,PUSH,4,bhdefcpljgainkom,-4,4,-1,1
7,8,1,3541,POP,-1,bgcdfheijpalnkom
7,8,2,3541,DEL_CUTOFF,1
7,8,1,3542,PUSH,4,bgcdfheijplmnkoa,-4,-1
7,8,2,3542,DEL_CUTOFF,-1
7,8,1,3543,DEL_CUTOFF,-1
7,8,2,3543,DEL_CUTOFF,4
7,8,1,3544,DEL_EXPLORED,-4
7,8,2,3544,DEL_EXPLORED,-4
7,8,1,3545,POP,4,bgcdfheijplmnkoa
7,8,2,3545,POP,4,bhdefcpljgainkom
7,8,1,3546,DEL_EXPLORED,-4
7,8,2,3546,PUSH,-4,bhaefcdljgpinkom,4,-1,1
7,8,1,3547,POP,4,bgcdfheijplankom
7,8,2,3547,DEL_CUTOFF,1
7,8,1,3548,PUSH,-4,bgcafhedjplinkom,4,-1
7,8,2,3548,DEL_CUTOFF,-1
7,8,1,3549,PUSH,-1,bgacfhedjplinkom,4,-1,1
7,8,2,3549,DEL_EXPLORED,4
7,8,1,3550,DEL_EXPLORED,1
7,8,2,3550,POP,-4,bhaefcdljgpinkom
7,8,1,3551,DEL_CUTOFF,-1
7,8,2,3551,POP,-1,bhdefcaljgpinkom
7,8,1,3552,DEL_CUTOFF,4
7,8,2,3552,PUSH,4,bhdefclijgpankom,-4,4,-1
7,8,1,3553,POP,-1,bgacfhedjplinkom
7,8,2,3553,PUSH,-1,bhdefclijgapnkom,-4,4,-1,1
7,8,1,3554,DEL_EXPLORED,4
7,8,2,3554,DEL_EXPLORED,1
7,8,1,3555,POP,-4,bgcafhedjplinkom
7,8,2,3555,DEL_CUTOFF,-1
7,8,1,3556,POP,1,bgcdfheajplinkom
7,8,2,3556,DEL_CUTOFF,4
7,8,1,3557,DEL_EXPLORED,-1
7,8,2,3557,DEL_CUTOFF,-4
7,8,1,3558,PUSH,4,bgcdfhlejpainkom,-4,4,-1,1
7,8,2,3558,POP,-1,bhdefclijgapnkom
7,8,1,3559,PUSH,1,bgcdfhlejpiankom,-4,4,-1
7,8,2,3559,PUSH,4,bhdefclijgpmnkoa,-4,-1
7,8,1,3560,DEL_EXPLORED,-1
7,8,2,3560,DEL_CUTOFF,-1
7,8,1,3561,PUSH,4,bgcdfhlejpimnkoa,-4,-1
7,8,2,3561,DEL_EXPLORED,-4
7,8,1,3562,DEL_CUTOFF,-1
7,8,2,3562,POP,4,bhdefclijgpmnkoa
7,8,1,3563,DEL_EXPLORED,-4
7,8,2,3563,DEL_EXPLORED,-4
7,8,1,3564,POP,4,bgcdfhlejpimnkoa
7,8,2,3564,POP,4,bhdefclijgpankom
7,8,1,3565,PUSH,-4,bgcdfhlajpienkom,-4,4,-1
7,8,2,3565,DEL_EXPLORED,-4
7,8,1,3566,DEL_CUTOFF,-1
7,8,2,3566,POP,4,bhdefclajgpinkom
7,8,1,3567,DEL_EXPLORED,4
7,8,2,3567,POP,1,bhdafclejgpinkom
7,8,1,3568,DEL_CUTOFF,-4
7,8,2,3568,DEL_EXPLORED,-1
7,8,1,3569,POP,-4,bgcdfhlajpienkom
7,8,2,3569,PUSH,4,bhldfcaejgpinkom,-4,4,-1,1
7,8,1,3570,POP,1,bgcdfhlejpiankom
7,8,2,3570,PUSH,1,bhldfceajgpinkom,-4,4,-1
7,8,1,3571,PUSH,-1,bgcdfhlejapinkom,-4,4,-1,1
7,8,2,3571,DEL_EXPLORED,-1
7,8,1,3572,DEL_EXPLORED,1
7,8,2,3572,PUSH,4,bhldfceijgpankom,-4,4,-1
7,8,1,3573,PUSH,-1,bgcdfhleajpinkom,-4,4,1
7,8,2,3573,PUSH,-1,bhldfceijgapnkom,-4,4,-1,1
7,8,1,3574,DEL_EXPLORED,1
7,8,2,3574,DEL_EXPLORED,1
7,8,1,3575,DEL_CUTOFF,4
7,8,2,3575,DEL_CUTOFF,-1
7,8,1,3576,DEL_CUTOFF,-4
7,8,2,3576,DEL_CUTOFF,4
7,8,1,3577,POP,-1,bgcdfhleajpinkom
7,8,2,3577,DEL_CUTOFF,-4
7,8,1,3578,PUSH,4,bgcdfhlejkpinaom,-4,-1,1
7,8,2,3578,POP,-1,bhldfceijgapnkom
7,8,1,3579,DEL_CUTOFF,1
7,8,2,3579,PUSH,4,bhldfceijgpmnkoa,-4,-1
7,8,1,3580,DEL_CUTOFF,-1
7,8,2,3580,DEL_CUTOFF,-1
7,8,1,3581,DEL_EXPLORED,-4
7,8,2,3581,DEL_EXPLORED,-4
7,8,1,3582,POP,4,bgcdfhlejkpinaom
7,8,2,3582,POP,4,bhldfceijgpmnkoa
7,8,1,3583,PUSH,-4,bgcdfalejhpinkom,-4,4,-1,1
7,8,2,3583,DEL_EXPLORED,-4
7,8,1,3584,DEL_CUTOFF,1
7,8,2,3584,POP,4,bhldfceijgpankom
7,8,1,3585,DEL_CUTOFF,-1
7,8,2,3585,PUSH,-4,bhlafcedjgpinkom,4,-1
7,8,1,3586,DEL_EXPLORED,4
7,8,2,3586,PUSH,-1,bhalfcedjgpinkom,4,-1,1
7,8,1,3587,DEL_CUTOFF,-4
7,8,2,3587,DEL_EXPLORED,1
7,8,1,3588,POP,-4,bgcdfalejhpinkom
7,8,2,3588,DEL_CUTOFF,-1
7,8,1,3589,POP,-1,bgcdfhlejapinkom
7,8,2,3589,DEL_CUTOFF,4
7,8,1,3590,PUSH,4,bgcdfhlejpoinkam,-4,-1,1
7,8,2,3590,POP,-1,bhalfcedjgpinkom
7,8,1,3591,PUSH,1,bgcdfhlejpoinkma,-4,-1
7,8,2,3591,DEL_EXPLORED,4
7,8,1,3592,DEL_EXPLORED,-1
7,8,2,3592,POP,-4,bhlafcedjgpinkom
7,8,1,3593,DEL_CUTOFF,-4
7,8,2,3593,POP,1,bhldfceajgpinkom
7,8,1,3594,POP,1,bgcdfhlejpoinkma
7,8,2,3594,PUSH,-1,bhldfacejgpinkom,-4,4,-1,1
7,8,1,3595,PUSH,-1,bgcdfhlejpoinakm,-4,-1,1
7,8,2,3595,DEL_EXPLORED,1
7,8,1,3596,DEL_EXPLORED,1
7,8,2,3596,PUSH,-1,bhldafcejgpinkom,-4,4,1
7,8,1,3597,DEL_CUTOFF,-1
7,8,2,3597,DEL_EXPLORED,1
7,8,1,3598,DEL_CUTOFF,-4
7,8,2,3598,PUSH,4,bhldjfceagpinkom,-4,4,1
7,8,1,3599,POP,-1,bgcdfhlejpoinakm
7,8,2,3599,DEL_CUTOFF,1
7,8,1,3600,DEL_EXPLORED,-4
7,8,2,3600,DEL_CUTOFF,4
7,8,1,3601,POP,4,bgcdfhlejpoinkam
7,8,2,3601,DEL_EXPLORED,-4
7,8,1,3602,DEL_EXPLORED,-4
7,8,2,3602,POP,4,bhldjfceagpinkom
7,8,1,3603,POP,4,bgcdfhlejpainkom
7,8,2,3603,PUSH,-4,ahldbfcejgpinkom,4,1
7,8,1,3604,PUSH,-4,bgadfhcejplinkom,4,-1,1
7,8,2,3604,DEL_CUTOFF,1
7,8,1,3605,PUSH,1,bgdafhcejplinkom,4,-1
7,8,2,3605,DEL_EXPLORED,4
7,8,1,3606,DEL_EXPLORED,-1
7,8,2,3606,POP,-4,ahldbfcejgpinkom
7,8,1,3607,PUSH,4,bgdefhcajplinkom,-4,4,-1
7,8,2,3607,POP,-1,bhldafcejgpinkom
7,8,1,3608,DEL_CUTOFF,-1
7,8,2,3608,PUSH,4,bhldfgcejapinkom,-4,4,-1,1
7,8,1,3609,DEL_CUTOFF,4
7,8,2,3609,PUSH,1,bhldfgcejpainkom,-4,4,-1,1
7,8,1,3610,DEL_EXPLORED,-4
7,8,2,3610,DEL_CUTOFF,1
7,8,1,3611,POP,4,bgdefhcajplinkom
7,8,2,3611,DEL_EXPLORED,-1
7,8,1,3612,POP,1,bgdafhcejplinkom
7,8,2,3612,DEL_CUTOFF,4
7,8,1,3613,PUSH,-1,bagdfhcejplinkom,4,-1,1
7,8,2,3613,DEL_CUTOFF,-4
7,8,1,3614,DEL_EXPLORED,1
7,8,2,3614,POP,1,bhldfgcejpainkom
7,8,1,3615,PUSH,-1,abgdfhcejplinkom,4,1
7,8,2,3615,PUSH,-1,bhldfgceajpinkom,-4,4,1
7,8,1,3616,DEL_EXPLORED,1
7,8,2,3616,DEL_EXPLORED,1
7,8,1,3617,DEL_CUTOFF,4
7,8,2,3617,DEL_CUTOFF,4
7,8,1,3618,POP,-1,abgdfhcejplinkom
7,8,2,3618,DEL_CUTOFF,-4
7,8,1,3619,PUSH,4,bhgdfacejplinkom,-4,4,-1,1
7,8,2,3619,POP,-1,bhldfgceajpinkom
7,8,1,3620,DEL_CUTOFF,1
7,8,2,3620,PUSH,4,bhldfgcejkpinaom,-4,-1,1
7,8,1,3621,DEL_CUTOFF,-1
7,8,2,3621,DEL_CUTOFF,1
7,8,1,3622,DEL_CUTOFF,4
7,8,2,3622,DEL_CUTOFF,-1
7,8,1,3623,DEL_EXPLORED,-4
7,8,2,3623,DEL_EXPLORED,-4
7,8,1,3624,POP,4,bhgdfacejplinkom
7,8,2,3624,POP,4,bhldfgcejkpinaom
7,8,1,3625,POP,-1,bagdfhcejplinkom
7,8,2,3625,DEL_EXPLORED,-4
7,8,1,3626,DEL_EXPLORED,4
7,8,2,3626,POP,4,bhldfgcejapinkom
7,8,1,3627,POP,-4,bgadfhcejplinkom
7,8,2,3627,PUSH,-4,baldfhcejgpinkom,4,-1,1
7,8,1,3628,POP,1,bgcdfhaejplinkom
7,8,2,3628,PUSH,1,bladfhcejgpinkom,4,-1,1
7,8,1,3629,PUSH,-1,bgcdafhejplinkom,-4,4,1
7,8,2,3629,DEL_CUTOFF,1
7,8,1,3630,DEL_EXPLORED,1
7,8,2,3630,DEL_EXPLORED,-1
7,8,1,3631,PUSH,4,bgcdjfheaplinkom,-4,4,1
7,8,2,3631,DEL_CUTOFF,4
7,8,1,3632,PUSH,1,bgcdjfhepalinkom,-4,4,-1,1
7,8,2,3632,POP,1,bladfhcejgpinkom
7,8,1,3633,PUSH,1,bgcdjfheplainkom,-4,4,-1,1
7,8,2,3633,PUSH,-1,abldfhcejgpinkom,4,1
7,8,1,3634,DEL_CUTOFF,1
7,8,2,3634,DEL_EXPLORED,1
7,8,1,3635,DEL_EXPLORED,-1
7,8,2,3635,DEL_CUTOFF,4
7,8,1,3636,DEL_CUTOFF,4
7,8,2,3636,POP,-1,abldfhcejgpinkom
7,8,1,3637,DEL_CUTOFF,-4
7,8,2,3637,DEL_EXPLORED,4
7,8,1,3638,POP,1,bgcdjfheplainkom
7,8,2,3638,POP,-4,baldfhcejgpinkom
7,8,1,3639,DEL_EXPLORED,-1
7,8,2,3639,POP,-1,bhldfacejgpinkom
7,8,1,3640,PUSH,4,bgcdjfhepklinaom,-4,-1,1
7,8,2,3640,PUSH,4,bhldfcpejgainkom,-4,4,-1,1
7,8,1,3641,DEL_CUTOFF,1
7,8,2,3641,PUSH,1,bhldfcpejgiankom,-4,4,-1
7,8,1,3642,DEL_CUTOFF,-1
7,8,2,3642,DEL_EXPLORED,-1
7,8,1,3643,DEL_EXPLORED,-4
7,8,2,3643,PUSH,4,bhldfcpejgimnkoa,-4,-1
7,8,1,3644,POP,4,bgcdjfhepklinaom
7,8,2,3644,DEL_CUTOFF,-1
7,8,1,3645,PUSH,-4,bgcdjahepflinkom,-4,4,-1,1
7,8,2,3645,DEL_EXPLORED,-4
7,8,1,3646,DEL_CUTOFF,1
7,8,2,3646,POP,4,bhldfcpejgimnkoa
7,8,1,3647,DEL_CUTOFF,-1
7,8,2,3647,PUSH,-4,bhldfcpajgienkom,-4,4,-1
7,8,1,3648,DEL_EXPLORED,4
7,8,2,3648,DEL_CUTOFF,-1
7,8,1,3649,DEL_CUTOFF,-4
7,8,2,3649,DEL_EXPLORED,4
7,8,1,3650,POP,-4,bgcdjahepflinkom
7,8,2,3650,DEL_CUTOFF,-4
7,8,1,3651,POP,1,bgcdjfhepalinkom
7,8,2,3651,POP,-4,bhldfcpajgienkom
7,8,1,3652,PUSH,4,bgcdjfhenpliakom,-4,1
7,8,2,3652,POP,1,bhldfcpejgiankom
7,8,1,3653,PUSH,1,bgcdjfhenplikaom,-4,-1,1
7,8,2,3653,PUSH,-1,bhldfcpejaginkom,-4,4,-1,1
7,8,1,3654,DEL_CUTOFF,1
7,8,2,3654,DEL_EXPLORED,1
7,8,1,3655,DEL_EXPLORED,-1
7,8,2,3655,PUSH,-1,bhldfcpeajginkom,-4,4,1
7,8,1,3656,DEL_CUTOFF,-4
7,8,2,3656,DEL_EXPLORED,1
7,8,1,3657,POP,1,bgcdjfhenplikaom
7,8,2,3657,DEL_CUTOFF,4
7,8,1,3658,DEL_EXPLORED,-4
7,8,2,3658,DEL_CUTOFF,-4
7,8,1,3659,POP,4,bgcdjfhenpliakom
7,8,2,3659,POP,-1,bhldfcpeajginkom
7,8,1,3660,DEL_EXPLORED,-4
7,8,2,3660,PUSH,4,bhldfcpejkginaom,-4,-1,1
7,8,1,3661,POP,4,bgcdjfheaplinkom
7,8,2,3661,DEL_CUTOFF,1
7,8,1,3662,PUSH,-4,agcdbfhejplinkom,4,1
7,8,2,3662,DEL_CUTOFF,-1
7,8,1,3663,PUSH,1,gacdbfhejplinkom,4,-1,1
7,8,2,3663,DEL_EXPLORED,-4
7,8,1,3664,PUSH,1,gcadbfhejplinkom,4,-1,1
7,8,2,3664,POP,4,bhldfcpejkginaom
7,8,1,3665,DEL_CUTOFF,1
7,8,2,3665,PUSH,-4,bhldfapejcginkom,-4,4,-1,1
7,8,1,3666,DEL_EXPLORED,-1
7,8,2,3666,DEL_CUTOFF,1
7,8,1,3667,DEL_CUTOFF,4
7,8,2,3667,DEL_CUTOFF,-1
7,8,1,3668,POP,1,gcadbfhejplinkom
7,8,2,3668,DEL_EXPLORED,4
7,8,1,3669,DEL_EXPLORED,-1
7,8,2,3669,DEL_CUTOFF,-4
7,8,1,3670,PUSH,4,gfcdbahejplinkom,-4,4,-1,1
7,8,2,3670,POP,-4,bhldfapejcginkom
7,8,1,3671,DEL_CUTOFF,1
7,8,2,3671,POP,-1,bhldfcpejaginkom
7,8,1,3672,DEL_CUTOFF,-1
7,8,2,3672,PUSH,4,bhldfcpejgoinkam,-4,-1,1
7,8,1,3673,DEL_CUTOFF,4
7,8,2,3673,PUSH,1,bhldfcpejgoinkma,-4,-1
7,8,1,3674,DEL_EXPLORED,-4
7,8,2,3674,DEL_EXPLORED,-1
7,8,1,3675,POP,4,gfcdbahejplinkom
7,8,2,3675,DEL_CUTOFF,-4
7,8,1,3676,POP,1,gacdbfhejplinkom
7,8,2,3676,POP,1,bhldfcpejgoinkma
7,8,1,3677,DEL_EXPLORED,4
7,8,2,3677,PUSH,-1,bhldfcpejgoinakm,-4,-1,1
7,8,1,3678,POP,-4,agcdbfhejplinkom
7,8,2,3678,DEL_EXPLORED,1
7,8,1,3679,POP,-1,bgcdafhejplinkom
7,8,2,3679,DEL_CUTOFF,-1
7,8,1,3680,PUSH,4,bgcdfphejalinkom,-4,4,-1,1
7,8,2,3680,DEL_CUTOFF,-4
7,8,1,3681,PUSH,1,bgcdfphejlainkom,-4,4,-1,1
7,8,2,3681,POP,-1,bhldfcpejgoinakm
7,8,1,3682,PUSH,1,bgcdfphejliankom,-4,4,-1
7,8,2,3682,DEL_EXPLORED,-4
7,8,1,3683,DEL_EXPLORED,-1
7,8,2,3683,POP,4,bhldfcpejgoinkam
7,8,1,3684,PUSH,4,bgcdfphejlimnkoa,-4,-1
7,8,2,3684,DEL_EXPLORED,-4
7,8,1,3685,DEL_CUTOFF,-1
7,8,2,3685,POP,4,bhldfcpejgainkom
7,8,1,3686,DEL_EXPLORED,-4
7,8,2,3686,DEL_EXPLORED,-4
7,8,1,3687,POP,4,bgcdfphejlimnkoa
7,8,2,3687,POP,4,bhldfcaejgpinkom
7,8,1,3688,PUSH,-4,bgcdfphajlienkom,-4,4,-1
7,8,2,3688,POP,1,bhadfclejgpinkom
7,8,1,3689,DEL_CUTOFF,-1
7,8,2,3689,PUSH,-1,abhdfclejgpinkom,4,1
7,8,1,3690,DEL_EXPLORED,4
7,8,2,3690,DEL_EXPLORED,1
7,8,1,3691,DEL_CUTOFF,-4
7,8,2,3691,PUSH,4,fbhdaclejgpinkom,-4,4,1
7,8,1,3692,POP,-4,bgcdfphajlienkom
7,8,2,3692,PUSH,1,fbhdcalejgpinkom,-4,4,-1,1
7,8,1,3693,POP,1,bgcdfphejliankom
7,8,2,3693,PUSH,1,fbhdclaejgpinkom,-4,4,-1,1
7,8,1,3694,DEL_EXPLORED,-1
7,8,2,3694,PUSH,1,fbhdcleajgpinkom,-4,4,-1
7,8,1,3695,PUSH,4,bgcdfphejloinkam,-4,-1,1
7,8,2,3695,DEL_EXPLORED,-1
7,8,1,3696,PUSH,1,bgcdfphejloinkma,-4,-1
7,8,2,3696,DEL_CUTOFF,4
7,8,1,3697,DEL_EXPLORED,-1
7,8,2,3697,DEL_CUTOFF,-4
7,8,1,3698,DEL_CUTOFF,-4
7,8,2,3698,POP,1,fbhdcleajgpinkom
7,8,1,3699,POP,1,bgcdfphejloinkma
7,8,2,3699,DEL_EXPLORED,-1
7,8,1,3700,PUSH,-1,bgcdfphejloinakm,-4,-1,1
7,8,2,3700,PUSH,4,fbhdclpejgainkom,-4,4,-1,1
7,8,1,3701,DEL_EXPLORED,1
7,8,2,3701,DEL_CUTOFF,1
7,8,1,3702,DEL_CUTOFF,-1
7,8,2,3702,DEL_CUTOFF,-1
7,8,1,3703,DEL_CUTOFF,-4
7,8,2,3703,DEL_CUTOFF,4
7,8,1,3704,POP,-1,bgcdfphejloinakm
7,8,2,3704,DEL_EXPLORED,-4
7,8,1,3705,DEL_EXPLORED,-4
7,8,2,3705,POP,4,fbhdclpejgainkom
7,8,1,3706,POP,4,bgcdfphejloinkam
7,8,2,3706,PUSH,-4,fbadclhejgpinkom,4,-1,1
7,8,1,3707,PUSH,-4,bgcdfpaejlhinkom,-4,4,-1,1
7,8,2,3707,DEL_CUTOFF,1
7,8,1,3708,PUSH,1,bgcdfpeajlhinkom,-4,4,-1
7,8,2,3708,DEL_CUTOFF,-1
7,8,1,3709,DEL_EXPLORED,-1
7,8,2,3709,DEL_EXPLORED,4
7,8,1,3710,DEL_CUTOFF,4
7,8,2,3710,POP,-4,fbadclhejgpinkom
7,8,1,3711,DEL_CUTOFF,-4
7,8,2,3711,POP,1,fbhdclaejgpinkom
7,8,1,3712,POP,1,bgcdfpeajlhinkom
7,8,2,3712,DEL_EXPLORED,-1
7,8,1,3713,PUSH,-1,bgcdfapejlhinkom,-4,4,-1,1
7,8,2,3713,PUSH,4,fbhdcglejapinkom,-4,4,-1,1
7,8,1,3714,DEL_EXPLORED,1
7,8,2,3714,PUSH,1,fbhdcglejpainkom,-4,4,-1,1
7,8,1,3715,DEL_CUTOFF,-1
7,8,2,3715,DEL_CUTOFF,1
7,8,1,3716,DEL_CUTOFF,4
7,8,2,3716,DEL_EXPLORED,-1
7,8,1,3717,DEL_CUTOFF,-4
7,8,2,3717,DEL_CUTOFF,4
7,8,1,3718,POP,-1,bgcdfapejlhinkom
7,8,2,3718,DEL_CUTOFF,-4
7,8,1,3719,DEL_EXPLORED,4
7,8,2,3719,POP,1,fbhdcglejpainkom
7,8,1,3720,PUSH,-4,bgadfpcejlhinkom,4,-1,1
7,8,2,3720,PUSH,-1,fbhdcgleajpinkom,-4,4,1
7,8,1,3721,DEL_CUTOFF,1
7,8,2,3721,DEL_EXPLORED,1
7,8,1,3722,DEL_CUTOFF,-1
7,8,2,3722,DEL_CUTOFF,4
7,8,1,3723,DEL_EXPLORED,4
7,8,2,3723,DEL_CUTOFF,-4
7,8,1,3724,POP,-4,bgadfpcejlhinkom
7,8,2,3724,POP,-1,fbhdcgleajpinkom
7,8,1,3725,POP,-4,bgcdfpaejlhinkom
7,8,2,3725,PUSH,4,fbhdcglejkpinaom,-4,-1,1
7,8,1,3726,POP,1,bgcdfphejlainkom
7,8,2,3726,DEL_CUTOFF,1
7,8,1,3727,PUSH,-1,bgcdfpheajlinkom,-4,4,1
7,8,2,3727,DEL_CUTOFF,-1
7,8,1,3728,DEL_EXPLORED,1
7,8,2,3728,DEL_EXPLORED,-4
7,8,1,3729,PUSH,4,bgcdfphenjliakom,-4,1
7,8,2,3729,POP,4,fbhdcglejkpinaom
7,8,1,3730,PUSH,1,bgcdfphenjlikaom,-4,-1,1
7,8,2,3730,DEL_EXPLORED,-4
7,8,1,3731,DEL_CUTOFF,1
7,8,2,3731,POP,4,fbhdcglejapinkom
7,8,1,3732,DEL_EXPLORED,-1
7,8,2,3732,PUSH,-4,fahdcblejgpinkom,4,-1,1
7,8,1,3733,DEL_CUTOFF,-4
7,8,2,3733,PUSH,1,fhadcblejgpinkom,4,-1,1
7,8,1,3734,POP,1,bgcdfphenjlikaom
7,8,2,3734,DEL_CUTOFF,1
7,8,1,3735,DEL_EXPLORED,-4
7,8,2,3735,DEL_EXPLORED,-1
7,8,1,3736,POP,4,bgcdfphenjliakom
7,8,2,3736,DEL_CUTOFF,4
7,8,1,3737,PUSH,-4,bgcdaphefjlinkom,-4,4,1
7,8,2,3737,POP,1,fhadcblejgpinkom
7,8,1,3738,PUSH,1,bgcdpahefjlinkom,-4,4,-1,1
7,8,2,3738,PUSH,-1,afhdcblejgpinkom,4,1
7,8,1,3739,DEL_CUTOFF,1
7,8,2,3739,DEL_EXPLORED,1
7,8,1,3740,DEL_EXPLORED,-1
7,8,2,3740,DEL_CUTOFF,4
7,8,1,3741,DEL_CUTOFF,4
7,8,2,3741,POP,-1,afhdcblejgpinkom
7,8,1,3742,DEL_CUTOFF,-4
7,8,2,3742,DEL_EXPLORED,4
7,8,1,3743,POP,1,bgcdpahefjlinkom
7,8,2,3743,POP,-4,fahdcblejgpinkom
7,8,1,3744,DEL_EXPLORED,4
7,8,2,3744,POP,1,fbhdcalejgpinkom
7,8,1,3745,PUSH,-4,agcdbphefjlinkom,4,1
7,8,2,3745,PUSH,4,fbhdjcleagpinkom,-4,4,1
7,8,1,3746,DEL_CUTOFF,1
7,8,2,3746,PUSH,1,fbhdjclegapinkom,-4,4,-1,1
7,8,1,3747,DEL_EXPLORED,4
7,8,2,3747,PUSH,1,fbhdjclegpainkom,-4,4,-1,1
7,8,1,3748,POP,-4,agcdbphefjlinkom
7,8,2,3748,DEL_CUTOFF,1
7,8,1,3749,POP,-4,bgcdaphefjlinkom
7,8,2,3749,DEL_EXPLORED,-1
7,8,1,3750,POP,-1,bgcdfpheajlinkom
7,8,2,3750,DEL_CUTOFF,4
7,8,1,3751,PUSH,4,bgcdfphejklinaom,-4,-1,1
7,8,2,3751,DEL_CUTOFF,-4
7,8,1,3752,PUSH,1,bgcdfphejklinoam,-4,-1,1
7,8,2,3752,POP,1,fbhdjclegpainkom
7,8,1,3753,PUSH,1,bgcdfphejklinoma,-4,-1
7,8,2,3753,DEL_EXPLORED,-1
7,8,1,3754,DEL_EXPLORED,-1
7,8,2,3754,PUSH,4,fbhdjclegkpinaom,-4,-1,1
7,8,1,3755,DEL_CUTOFF,-4
7,8,2,3755,DEL_CUTOFF,1
7,8,1,3756,POP,1,bgcdfphejklinoma
7,8,2,3756,DEL_CUTOFF,-1
7,8,1,3757,DEL_EXPLORED,-1
7,8,2,3757,DEL_EXPLORED,-4
7,8,1,3758,PUSH,-4,bgcdfphejkainolm,-4,4,-1,1
7,8,2,3758,POP,4,fbhdjclegkpinaom
7,8,1,3759,DEL_CUTOFF,1
7,8,2,3759,PUSH,-4,fbhdjalegcpinkom,-4,4,-1,1
7,8,1,3760,DEL_CUTOFF,-1
7,8,2,3760,DEL_CUTOFF,1
7,8,1,3761,DEL_EXPLORED,4
7,8,2,3761,DEL_CUTOFF,-1
7,8,1,3762,DEL_CUTOFF,-4
7,8,2,3762,DEL_EXPLORED,4
7,8,1,3763,POP,-4,bgcdfphejkainolm
7,8,2,3763,DEL_CUTOFF,-4
7,8,1,3764,POP,1,bgcdfphejklinoam
7,8,2,3764,POP,-4,fbhdjalegcpinkom
7,8,1,3765,PUSH,-1,bgcdfphejklianom,-4,1
7,8,2,3765,POP,1,fbhdjclegapinkom
7,8,1,3766,DEL_EXPLORED,1
7,8,2,3766,PUSH,4,fbhdjclengpiakom,-4,1
7,8,1,3767,PUSH,-4,bgcdfpheaklijnom,-4,4,1
7,8,2,3767,PUSH,1,fbhdjclengpikaom,-4,-1,1
7,8,1,3768,DEL_CUTOFF,1
7,8,2,3768,DEL_CUTOFF,1
7,8,1,3769,DEL_EXPLORED,4
7,8,2,3769,DEL_EXPLORED,-1
7,8,1,3770,DEL_CUTOFF,-4
7,8,2,3770,DEL_CUTOFF,-4
7,8,1,3771,POP,-4,bgcdfpheaklijnom
7,8,2,3771,POP,1,fbhdjclengpikaom
7,8,1,3772,POP,-1,bgcdfphejklianom
7,8,2,3772,DEL_EXPLORED,-4
7,8,1,3773,DEL_EXPLORED,-4
7,8,2,3773,POP,4,fbhdjclengpiakom
7,8,1,3774,POP,4,bgcdfphejklinaom
7,8,2,3774,DEL_EXPLORED,-4
7,8,1,3775,DEL_EXPLORED,-4
7,8,2,3775,POP,4,fbhdjcleagpinkom
7,8,1,3776,POP,4,bgcdfphejalinkom
7,8,2,3776,DEL_EXPLORED,-4
7,8,1,3777,DEL_EXPLORED,-4
7,8,2,3777,POP,4,fbhdaclejgpinkom
7,8,1,3778,POP,4,bgcdfahejplinkom
7,8,2,3778,POP,-1,abhdfclejgpinkom
7,8,1,3779,POP,-1,bacdfghejplinkom
7,8,2,3779,DEL_EXPLORED,4
7,8,1,3780,DEL_EXPLORED,4
7,8,2,3780,POP,-4,bahdfclejgpinkom
7,8,1,3781,POP,-4,bcadfghejplinkom
7,8,2,3781,POP,-4,bchdfalejgpinkom
7,8,1,3782,POP,-4,bchdfgaejplinkom
7,8,2,3782,POP,-1,bchdfglejapinkom
7,8,1,3783,POP,0,bchdfglejpainkom
7,8,2,3783,POP,0,bchdfglejpainkom
8,9,0,3784,PUSH,1,bchdfglejpoinkma,-4,-1
8,9,1,3784,PUSH,1,bchdfgeajplinkom,-4,4,-1
8,9,2,3784,DEL_EXPLORED,1
8,9,3,3784,PUSH,-1,bchdfglejpimnkao,-4,-1,1
8,9,4,3784,PUSH,-1,bchdfgaljpienkom,-4,4,-1,1
8,9,0,3785,DEL_EXPLORED,-1
8,9,1,3785,DEL_EXPLORED,-1
8,9,2,3785,PUSH,-1,bchdfgleajpinkom,-4,4,1
8,9,3,3785,DEL_EXPLORED,1
8,9,4,3785,DEL_EXPLORED,1
8,9,0,3786,PUSH,-4,bchdfglejpoankmi,-4,4,-1
8,9,1,3786,PUSH,4,bchdfgeijplankom,-4,4,-1
8,9,2,3786,DEL_EXPLORED,1
8,9,3,3786,PUSH,-1,bchdfglejpimnako,-4,-1,1
8,9,4,3786,PUSH,-1,bchdfagljpienkom,-4,4,-1,1
8,9,0,3787,PUSH,-1,bchdfglejpaonkmi,-4,4,-1,1
8,9,1,3787,PUSH,-1,bchdfgeijpalnkom,-4,4,-1,1
8,9,2,3787,PUSH,4,bchdfglenjpiakom,-4,1
8,9,3,3787,DEL_EXPLORED,1
8,9,4,3787,DEL_EXPLORED,1
8,9,0,3788,DEL_EXPLORED,1
8,9,1,3788,DEL_EXPLORED,1
8,9,2,3788,PUSH,1,bchdfglenjpikaom,-4,-1,1
8,9,3,3788,PUSH,-1,bchdfglejpimanko,-4,1
8,9,4,3788,PUSH,-1,bchdafgljpienkom,-4,4,1
8,9,0,3789,PUSH,-1,bchdfglejaponkmi,-4,4,-1,1
8,9,1,3789,PUSH,-1,bchdfgeijaplnkom,-4,4,-1,1
8,9,2,3789,PUSH,1,bchdfglenjpikoam,-4,-1,1
8,9,3,3789,DEL_EXPLORED,1
8,9,4,3789,DEL_EXPLORED,1
8,9,0,3790,DEL_EXPLORED,1
8,9,1,3790,DEL_EXPLORED,1
8,9,2,3790,PUSH,1,bchdfglenjpikoma,-4,-1
8,9,3,3790,PUSH,-4,bchdfgleapimjnko,-4,4,1
8,9,4,3790,PUSH,4,bchdjfglapienkom,-4,4,1
8,9,0,3791,PUSH,-1,bchdfgleajponkmi,-4,4,1
8,9,1,3791,PUSH,-1,bchdfgeiajplnkom,-4,4,1
8,9,2,3791,DEL_EXPLORED,-1
8,9,3,3791,PUSH,1,bchdfglepaimjnko,-4,4,-1,1
8,9,4,3791,PUSH,1,bchdjfglpaienkom,-4,4,-1,1
8,9,0,3792,DEL_EXPLORED,1
8,9,1,3792,DEL_EXPLORED,1
8,9,2,3792,PUSH,-4,bchdfglenjpakomi,-4,4,-1
8,9,3,3792,PUSH,1,bchdfglepiamjnko,-4,4,-1,1
8,9,4,3792,PUSH,1,bchdjfglpiaenkom,-4,4,-1,1
8,9,0,3793,PUSH,4,bchdfglenjpoakmi,-4,1
8,9,1,3793,PUSH,4,bchdfgeinjplakom,-4,1
8,9,2,3793,PUSH,-1,bchdfglenjapkomi,-4,4,-1,1
8,9,3,3793,PUSH,1,bchdfglepimajnko,-4,4,-1
8,9,4,3793,PUSH,1,bchdjfglpieankom,-4,4,-1
8,9,0,3794,PUSH,1,bchdfglenjpokami,-4,-1,1
8,9,1,3794,PUSH,1,bchdfgeinjplkaom,-4,-1,1
8,9,2,3794,DEL_EXPLORED,1
8,9,3,3794,DEL_EXPLORED,-1
8,9,4,3794,DEL_EXPLORED,-1
8,9,0,3795,PUSH,1,bchdfglenjpokmai,-4,-1,1
8,9,1,3795,PUSH,1,bchdfgeinjplkoam,-4,-1,1
8,9,2,3795,PUSH,-1,bchdfglenajpkomi,-4,4,-1,1
8,9,3,3795,DEL_CUTOFF,4
8,9,4,3795,DEL_CUTOFF,4
8,9,0,3796,DEL_CUTOFF,1
8,9,1,3796,DEL_CUTOFF,1
8,9,2,3796,DEL_EXPLORED,1
8,9,3,3796,DEL_CUTOFF,-4
8,9,4,3796,DEL_CUTOFF,-4
8,9,0,3797,DEL_EXPLORED,-1
8,9,1,3797,DEL_EXPLORED,-1
8,9,2,3797,DEL_CUTOFF,-1
8,9,3,3797,POP,1,bchdfglepimajnko
8,9,4,3797,POP,1,bchdjfglpieankom
8,9,0,3798,DEL_CUTOFF,-4
8,9,1,3798,DEL_CUTOFF,-4
8,9,2,3798,DEL_CUTOFF,4
8,9,3,3798,DEL_EXPLORED,-1
8,9,4,3798,DEL_EXPLORED,-1
8,9,0,3799,POP,1,bchdfglenjpokmai
8,9,1,3799,POP,1,bchdfgeinjplkoam
8,9,2,3799,DEL_CUTOFF,-4
8,9,3,3799,PUSH,4,bchdfglepikmjnao,-4,-1,1
8,9,4,3799,PUSH,4,bchdjfglpioenkam,-4,-1,1
8,9,0,3800,DEL_EXPLORED,-1
8,9,1,3800,DEL_EXPLORED,-1
8,9,2,3800,POP,-1,bchdfglenajpkomi
8,9,3,3800,DEL_CUTOFF,1
8,9,4,3800,DEL_CUTOFF,1
8,9,0,3801,PUSH,-4,bchdfglenapokjmi,-4,4,-1,1
8,9,1,3801,PUSH,-4,bchdfgeinaplkjom,-4,4,-1,1
8,9,2,3801,PUSH,4,bchdfglenjmpkoai,-4,-1,1
8,9,3,3801,DEL_CUTOFF,-1
8,9,4,3801,DEL_CUTOFF,-1
8,9,0,3802,DEL_CUTOFF,1
8,9,1,3802,DEL_CUTOFF,1
8,9,2,3802,DEL_CUTOFF,1
8,9,3,3802,DEL_EXPLORED,-4
8,9,4,3802,DEL_EXPLORED,-4
8,9,0,3803,DEL_CUTOFF,-1
8,9,1,3803,DEL_CUTOFF,-1
8,9,2,3803,DEL_CUTOFF,-1
8,9,3,3803,POP,4,bchdfglepikmjnao
8,9,4,3803,POP,4,bchdjfglpioenkam
8,9,0,3804,DEL_EXPLORED,4
8,9,1,3804,DEL_EXPLORED,4
8,9,2,3804,DEL_EXPLORED,-4
8,9,3,3804,PUSH,-4,bchdfgaepilmjnko,-4,4,-1,1
8,9,4,3804,PUSH,-4,bchdjfalpigenkom,-4,4,-1,1
8,9,0,3805,DEL_CUTOFF,-4
8,9,1,3805,DEL_CUTOFF,-4
8,9,2,3805,POP,4,bchdfglenjmpkoai
8,9,3,3805,DEL_CUTOFF,1
8,9,4,3805,DEL_CUTOFF,1
8,9,0,3806,POP,-4,bchdfglenapokjmi
8,9,1,3806,POP,-4,bchdfgeinaplkjom
8,9,2,3806,PUSH,-4,bchdfgaenjlpkomi,-4,4,-1,1
8,9,3,3806,DEL_CUTOFF,-1
8,9,4,3806,DEL_CUTOFF,-1
8,9,0,3807,POP,1,bchdfglenjpokami
8,9,1,3807,POP,1,bchdfgeinjplkaom
8,9,2,3807,DEL_CUTOFF,1
8,9,3,3807,DEL_EXPLORED,4
8,9,4,3807,DEL_EXPLORED,4
8,9,0,3808,DEL_EXPLORED,-4
8,9,1,3808,DEL_EXPLORED,-4
8,9,2,3808,DEL_CUTOFF,-1
8,9,3,3808,DEL_CUTOFF,-4
8,9,4,3808,DEL_CUTOFF,-4
8,9,0,3809,POP,4,bchdfglenjpoakmi
8,9,1,3809,POP,4,bchdfgeinjplakom
8,9,2,3809,DEL_EXPLORED,4
8,9,3,3809,POP,-4,bchdfgaepilmjnko
8,9,4,3809,POP,-4,bchdjfalpigenkom
8,9,0,3810,PUSH,-4,bchdaglefjponkmi,-4,4,1
8,9,1,3810,PUSH,-4,bchdageifjplnkom,-4,4,1
8,9,2,3810,DEL_CUTOFF,-4
8,9,3,3810,POP,1,bchdfglepiamjnko
8,9,4,3810,POP,1,bchdjfglpiaenkom
8,9,0,3811,PUSH,1,bchdgalefjponkmi,-4,4,-1,1
8,9,1,3811,PUSH,1,bchdgaeifjplnkom,-4,4,-1,1
8,9,2,3811,POP,-4,bchdfgaenjlpkomi
8,9,3,3811,DEL_EXPLORED,-1
8,9,4,3811,DEL_EXPLORED,-1
8,9,0,3812,PUSH,1,bchdglaefjponkmi,-4,4,-1,1
8,9,1,3812,PUSH,1,bchdgeaifjplnkom,-4,4,-1,1
8,9,2,3812,POP,-1,bchdfglenjapkomi
8,9,3,3812,PUSH,4,bchdfglepnimjako,-4,-1,1
8,9,4,3812,PUSH,4,bchdjfglpkienaom,-4,-1,1
8,9,0,3813,DEL_CUTOFF,1
8,9,1,3813,DEL_CUTOFF,1
8,9,2,3813,DEL_EXPLORED,4
8,9,3,3813,PUSH,1,bchdfglepnimjkao,-4,-1,1
8,9,4,3813,PUSH,1,bchdjfglpkienoam,-4,-1,1
8,9,0,3814,DEL_EXPLORED,-1
8,9,1,3814,DEL_EXPLORED,-1
8,9,2,3814,PUSH,-4,bchdfglanjpekomi,-4,4,-1
8,9,3,3814,DEL_CUTOFF,1
8,9,4,3814,DEL_CUTOFF,1
8,9,0,3815,DEL_CUTOFF,4
8,9,1,3815,DEL_CUTOFF,4
8,9,2,3815,PUSH,-1,bchdfgalnjpekomi,-4,4,-1,1
8,9,3,3815,DEL_EXPLORED,-1
8,9,4,3815,DEL_EXPLORED,-1
8,9,0,3816,DEL_CUTOFF,-4
8,9,1,3816,DEL_CUTOFF,-4
8,9,2,3816,DEL_EXPLORED,1
8,9,3,3816,DEL_CUTOFF,-4
8,9,4,3816,DEL_CUTOFF,-4
8,9,0,3817,POP,1,bchdglaefjponkmi
8,9,1,3817,POP,1,bchdgeaifjplnkom
8,9,2,3817,DEL_CUTOFF,-1
8,9,3,3817,POP,1,bchdfglepnimjkao
8,9,4,3817,POP,1,bchdjfglpkienoam
8,9,0,3818,DEL_EXPLORED,-1
8,9,1,3818,DEL_EXPLORED,-1
8,9,2,3818,DEL_CUTOFF,4
8,9,3,3818,PUSH,-1,bchdfglepnimajko,-4,1
8,9,4,3818,PUSH,-1,bchdjfglpkieanom,-4,1
8,9,0,3819,PUSH,4,bchdgjlefaponkmi,-4,4,-1,1
8,9,1,3819,PUSH,4,bchdgjeifaplnkom,-4,4,-1,1
8,9,2,3819,DEL_CUTOFF,-4
8,9,3,3819,DEL_EXPLORED,1
8,9,4,3819,DEL_EXPLORED,1
8,9,0,3820,DEL_CUTOFF,1
8,9,1,3820,DEL_CUTOFF,1
8,9,2,3820,POP,-1,bchdfgalnjpekomi
8,9,3,3820,DEL_CUTOFF,-4
8,9,4,3820,DEL_CUTOFF,-4
8,9,0,3821,DEL_CUTOFF,-1
8,9,1,3821,DEL_CUTOFF,-1
8,9,2,3821,DEL_EXPLORED,4
8,9,3,3821,POP,-1,bchdfglepnimajko
8,9,4,3821,POP,-1,bchdjfglpkieanom
8,9,0,3822,DEL_CUTOFF,4
8,9,1,3822,DEL_CUTOFF,4
8,9,2,3822,PUSH,-4,bchafgldnjpekomi,4,-1
8,9,3,3822,DEL_EXPLORED,-4
8,9,4,3822,DEL_EXPLORED,-4
8,9,0,3823,DEL_EXPLORED,-4
8,9,1,3823,DEL_EXPLORED,-4
8,9,2,3823,DEL_CUTOFF,-1
8,9,3,3823,POP,4,bchdfglepnimjako
8,9,4,3823,POP,4,bchdjfglpkienaom
8,9,0,3824,POP,4,bchdgjlefaponkmi
8,9,1,3824,POP,4,bchdgjeifaplnkom
8,9,2,3824,DEL_EXPLORED,4
8,9,3,3824,PUSH,-4,bchdfalepgimjnko,-4,4,-1,1
8,9,4,3824,PUSH,-4,bchdjaglpfienkom,-4,4,-1,1
8,9,0,3825,PUSH,-4,bahdgclefjponkmi,4,-1,1
8,9,1,3825,PUSH,-4,bahdgceifjplnkom,4,-1,1
8,9,2,3825,POP,-4,bchafgldnjpekomi
8,9,3,3825,PUSH,1,bchdflaepgimjnko,-4,4,-1,1
8,9,4,3825,PUSH,1,bchdjgalpfienkom,-4,4,-1,1
8,9,0,3826,DEL_CUTOFF,1
8,9,1,3826,DEL_CUTOFF,1
8,9,2,3826,POP,-4,bchdfglanjpekomi
8,9,3,3826,DEL_CUTOFF,1
8,9,4,3826,DEL_CUTOFF,1
8,9,0,3827,DEL_CUTOFF,-1
8,9,1,3827,DEL_CUTOFF,-1
8,9,2,3827,POP,-4,bchdfglenjpakomi
8,9,3,3827,DEL_EXPLORED,-1
8,9,4,3827,DEL_EXPLORED,-1
8,9,0,3828,DEL_EXPLORED,4
8,9,1,3828,DEL_EXPLORED,4
8,9,2,3828,POP,1,bchdfglenjpikoma
8,9,3,3828,DEL_CUTOFF,4
8,9,4,3828,DEL_CUTOFF,4
8,9,0,3829,POP,-4,bahdgclefjponkmi
8,9,1,3829,POP,-4,bahdgceifjplnkom
8,9,2,3829,DEL_EXPLORED,-1
8,9,3,3829,DEL_CUTOFF,-4
8,9,4,3829,DEL_CUTOFF,-4
8,9,0,3830,POP,1,bchdgalefjponkmi
8,9,1,3830,POP,1,bchdgaeifjplnkom
8,9,2,3830,PUSH,-4,bchdfglenjaikopm,-4,4,-1,1
8,9,3,3830,POP,1,bchdflaepgimjnko
8,9,4,3830,POP,1,bchdjgalpfienkom
8,9,0,3831,DEL_EXPLORED,4
8,9,1,3831,DEL_EXPLORED,4
8,9,2,3831,PUSH,1,bchdfglenjiakopm,-4,4,-1
8,9,3,3831,PUSH,-1,bchdaflepgimjnko,-4,4,1
8,9,4,3831,PUSH,-1,bchdajglpfienkom,-4,4,1
8,9,0,3832,PUSH,-4,achdbglefjponkmi,4,1
8,9,1,3832,PUSH,-4,achdbgeifjplnkom,4,1
8,9,2,3832,DEL_EXPLORED,-1
8,9,3,3832,DEL_EXPLORED,1
8,9,4,3832,DEL_EXPLORED,1
8,9,0,3833,PUSH,1,cahdbglefjponkmi,4,-1,1
8,9,1,3833,PUSH,1,cahdbgeifjplnkom,4,-1,1
8,9,2,3833,PUSH,4,bchdfglenjimkopa,-4,-1
8,9,3,3833,DEL_CUTOFF,4
8,9,4,3833,DEL_CUTOFF,4
8,9,0,3834,DEL_CUTOFF,1
8,9,1,3834,DEL_CUTOFF,1
8,9,2,3834,PUSH,-1,bchdfglenjimkoap,-4,-1,1
8,9,3,3834,DEL_CUTOFF,-4
8,9,4,3834,DEL_CUTOFF,-4
8,9,0,3835,DEL_EXPLORED,-1
8,9,1,3835,DEL_EXPLORED,-1
8,9,2,3835,DEL_EXPLORED,1
8,9,3,3835,POP,-1,bchdaflepgimjnko
8,9,4,3835,POP,-1,bchdajglpfienkom
8,9,0,3836,DEL_CUTOFF,4
8,9,1,3836,DEL_CUTOFF,4
8,9,2,3836,DEL_CUTOFF,-1
8,9,3,3836,DEL_EXPLORED,4
8,9,4,3836,DEL_EXPLORED,4
8,9,0,3837,POP,1,cahdbglefjponkmi
8,9,1,3837,POP,1,cahdbgeifjplnkom
8,9,2,3837,DEL_CUTOFF,-4
8,9,3,3837,PUSH,-4,bahdfclepgimjnko,4,-1,1
8,9,4,3837,PUSH,-4,bahdjcglpfienkom,4,-1,1
8,9,0,3838,DEL_EXPLORED,4
8,9,1,3838,DEL_EXPLORED,4
8,9,2,3838,POP,-1,bchdfglenjimkoap
8,9,3,3838,DEL_CUTOFF,1
8,9,4,3838,DEL_CUTOFF,1
8,9,0,3839,POP,-4,achdbglefjponkmi
8,9,1,3839,POP,-4,achdbgeifjplnkom
8,9,2,3839,DEL_EXPLORED,-4
8,9,3,3839,DEL_CUTOFF,-1
8,9,4,3839,DEL_CUTOFF,-1
8,9,0,3840,POP,-4,bchdaglefjponkmi
8,9,1,3840,POP,-4,bchdageifjplnkom
8,9,2,3840,POP,4,bchdfglenjimkopa
8,9,3,3840,DEL_EXPLORED,4
8,9,4,3840,DEL_EXPLORED,4
8,9,0,3841,POP,-1,bchdfgleajponkmi
8,9,1,3841,POP,-1,bchdfgeiajplnkom
8,9,2,3841,PUSH,-4,bchdfglanjiekopm,-4,4,-1
8,9,3,3841,POP,-4,bahdfclepgimjnko
8,9,4,3841,POP,-4,bahdjcglpfienkom
8,9,0,3842,PUSH,4,bchdfglejkponami,-4,-1,1
8,9,1,3842,PUSH,4,bchdfgeijkplnaom,-4,-1,1
8,9,2,3842,PUSH,-1,bchdfgalnjiekopm,-4,4,-1,1
8,9,3,3842,POP,-4,bchdfalepgimjnko
8,9,4,3842,POP,-4,bchdjaglpfienkom
8,9,0,3843,PUSH,1,bchdfglejkponmai,-4,-1,1
8,9,1,3843,PUSH,1,bchdfgeijkplnoam,-4,-1,1
8,9,2,3843,DEL_EXPLORED,1
8,9,3,3843,POP,1,bchdfglepaimjnko
8,9,4,3843,POP,1,bchdjfglpaienkom
8,9,0,3844,PUSH,1,bchdfglejkponmia,-4,-1
8,9,1,3844,PUSH,1,bchdfgeijkplnoma,-4,-1
8,9,2,3844,DEL_CUTOFF,-1
8,9,3,3844,DEL_EXPLORED,4
8,9,4,3844,PUSH,4,bchdjfglnpieakom,-4,1
8,9,0,3845,DEL_EXPLORED,-1
8,9,1,3845,DEL_EXPLORED,-1
8,9,2,3845,DEL_CUTOFF,4
8,9,3,3845,PUSH,-4,bchdaglefpimjnko,-4,4,1
8,9,4,3845,PUSH,1,bchdjfglnpiekaom,-4,-1,1
8,9,0,3846,PUSH,-4,bchdfglejkpanmio,-4,4,-1
8,9,1,3846,PUSH,-4,bchdfgeijkpanoml,-4,4,-1
8,9,2,3846,DEL_CUTOFF,-4
8,9,3,3846,PUSH,1,bchdgalefpimjnko,-4,4,-1,1
8,9,4,3846,PUSH,1,bchdjfglnpiekoam,-4,-1,1
8,9,0,3847,DEL_CUTOFF,-1
8,9,1,3847,DEL_CUTOFF,-1
8,9,2,3847,POP,-1,bchdfgalnjiekopm
8,9,3,3847,PUSH,1,bchdglaefpimjnko,-4,4,-1,1
8,9,4,3847,DEL_CUTOFF,1
8,9,0,3848,DEL_EXPLORED,4
8,9,1,3848,DEL_EXPLORED,4
8,9,2,3848,DEL_EXPLORED,4
8,9,3,3848,DEL_CUTOFF,1
8,9,4,3848,DEL_EXPLORED,-1
8,9,0,3849,DEL_CUTOFF,-4
8,9,1,3849,DEL_CUTOFF,-4
8,9,2,3849,PUSH,-4,bchafgldnjiekopm,4,-1
8,9,3,3849,DEL_EXPLORED,-1
8,9,4,3849,DEL_CUTOFF,-4
8,9,0,3850,POP,-4,bchdfglejkpanmio
8,9,1,3850,POP,-4,bchdfgeijkpanoml
8,9,2,3850,DEL_CUTOFF,-1
8,9,3,3850,DEL_CUTOFF,4
8,9,4,3850,POP,1,bchdjfglnpiekoam
8,9,0,3851,POP,1,bchdfglejkponmia
8,9,1,3851,POP,1,bchdfgeijkplnoma
8,9,2,3851,DEL_EXPLORED,4
8,9,3,3851,DEL_CUTOFF,-4
8,9,4,3851,DEL_EXPLORED,-1
8,9,0,3852,DEL_EXPLORED,-1
8,9,1,3852,DEL_EXPLORED,-1
8,9,2,3852,POP,-4,bchafgldnjiekopm
8,9,3,3852,POP,1,bchdglaefpimjnko
8,9,4,3852,PUSH,-4,bchdjfglnaiekpom,-4,4,-1,1
8,9,0,3853,PUSH,-4,bchdfglejkaonmpi,-4,4,-1,1
8,9,1,3853,PUSH,-4,bchdfgeijkalnopm,-4,4,-1,1
8,9,2,3853,POP,-4,bchdfglanjiekopm
8,9,3,3853,DEL_EXPLORED,-1
8,9,4,3853,DEL_CUTOFF,1
8,9,0,3854,PUSH,1,bchdfglejkoanmpi,-4,4,-1
8,9,1,3854,PUSH,1,bchdfgeijklanopm,-4,4,-1
8,9,2,3854,POP,1,bchdfglenjiakopm
8,9,3,3854,PUSH,4,bchdgplefaimjnko,-4,4,-1,1
8,9,4,3854,DEL_CUTOFF,-1
8,9,0,3855,DEL_EXPLORED,-1
8,9,1,3855,DEL_EXPLORED,-1
8,9,2,3855,PUSH,-1,bchdfglenajikopm,-4,4,-1,1
8,9,3,3855,DEL_CUTOFF,1
8,9,4,3855,DEL_EXPLORED,4
8,9,0,3856,DEL_CUTOFF,4
8,9,1,3856,DEL_CUTOFF,4
8,9,2,3856,DEL_EXPLORED,1
8,9,3,3856,DEL_CUTOFF,-1
8,9,4,3856,DEL_CUTOFF,-4
8,9,0,3857,DEL_CUTOFF,-4
8,9,1,3857,DEL_CUTOFF,-4
8,9,2,3857,PUSH,-1,bchdfgleanjikopm,-4,4,1
8,9,3,3857,DEL_CUTOFF,4
8,9,4,3857,POP,-4,bchdjfglnaiekpom
8,9,0,3858,POP,1,bchdfglejkoanmpi
8,9,1,3858,POP,1,bchdfgeijklanopm
8,9,2,3858,DEL_EXPLORED,1
8,9,3,3858,DEL_EXPLORED,-4
8,9,4,3858,POP,1,bchdjfglnpiekaom
8,9,0,3859,PUSH,-1,bchdfglejakonmpi,-4,4,-1,1
8,9,1,3859,PUSH,-1,bchdfgeijaklnopm,-4,4,-1,1
8,9,2,3859,PUSH,4,bchdfgleknjiaopm,-4,1
8,9,3,3859,POP,4,bchdgplefaimjnko
8,9,4,3859,DEL_EXPLORED,-4
8,9,0,3860,DEL_EXPLORED,1
8,9,1,3860,DEL_EXPLORED,1
8,9,2,3860,DEL_CUTOFF,1
8,9,3,3860,PUSH,-4,bahdgclefpimjnko,4,-1,1
8,9,4,3860,POP,4,bchdjfglnpieakom
8,9,0,3861,DEL_CUTOFF,-1
8,9,1,3861,DEL_CUTOFF,-1
8,9,2,3861,DEL_EXPLORED,-4
8,9,3,3861,DEL_CUTOFF,1
8,9,4,3861,DEL_EXPLORED,-4
8,9,0,3862,DEL_CUTOFF,4
8,9,1,3862,DEL_CUTOFF,4
8,9,2,3862,POP,4,bchdfgleknjiaopm
8,9,3,3862,DEL_CUTOFF,-1
8,9,4,3862,POP,4,bchdjfglapienkom
8,9,0,3863,DEL_CUTOFF,-4
8,9,1,3863,DEL_CUTOFF,-4
8,9,2,3863,PUSH,-4,bchdaglefnjikopm,-4,4,1
8,9,3,3863,DEL_EXPLORED,4
8,9,4,3863,PUSH,-4,achdbfgljpienkom,4,1
8,9,0,3864,POP,-1,bchdfglejakonmpi
8,9,1,3864,POP,-1,bchdfgeijaklnopm
8,9,2,3864,DEL_CUTOFF,1
8,9,3,3864,POP,-4,bahdgclefpimjnko
8,9,4,3864,PUSH,1,cahdbfgljpienkom,4,-1,1
8,9,0,3865,DEL_EXPLORED,4
8,9,1,3865,DEL_EXPLORED,4
8,9,2,3865,DEL_EXPLORED,4
8,9,3,3865,POP,1,bchdgalefpimjnko
8,9,4,3865,PUSH,1,chadbfgljpienkom,4,-1,1
8,9,0,3866,PUSH,-4,bchdfgaejklonmpi,-4,4,-1,1
8,9,1,3866,PUSH,-4,bchdfgaijkelnopm,-4,4,-1,1
8,9,2,3866,DEL_CUTOFF,-4
8,9,3,3866,DEL_EXPLORED,4
8,9,4,3866,PUSH,1,chdabfgljpienkom,4,-1
8,9,0,3867,DEL_CUTOFF,1
8,9,1,3867,DEL_CUTOFF,1
8,9,2,3867,POP,-4,bchdaglefnjikopm
8,9,3,3867,PUSH,-4,achdbglefpimjnko,4,1
8,9,4,3867,DEL_EXPLORED,-1
8,9,0,3868,DEL_CUTOFF,-1
8,9,1,3868,DEL_CUTOFF,-1
8,9,2,3868,POP,-1,bchdfgleanjikopm
8,9,3,3868,PUSH,1,cahdbglefpimjnko,4,-1,1
8,9,4,3868,DEL_CUTOFF,4
8,9,0,3869,DEL_EXPLORED,4
8,9,1,3869,DEL_EXPLORED,4
8,9,2,3869,PUSH,4,bchdfglenojikapm,-4,-1,1
8,9,3,3869,DEL_CUTOFF,1
8,9,4,3869,POP,1,chdabfgljpienkom
8,9,0,3870,DEL_CUTOFF,-4
8,9,1,3870,DEL_CUTOFF,-4
8,9,2,3870,PUSH,1,bchdfglenojikpam,-4,-1,1
8,9,3,3870,DEL_EXPLORED,-1
8,9,4,3870,DEL_EXPLORED,-1
8,9,0,3871,POP,-4,bchdfgaejklonmpi
8,9,1,3871,POP,-4,bchdfgaijkelnopm
8,9,2,3871,DEL_CUTOFF,1
8,9,3,3871,DEL_CUTOFF,4
8,9,4,3871,PUSH,4,chgdbfaljpienkom,-4,4,-1,1
8,9,0,3872,POP,-4,bchdfglejkaonmpi
8,9,1,3872,POP,-4,bchdfgeijkalnopm
8,9,2,3872,DEL_EXPLORED,-1
8,9,3,3872,POP,1,cahdbglefpimjnko
8,9,4,3872,DEL_CUTOFF,1
8,9,0,3873,POP,1,bchdfglejkponmai
8,9,1,3873,POP,1,bchdfgeijkplnoam
8,9,2,3873,DEL_CUTOFF,-4
8,9,3,3873,DEL_EXPLORED,4
8,9,4,3873,DEL_CUTOFF,-1
8,9,0,3874,PUSH,-1,bchdfglejkpoanmi,-4,1
8,9,1,3874,PUSH,-1,bchdfgeijkplanom,-4,1
8,9,2,3874,POP,1,bchdfglenojikpam
8,9,3,3874,POP,-4,achdbglefpimjnko
8,9,4,3874,DEL_CUTOFF,4
8,9,0,3875,DEL_EXPLORED,1
8,9,1,3875,DEL_EXPLORED,1
8,9,2,3875,PUSH,-1,bchdfglenojiakpm,-4,1
8,9,3,3875,POP,-4,bchdaglefpimjnko
8,9,4,3875,DEL_EXPLORED,-4
8,9,0,3876,PUSH,-4,bchdfgleakpojnmi,-4,4,1
8,9,1,3876,PUSH,-4,bchdfgeiakpljnom,-4,4,1
8,9,2,3876,DEL_EXPLORED,1
8,9,3,3876,POP,-4,bchdfgleapimjnko
8,9,4,3876,POP,4,chgdbfaljpienkom
8,9,0,3877,PUSH,1,bchdfglekapojnmi,-4,4,-1,1
8,9,1,3877,PUSH,1,bchdfgeikapljnom,-4,4,-1,1
8,9,2,3877,DEL_CUTOFF,-4
8,9,3,3877,POP,-1,bchdfglejpimanko
8,9,4,3877,POP,1,chadbfgljpienkom
8,9,0,3878,DEL_CUTOFF,1
8,9,1,3878,DEL_CUTOFF,1
8,9,2,3878,POP,-1,bchdfglenojiakpm
8,9,3,3878,PUSH,-4,bchdfglejaimnpko,-4,4,-1,1
8,9,4,3878,DEL_EXPLORED,-1
8,9,0,3879,DEL_EXPLORED,-1
8,9,1,3879,DEL_EXPLORED,-1
8,9,2,3879,DEL_EXPLORED,-4
8,9,3,3879,PUSH,1,bchdfglejiamnpko,-4,4,-1,1
8,9,4,3879,PUSH,4,cfhdbagljpienkom,-4,4,-1,1
8,9,0,3880,DEL_CUTOFF,4
8,9,1,3880,DEL_CUTOFF,4
8,9,2,3880,POP,4,bchdfglenojikapm
8,9,3,3880,PUSH,1,bchdfglejimanpko,-4,4,-1
8,9,4,3880,PUSH,1,cfhdbgaljpienkom,-4,4,-1,1
8,9,0,3881,DEL_CUTOFF,-4
8,9,1,3881,DEL_CUTOFF,-4
8,9,2,3881,PUSH,-4,bchdfalengjikopm,-4,4,-1,1
8,9,3,3881,DEL_EXPLORED,-1
8,9,4,3881,DEL_CUTOFF,1
8,9,0,3882,POP,1,bchdfglekapojnmi
8,9,1,3882,POP,1,bchdfgeikapljnom
8,9,2,3882,PUSH,1,bchdflaengjikopm,-4,4,-1,1
8,9,3,3882,PUSH,4,bchdfglejimonpka,-4,-1
8,9,4,3882,DEL_EXPLORED,-1
8,9,0,3883,DEL_EXPLORED,4
8,9,1,3883,DEL_EXPLORED,4
8,9,2,3883,DEL_CUTOFF,1
8,9,3,3883,PUSH,-1,bchdfglejimonpak,-4,-1,1
8,9,4,3883,DEL_CUTOFF,4
8,9,0,3884,PUSH,-4,bchdaglefkpojnmi,-4,4,1
8,9,1,3884,PUSH,-4,bchdageifkpljnom,-4,4,1
8,9,2,3884,DEL_EXPLORED,-1
8,9,3,3884,DEL_EXPLORED,1
8,9,4,3884,DEL_CUTOFF,-4
8,9,0,3885,DEL_CUTOFF,1
8,9,1,3885,DEL_CUTOFF,1
8,9,2,3885,DEL_CUTOFF,4
8,9,3,3885,DEL_CUTOFF,-1
8,9,4,3885,POP,1,cfhdbgaljpienkom
8,9,0,3886,DEL_EXPLORED,4
8,9,1,3886,DEL_EXPLORED,4
8,9,2,3886,DEL_CUTOFF,-4
8,9,3,3886,DEL_CUTOFF,-4
8,9,4,3886,PUSH,-1,cfhdabgljpienkom,-4,4,1
8,9,0,3887,DEL_CUTOFF,-4
8,9,1,3887,DEL_CUTOFF,-4
8,9,2,3887,POP,1,bchdflaengjikopm
8,9,3,3887,POP,-1,bchdfglejimonpak
8,9,4,3887,DEL_EXPLORED,1
8,9,0,3888,POP,-4,bchdaglefkpojnmi
8,9,1,3888,POP,-4,bchdageifkpljnom
8,9,2,3888,PUSH,-1,bchdaflengjikopm,-4,4,1
8,9,3,3888,DEL_EXPLORED,-4
8,9,4,3888,DEL_CUTOFF,4
8,9,0,3889,POP,-4,bchdfgleakpojnmi
8,9,1,3889,POP,-4,bchdfgeiakpljnom
8,9,2,3889,DEL_EXPLORED,1
8,9,3,3889,POP,4,bchdfglejimonpka
8,9,4,3889,DEL_CUTOFF,-4
8,9,0,3890,POP,-1,bchdfglejkpoanmi
8,9,1,3890,POP,-1,bchdfgeijkplanom
8,9,2,3890,DEL_CUTOFF,4
8,9,3,3890,PUSH,-4,bchdfglajimenpko,-4,4,-1
8,9,4,3890,POP,-1,cfhdabgljpienkom
8,9,0,3891,DEL_EXPLORED,-4
8,9,1,3891,DEL_EXPLORED,-4
8,9,2,3891,DEL_CUTOFF,-4
8,9,3,3891,PUSH,-1,bchdfgaljimenpko,-4,4,-1,1
8,9,4,3891,PUSH,4,cfhdbpgljaienkom,-4,4,-1,1
8,9,0,3892,POP,4,bchdfglejkponami
8,9,1,3892,POP,4,bchdfgeijkplnaom
8,9,2,3892,POP,-1,bchdaflengjikopm
8,9,3,3892,DEL_EXPLORED,1
8,9,4,3892,DEL_CUTOFF,1
8,9,0,3893,PUSH,-4,bchdfalejgponkmi,-4,4,-1,1
8,9,1,3893,PUSH,-4,bchdfaeijgplnkom,-4,4,-1,1
8,9,2,3893,DEL_EXPLORED,4
8,9,3,3893,DEL_CUTOFF,-1
8,9,4,3893,DEL_CUTOFF,-1
8,9,0,3894,PUSH,1,bchdflaejgponkmi,-4,4,-1,1
8,9,1,3894,PUSH,1,bchdfeaijgplnkom,-4,4,-1,1
8,9,2,3894,PUSH,-4,bahdfclengjikopm,4,-1,1
8,9,3,3894,DEL_CUTOFF,4
8,9,4,3894,DEL_CUTOFF,4
8,9,0,3895,PUSH,1,bchdfleajgponkmi,-4,4,-1
8,9,1,3895,PUSH,1,bchdfeiajgplnkom,-4,4,-1
8,9,2,3895,DEL_CUTOFF,1
8,9,3,3895,DEL_CUTOFF,-4
8,9,4,3895,DEL_EXPLORED,-4
8,9,0,3896,DEL_EXPLORED,-1
8,9,1,3896,DEL_EXPLORED,-1
8,9,2,3896,DEL_CUTOFF,-1
8,9,3,3896,POP,-1,bchdfgaljimenpko
8,9,4,3896,POP,4,cfhdbpgljaienkom
8,9,0,3897,PUSH,4,bchdfleojgpankmi,-4,4,-1
8,9,1,3897,PUSH,4,bchdfeiljgpankom,-4,4,-1
8,9,2,3897,DEL_EXPLORED,4
8,9,3,3897,DEL_EXPLORED,4
8,9,4,3897,DEL_EXPLORED,-4
8,9,0,3898,DEL_CUTOFF,-1
8,9,1,3898,DEL_CUTOFF,-1
8,9,2,3898,POP,-4,bahdfclengjikopm
8,9,3,3898,PUSH,-4,bchafgldjimenpko,4,-1
8,9,4,3898,POP,4,cfhdbagljpienkom
8,9,0,3899,DEL_CUTOFF,4
8,9,1,3899,DEL_CUTOFF,4
8,9,2,3899,POP,-4,bchdfalengjikopm
8,9,3,3899,DEL_CUTOFF,-1
8,9,4,3899,POP,1,cahdbfgljpienkom
8,9,0,3900,DEL_EXPLORED,-4
8,9,1,3900,DEL_EXPLORED,-4
8,9,2,3900,POP,-1,bchdfglenajikopm
8,9,3,3900,DEL_EXPLORED,4
8,9,4,3900,DEL_EXPLORED,4
8,9,0,3901,POP,4,bchdfleojgpankmi
8,9,1,3901,POP,4,bchdfeiljgpankom
8,9,2,3901,DEL_EXPLORED,4
8,9,3,3901,POP,-4,bchafgldjimenpko
8,9,4,3901,POP,-4,achdbfgljpienkom
8,9,0,3902,PUSH,-4,bchafledjgponkmi,4,-1
8,9,1,3902,PUSH,-4,bchafeidjgplnkom,4,-1
8,9,2,3902,PUSH,-4,bchdfgaenjlikopm,-4,4,-1,1
8,9,3,3902,POP,-4,bchdfglajimenpko
8,9,4,3902,POP,-1,bchdafgljpienkom
8,9,0,3903,DEL_CUTOFF,-1
8,9,1,3903,DEL_CUTOFF,-1
8,9,2,3903,PUSH,1,bchdfgeanjlikopm,-4,4,-1
8,9,3,3903,POP,1,bchdfglejimanpko
8,9,4,3903,PUSH,4,bchdfpgljaienkom,-4,4,-1,1
8,9,0,3904,DEL_EXPLORED,4
8,9,1,3904,DEL_EXPLORED,4
8,9,2,3904,DEL_EXPLORED,-1
8,9,3,3904,DEL_EXPLORED,-1
8,9,4,3904,PUSH,1,bchdfpgljiaenkom,-4,4,-1,1
8,9,0,3905,POP,-4,bchafledjgponkmi
8,9,1,3905,POP,-4,bchafeidjgplnkom
8,9,2,3905,PUSH,4,bchdfgeinjlakopm,-4,4,-1
8,9,3,3905,PUSH,4,bchdfglejikmnpao,-4,-1,1
8,9,4,3905,PUSH,1,bchdfpgljieankom,-4,4,-1
8,9,0,3906,POP,1,bchdfleajgponkmi
8,9,1,3906,POP,1,bchdfeiajgplnkom
8,9,2,3906,DEL_CUTOFF,-1
8,9,3,3906,PUSH,1,bchdfglejikmnpoa,-4,-1
8,9,4,3906,DEL_EXPLORED,-1
8,9,0,3907,DEL_EXPLORED,-1
8,9,1,3907,DEL_EXPLORED,-1
8,9,2,3907,DEL_CUTOFF,4
8,9,3,3907,DEL_EXPLORED,-1
8,9,4,3907,PUSH,4,bchdfpgljiemnkoa,-4,-1
8,9,0,3908,PUSH,4,bchdflpejgaonkmi,-4,4,-1,1
8,9,1,3908,PUSH,4,bchdfepijgalnkom,-4,4,-1,1
8,9,2,3908,DEL_EXPLORED,-4
8,9,3,3908,PUSH,-4,bchdfglejikanpom,-4,4,-1
8,9,4,3908,PUSH,-1,bchdfpgljiemnkao,-4,-1,1
8,9,0,3909,PUSH,1,bchdflpejgoankmi,-4,4,-1
8,9,1,3909,PUSH,1,bchdfepijglankom,-4,4,-1
8,9,2,3909,POP,4,bchdfgeinjlakopm
8,9,3,3909,DEL_CUTOFF,-1
8,9,4,3909,DEL_EXPLORED,1
8,9,0,3910,DEL_EXPLORED,-1
8,9,1,3910,DEL_EXPLORED,-1
8,9,2,3910,PUSH,-4,bchafgednjlikopm,4,-1
8,9,3,3910,DEL_EXPLORED,4
8,9,4,3910,DEL_CUTOFF,-1
8,9,0,3911,DEL_CUTOFF,4
8,9,1,3911,DEL_CUTOFF,4
8,9,2,3911,DEL_CUTOFF,-1
8,9,3,3911,DEL_CUTOFF,-4
8,9,4,3911,DEL_CUTOFF,-4
8,9,0,3912,DEL_CUTOFF,-4
8,9,1,3912,DEL_CUTOFF,-4
8,9,2,3912,DEL_EXPLORED,4
8,9,3,3912,POP,-4,bchdfglejikanpom
8,9,4,3912,POP,-1,bchdfpgljiemnkao
8,9,0,3913,POP,1,bchdflpejgoankmi
8,9,1,3913,POP,1,bchdfepijglankom
8,9,2,3913,POP,-4,bchafgednjlikopm
8,9,3,3913,POP,1,bchdfglejikmnpoa
8,9,4,3913,DEL_EXPLORED,-4
8,9,0,3914,PUSH,-1,bchdflpejagonkmi,-4,4,-1,1
8,9,1,3914,PUSH,-1,bchdfepijaglnkom,-4,4,-1,1
8,9,2,3914,POP,1,bchdfgeanjlikopm
8,9,3,3914,PUSH,-1,bchdfglejikmnapo,-4,-1,1
8,9,4,3914,POP,4,bchdfpgljiemnkoa
8,9,0,3915,DEL_EXPLORED,1
8,9,1,3915,DEL_EXPLORED,1
8,9,2,3915,PUSH,-1,bchdfagenjlikopm,-4,4,-1,1
8,9,3,3915,DEL_EXPLORED,1
8,9,4,3915,PUSH,-4,bchdfpgajielnkom,-4,4,-1
8,9,0,3916,DEL_CUTOFF,-1
8,9,1,3916,DEL_CUTOFF,-1
8,9,2,3916,DEL_EXPLORED,1
8,9,3,3916,PUSH,-1,bchdfglejikmanpo,-4,1
8,9,4,3916,PUSH,-1,bchdfpagjielnkom,-4,4,-1,1
8,9,0,3917,DEL_CUTOFF,4
8,9,1,3917,DEL_CUTOFF,4
8,9,2,3917,PUSH,-1,bchdafgenjlikopm,-4,4,1
8,9,3,3917,DEL_EXPLORED,1
8,9,4,3917,DEL_EXPLORED,1
8,9,0,3918,DEL_CUTOFF,-4
8,9,1,3918,DEL_CUTOFF,-4
8,9,2,3918,DEL_EXPLORED,1
8,9,3,3918,DEL_CUTOFF,-4
8,9,4,3918,DEL_CUTOFF,-1
8,9,0,3919,POP,-1,bchdflpejagonkmi
8,9,1,3919,POP,-1,bchdfepijaglnkom
8,9,2,3919,DEL_CUTOFF,4
8,9,3,3919,POP,-1,bchdfglejikmanpo
8,9,4,3919,DEL_CUTOFF,4
8,9,0,3920,PUSH,4,bchdflpejgmonkai,-4,-1,1
8,9,1,3920,PUSH,4,bchdfepijgolnkam,-4,-1,1
8,9,2,3920,DEL_CUTOFF,-4
8,9,3,3920,PUSH,-4,bchdfglejakmnipo,-4,4,-1,1
8,9,4,3920,DEL_CUTOFF,-4
8,9,0,3921,DEL_CUTOFF,1
8,9,1,3921,DEL_CUTOFF,1
8,9,2,3921,POP,-1,bchdafgenjlikopm
8,9,3,3921,DEL_CUTOFF,1
8,9,4,3921,POP,-1,bchdfpagjielnkom
8,9,0,3922,DEL_CUTOFF,-1
8,9,1,3922,DEL_CUTOFF,-1
8,9,2,3922,PUSH,4,bchdfjgenalikopm,-4,4,-1,1
8,9,3,3922,DEL_CUTOFF,-1
8,9,4,3922,DEL_EXPLORED,4
8,9,0,3923,DEL_EXPLORED,-4
8,9,1,3923,DEL_EXPLORED,-4
8,9,2,3923,DEL_CUTOFF,1
8,9,3,3923,DEL_EXPLORED,4
8,9,4,3923,PUSH,-4,bchafpgdjielnkom,4,-1
8,9,0,3924,POP,4,bchdflpejgmonkai
8,9,1,3924,POP,4,bchdfepijgolnkam
8,9,2,3924,DEL_CUTOFF,-1
8,9,3,3924,DEL_CUTOFF,-4
8,9,4,3924,DEL_CUTOFF,-1
8,9,0,3925,DEL_EXPLORED,-4
8,9,1,3925,DEL_EXPLORED,-4
8,9,2,3925,DEL_CUTOFF,4
8,9,3,3925,POP,-4,bchdfglejakmnipo
8,9,4,3925,DEL_EXPLORED,4
8,9,0,3926,POP,4,bchdflpejgaonkmi
8,9,1,3926,POP,4,bchdfepijgalnkom
8,9,2,3926,DEL_EXPLORED,-4
8,9,3,3926,POP,-1,bchdfglejikmnapo
8,9,4,3926,POP,-4,bchafpgdjielnkom
8,9,0,3927,PUSH,-4,bcadflhejgponkmi,4,-1,1
8,9,1,3927,PUSH,-4,bcadfehijgplnkom,4,-1,1
8,9,2,3927,POP,4,bchdfjgenalikopm
8,9,3,3927,DEL_EXPLORED,-4
8,9,4,3927,POP,-4,bchdfpgajielnkom
8,9,0,3928,PUSH,1,bcdaflhejgponkmi,4,-1
8,9,1,3928,PUSH,1,bcdafehijgplnkom,4,-1
8,9,2,3928,PUSH,-4,bahdfcgenjlikopm,4,-1,1
8,9,3,3928,POP,4,bchdfglejikmnpao
8,9,4,3928,POP,1,bchdfpgljieankom
8,9,0,3929,DEL_EXPLORED,-1
8,9,1,3929,DEL_EXPLORED,-1
8,9,2,3929,DEL_CUTOFF,1
8,9,3,3929,PUSH,-4,bchdfgaejilmnpko,-4,4,-1,1
8,9,4,3929,DEL_EXPLORED,-1
8,9,0,3930,DEL_CUTOFF,4
8,9,1,3930,DEL_CUTOFF,4
8,9,2,3930,DEL_CUTOFF,-1
8,9,3,3930,PUSH,1,bchdfgeajilmnpko,-4,4,-1
8,9,4,3930,PUSH,4,bchdfpgljioenkam,-4,-1,1
8,9,0,3931,POP,1,bcdaflhejgponkmi
8,9,1,3931,POP,1,bcdafehijgplnkom
8,9,2,3931,DEL_EXPLORED,4
8,9,3,3931,DEL_EXPLORED,-1
8,9,4,3931,PUSH,1,bchdfpgljioenkma,-4,-1
8,9,0,3932,PUSH,-1,bacdflhejgponkmi,4,-1,1
8,9,1,3932,PUSH,-1,bacdfehijgplnkom,4,-1,1
8,9,2,3932,POP,-4,bahdfcgenjlikopm
8,9,3,3932,PUSH,4,bchdfgemjilanpko,-4,4,-1
8,9,4,3932,DEL_EXPLORED,-1
8,9,0,3933,DEL_EXPLORED,1
8,9,1,3933,DEL_EXPLORED,1
8,9,2,3933,POP,-1,bchdfagenjlikopm
8,9,3,3933,DEL_CUTOFF,-1
8,9,4,3933,PUSH,-4,bchdfpgljioankme,-4,4,-1
8,9,0,3934,DEL_CUTOFF,-1
8,9,1,3934,DEL_CUTOFF,-1
8,9,2,3934,DEL_EXPLORED,4
8,9,3,3934,DEL_CUTOFF,4
8,9,4,3934,DEL_CUTOFF,-1
8,9,0,3935,DEL_CUTOFF,4
8,9,1,3935,DEL_CUTOFF,4
8,9,2,3935,PUSH,-4,bcadfghenjlikopm,4,-1,1
8,9,3,3935,DEL_EXPLORED,-4
8,9,4,3935,DEL_EXPLORED,4
8,9,0,3936,POP,-1,bacdflhejgponkmi
8,9,1,3936,POP,-1,bacdfehijgplnkom
8,9,2,3936,PUSH,1,bcdafghenjlikopm,4,-1
8,9,3,3936,POP,4,bchdfgemjilanpko
8,9,4,3936,DEL_CUTOFF,-4
8,9,0,3937,DEL_EXPLORED,4
8,9,1,3937,DEL_EXPLORED,4
8,9,2,3937,DEL_EXPLORED,-1
8,9,3,3937,PUSH,-4,bchafgedjilmnpko,4,-1
8,9,4,3937,POP,-4,bchdfpgljioankme
8,9,0,3938,POP,-4,bcadflhejgponkmi
8,9,1,3938,POP,-4,bcadfehijgplnkom
8,9,2,3938,DEL_CUTOFF,4
8,9,3,3938,DEL_CUTOFF,-1
8,9,4,3938,POP,1,bchdfpgljioenkma
8,9,0,3939,POP,1,bchdflaejgponkmi
8,9,1,3939,POP,1,bchdfeaijgplnkom
8,9,2,3939,POP,1,bcdafghenjlikopm
8,9,3,3939,DEL_EXPLORED,4
8,9,4,3939,PUSH,-1,bchdfpgljioenakm,-4,-1,1
8,9,0,3940,PUSH,-1,bchdaflejgponkmi,-4,4,1
8,9,1,3940,PUSH,-1,bchdafeijgplnkom,-4,4,1
8,9,2,3940,PUSH,-1,bacdfghenjlikopm,4,-1,1
8,9,3,3940,POP,-4,bchafgedjilmnpko
8,9,4,3940,DEL_EXPLORED,1
8,9,0,3941,DEL_EXPLORED,1
8,9,1,3941,DEL_EXPLORED,1
8,9,2,3941,DEL_EXPLORED,1
8,9,3,3941,POP,1,bchdfgeajilmnpko
8,9,4,3941,PUSH,-1,bchdfpgljioeankm,-4,1
8,9,0,3942,PUSH,4,bchdjfleagponkmi,-4,4,1
8,9,1,3942,PUSH,4,bchdjfeiagplnkom,-4,4,1
8,9,2,3942,DEL_CUTOFF,-1
8,9,3,3942,PUSH,-1,bchdfagejilmnpko,-4,4,-1,1
8,9,4,3942,DEL_EXPLORED,1
8,9,0,3943,PUSH,1,bchdjflegaponkmi,-4,4,-1,1
8,9,1,3943,PUSH,1,bchdjfeigaplnkom,-4,4,-1,1
8,9,2,3943,DEL_CUTOFF,4
8,9,3,3943,DEL_EXPLORED,1
8,9,4,3943,DEL_CUTOFF,-4
8,9,0,3944,DEL_CUTOFF,1
8,9,1,3944,DEL_CUTOFF,1
8,9,2,3944,POP,-1,bacdfghenjlikopm
8,9,3,3944,PUSH,-1,bchdafgejilmnpko,-4,4,1
8,9,4,3944,POP,-1,bchdfpgljioeankm
8,9,0,3945,DEL_EXPLORED,-1
8,9,1,3945,DEL_EXPLORED,-1
8,9,2,3945,DEL_EXPLORED,4
8,9,3,3945,DEL_EXPLORED,1
8,9,4,3945,PUSH,-4,bchdfpgljaoenikm,-4,4,-1,1
8,9,0,3946,DEL_CUTOFF,4
8,9,1,3946,DEL_CUTOFF,4
8,9,2,3946,POP,-4,bcadfghenjlikopm
8,9,3,3946,DEL_CUTOFF,4
8,9,4,3946,DEL_CUTOFF,1
8,9,0,3947,DEL_CUTOFF,-4
8,9,1,3947,DEL_CUTOFF,-4
8,9,2,3947,POP,-4,bchdfgaenjlikopm
8,9,3,3947,DEL_CUTOFF,-4
8,9,4,3947,DEL_CUTOFF,-1
8,9,0,3948,POP,1,bchdjflegaponkmi
8,9,1,3948,POP,1,bchdjfeigaplnkom
8,9,2,3948,POP,-4,bchdfglenjaikopm
8,9,3,3948,POP,-1,bchdafgejilmnpko
8,9,4,3948,DEL_EXPLORED,4
8,9,0,3949,PUSH,4,bchdjflengpoakmi,-4,1
8,9,1,3949,PUSH,4,bchdjfeingplakom,-4,1
8,9,2,3949,POP,1,bchdfglenjpikoam
8,9,3,3949,PUSH,4,bchdfigejalmnpko,-4,4,-1,1
8,9,4,3949,DEL_CUTOFF,-4
8,9,0,3950,DEL_CUTOFF,1
8,9,1,3950,DEL_CUTOFF,1
8,9,2,3950,DEL_EXPLORED,-1
8,9,3,3950,DEL_CUTOFF,1
8,9,4,3950,POP,-4,bchdfpgljaoenikm
8,9,0,3951,DEL_EXPLORED,-4
8,9,1,3951,DEL_EXPLORED,-4
8,9,2,3951,PUSH,-4,bchdfglenapikjom,-4,4,-1,1
8,9,3,3951,DEL_CUTOFF,-1
8,9,4,3951,POP,-1,bchdfpgljioenakm
8,9,0,3952,POP,4,bchdjflengpoakmi
8,9,1,3952,POP,4,bchdjfeingplakom
8,9,2,3952,PUSH,1,bchdfglenpaikjom,-4,4,-1,1
8,9,3,3952,DEL_CUTOFF,4
8,9,4,3952,DEL_EXPLORED,-4
8,9,0,3953,DEL_EXPLORED,-4
8,9,1,3953,DEL_EXPLORED,-4
8,9,2,3953,PUSH,1,bchdfglenpiakjom,-4,4,-1
8,9,3,3953,DEL_EXPLORED,-4
8,9,4,3953,POP,4,bchdfpgljioenkam
8,9,0,3954,POP,4,bchdjfleagponkmi
8,9,1,3954,POP,4,bchdjfeiagplnkom
8,9,2,3954,DEL_EXPLORED,-1
8,9,3,3954,POP,4,bchdfigejalmnpko
8,9,4,3954,PUSH,-4,bchdfpaljigenkom,-4,4,-1,1
8,9,0,3955,PUSH,-4,achdbflejgponkmi,4,1
8,9,1,3955,PUSH,-4,achdbfeijgplnkom,4,1
8,9,2,3955,PUSH,4,bchdfglenpimkjoa,-4,-1
8,9,3,3955,PUSH,-4,bahdfcgejilmnpko,4,-1,1
8,9,4,3955,PUSH,1,bchdfplajigenkom,-4,4,-1
8,9,0,3956,PUSH,1,cahdbflejgponkmi,4,-1,1
8,9,1,3956,PUSH,1,cahdbfeijgplnkom,4,-1,1
8,9,2,3956,PUSH,-1,bchdfglenpimkjao,-4,-1,1
8,9,3,3956,DEL_CUTOFF,1
8,9,4,3956,DEL_EXPLORED,-1
8,9,0,3957,DEL_CUTOFF,1
8,9,1,3957,DEL_CUTOFF,1
8,9,2,3957,DEL_EXPLORED,1
8,9,3,3957,DEL_CUTOFF,-1
8,9,4,3957,PUSH,4,bchdfplejigankom,-4,4,-1
8,9,0,3958,DEL_EXPLORED,-1
8,9,1,3958,DEL_EXPLORED,-1
8,9,2,3958,DEL_CUTOFF,-1
8,9,3,3958,DEL_EXPLORED,4
8,9,4,3958,DEL_CUTOFF,-1
8,9,0,3959,DEL_CUTOFF,4
8,9,1,3959,DEL_CUTOFF,4
8,9,2,3959,DEL_CUTOFF,-4
8,9,3,3959,POP,-4,bahdfcgejilmnpko
8,9,4,3959,DEL_CUTOFF,4
8,9,0,3960,POP,1,cahdbflejgponkmi
8,9,1,3960,POP,1,cahdbfeijgplnkom
8,9,2,3960,POP,-1,bchdfglenpimkjao
8,9,3,3960,POP,-1,bchdfagejilmnpko
8,9,4,3960,DEL_EXPLORED,-4
8,9,0,3961,DEL_EXPLORED,4
8,9,1,3961,DEL_EXPLORED,4
8,9,2,3961,DEL_EXPLORED,-4
8,9,3,3961,DEL_EXPLORED,4
8,9,4,3961,POP,4,bchdfplejigankom
8,9,0,3962,POP,-4,achdbflejgponkmi
8,9,1,3962,POP,-4,achdbfeijgplnkom
8,9,2,3962,POP,4,bchdfglenpimkjoa
8,9,3,3962,PUSH,-4,bcadfghejilmnpko,4,-1,1
8,9,4,3962,PUSH,-4,bchafpldjigenkom,4,-1
8,9,0,3963,POP,-1,bchdaflejgponkmi
8,9,1,3963,POP,-1,bchdafeijgplnkom
8,9,2,3963,PUSH,-4,bchdfglanpiekjom,-4,4,-1
8,9,3,3963,PUSH,1,bcdafghejilmnpko,4,-1
8,9,4,3963,DEL_CUTOFF,-1
8,9,0,3964,DEL_EXPLORED,4
8,9,1,3964,DEL_EXPLORED,4
8,9,2,3964,PUSH,-1,bchdfgalnpiekjom,-4,4,-1,1
8,9,3,3964,DEL_EXPLORED,-1
8,9,4,3964,DEL_EXPLORED,4
8,9,0,3965,PUSH,-4,bahdfclejgponkmi,4,-1,1
8,9,1,3965,PUSH,-4,bahdfceijgplnkom,4,-1,1
8,9,2,3965,DEL_EXPLORED,1
8,9,3,3965,DEL_CUTOFF,4
8,9,4,3965,POP,-4,bchafpldjigenkom
8,9,0,3966,PUSH,1,bhadfclejgponkmi,4,-1,1
8,9,1,3966,PUSH,1,bhadfceijgplnkom,4,-1,1
8,9,2,3966,DEL_CUTOFF,-1
8,9,3,3966,POP,1,bcdafghejilmnpko
8,9,4,3966,POP,1,bchdfplajigenkom
8,9,0,3967,PUSH,1,bhdafclejgponkmi,4,-1
8,9,1,3967,PUSH,1,bhdafceijgplnkom,4,-1
8,9,2,3967,DEL_CUTOFF,4
8,9,3,3967,PUSH,-1,bacdfghejilmnpko,4,-1,1
8,9,4,3967,PUSH,-1,bchdfapljigenkom,-4,4,-1,1
8,9,0,3968,DEL_EXPLORED,-1
8,9,1,3968,DEL_EXPLORED,-1
8,9,2,3968,DEL_CUTOFF,-4
8,9,3,3968,DEL_EXPLORED,1
8,9,4,3968,DEL_EXPLORED,1
8,9,0,3969,DEL_CUTOFF,4
8,9,1,3969,DEL_CUTOFF,4
8,9,2,3969,POP,-1,bchdfgalnpiekjom
8,9,3,3969,DEL_CUTOFF,-1
8,9,4,3969,PUSH,-1,bchdafpljigenkom,-4,4,1
8,9,0,3970,POP,1,bhdafclejgponkmi
8,9,1,3970,POP,1,bhdafceijgplnkom
8,9,2,3970,DEL_EXPLORED,4
8,9,3,3970,DEL_CUTOFF,4
8,9,4,3970,DEL_EXPLORED,1
8,9,0,3971,DEL_EXPLORED,-1
8,9,1,3971,DEL_EXPLORED,-1
8,9,2,3971,PUSH,-4,bchafgldnpiekjom,4,-1
8,9,3,3971,POP,-1,bacdfghejilmnpko
8,9,4,3971,DEL_CUTOFF,4
8,9,0,3972,PUSH,4,bhldfcaejgponkmi,-4,4,-1,1
8,9,1,3972,PUSH,4,bhedfcaijgplnkom,-4,4,-1,1
8,9,2,3972,DEL_CUTOFF,-1
8,9,3,3972,DEL_EXPLORED,4
8,9,4,3972,DEL_CUTOFF,-4
8,9,0,3973,DEL_CUTOFF,1
8,9,1,3973,DEL_CUTOFF,1
8,9,2,3973,DEL_EXPLORED,4
8,9,3,3973,POP,-4,bcadfghejilmnpko
8,9,4,3973,POP,-1,bchdafpljigenkom
8,9,0,3974,DEL_CUTOFF,-1
8,9,1,3974,DEL_CUTOFF,-1
8,9,2,3974,POP,-4,bchafgldnpiekjom
8,9,3,3974,POP,-4,bchdfgaejilmnpko
8,9,4,3974,PUSH,4,bchdfipljagenkom,-4,4,-1,1
8,9,0,3975,DEL_CUTOFF,4
8,9,1,3975,DEL_CUTOFF,4
8,9,2,3975,POP,-4,bchdfglanpiekjom
8,9,3,3975,POP,1,bchdfglejiamnpko
8,9,4,3975,DEL_CUTOFF,1
8,9,0,3976,DEL_EXPLORED,-4
8,9,1,3976,DEL_EXPLORED,-4
8,9,2,3976,POP,1,bchdfglenpiakjom
8,9,3,3976,PUSH,-1,bchdfgleajimnpko,-4,4,1
8,9,4,3976,DEL_CUTOFF,-1
8,9,0,3977,POP,4,bhldfcaejgponkmi
8,9,1,3977,POP,4,bhedfcaijgplnkom
8,9,2,3977,DEL_EXPLORED,-1
8,9,3,3977,DEL_EXPLORED,1
8,9,4,3977,DEL_CUTOFF,4
8,9,0,3978,POP,1,bhadfclejgponkmi
8,9,1,3978,POP,1,bhadfceijgplnkom
8,9,2,3978,PUSH,4,bchdfglenpoikjam,-4,-1,1
8,9,3,3978,PUSH,4,bchdfglenjimapko,-4,1
8,9,4,3978,DEL_EXPLORED,-4
8,9,0,3979,PUSH,-1,abhdfclejgponkmi,4,1
8,9,1,3979,PUSH,-1,abhdfceijgplnkom,4,1
8,9,2,3979,PUSH,1,bchdfglenpoikjma,-4,-1
8,9,3,3979,PUSH,1,bchdfglenjimpako,-4,-1,1
8,9,4,3979,POP,4,bchdfipljagenkom
8,9,0,3980,DEL_EXPLORED,1
8,9,1,3980,DEL_EXPLORED,1
8,9,2,3980,DEL_EXPLORED,-1
8,9,3,3980,PUSH,1,bchdfglenjimpkao,-4,-1,1
8,9,4,3980,PUSH,-4,bahdfcpljigenkom,4,-1,1
8,9,0,3981,PUSH,4,fbhdaclejgponkmi,-4,4,1
8,9,1,3981,PUSH,4,fbhdaceijgplnkom,-4,4,1
8,9,2,3981,PUSH,-4,bchdfglenpoakjmi,-4,4,-1
8,9,3,3981,DEL_CUTOFF,1
8,9,4,3981,DEL_CUTOFF,1
8,9,0,3982,DEL_CUTOFF,1
8,9,1,3982,DEL_CUTOFF,1
8,9,2,3982,DEL_CUTOFF,-1
8,9,3,3982,DEL_EXPLORED,-1
8,9,4,3982,DEL_CUTOFF,-1
8,9,0,3983,DEL_CUTOFF,4
8,9,1,3983,DEL_CUTOFF,4
8,9,2,3983,DEL_EXPLORED,4
8,9,3,3983,DEL_CUTOFF,-4
8,9,4,3983,DEL_EXPLORED,4
8,9,0,3984,DEL_EXPLORED,-4
8,9,1,3984,DEL_EXPLORED,-4
8,9,2,3984,DEL_CUTOFF,-4
8,9,3,3984,POP,1,bchdfglenjimpkao
8,9,4,3984,POP,-4,bahdfcpljigenkom
8,9,0,3985,POP,4,fbhdaclejgponkmi
8,9,1,3985,POP,4,fbhdaceijgplnkom
8,9,2,3985,POP,-4,bchdfglenpoakjmi
8,9,3,3985,DEL_EXPLORED,-1
8,9,4,3985,POP,-1,bchdfapljigenkom
8,9,0,3986,POP,-1,abhdfclejgponkmi
8,9,1,3986,POP,-1,abhdfceijgplnkom
8,9,2,3986,POP,1,bchdfglenpoikjma
8,9,3,3986,PUSH,-4,bchdfglenaimpjko,-4,4,-1,1
8,9,4,3986,DEL_EXPLORED,4
8,9,0,3987,DEL_EXPLORED,4
8,9,1,3987,DEL_EXPLORED,4
8,9,2,3987,PUSH,-1,bchdfglenpoikajm,-4,-1,1
8,9,3,3987,DEL_CUTOFF,1
8,9,4,3987,PUSH,-4,bcadfphljigenkom,4,-1,1
8,9,0,3988,POP,-4,bahdfclejgponkmi
8,9,1,3988,POP,-4,bahdfceijgplnkom
8,9,2,3988,DEL_EXPLORED,1
8,9,3,3988,DEL_CUTOFF,-1
8,9,4,3988,PUSH,1,bcdafphljigenkom,4,-1
8,9,0,3989,POP,-4,bchdfalejgponkmi
8,9,1,3989,POP,-4,bchdfaeijgplnkom
8,9,2,3989,PUSH,-1,bchdfglenpoiakjm,-4,1
8,9,3,3989,DEL_EXPLORED,4
8,9,4,3989,DEL_EXPLORED,-1
8,9,0,3990,POP,-1,bchdfglejaponkmi
8,9,1,3990,POP,-1,bchdfgeijaplnkom
8,9,2,3990,DEL_EXPLORED,1
8,9,3,3990,DEL_CUTOFF,-4
8,9,4,3990,DEL_CUTOFF,4
8,9,0,3991,PUSH,4,bchdfglejpmonkai,-4,-1,1
8,9,1,3991,PUSH,4,bchdfgeijpolnkam,-4,-1,1
8,9,2,3991,DEL_CUTOFF,-4
8,9,3,3991,POP,-4,bchdfglenaimpjko
8,9,4,3991,POP,1,bcdafphljigenkom
8,9,0,3992,PUSH,1,bchdfglejpmonkia,-4,-1
8,9,1,3992,PUSH,1,bchdfgeijpolnkma,-4,-1
8,9,2,3992,POP,-1,bchdfglenpoiakjm
8,9,3,3992,POP,1,bchdfglenjimpako
8,9,4,3992,PUSH,-1,bacdfphljigenkom,4,-1,1
8,9,0,3993,DEL_EXPLORED,-1
8,9,1,3993,DEL_EXPLORED,-1
8,9,2,3993,PUSH,-4,bchdfglenaoikpjm,-4,4,-1,1
8,9,3,3993,DEL_EXPLORED,-4
8,9,4,3993,DEL_EXPLORED,1
8,9,0,3994,PUSH,-4,bchdfglejpmankio,-4,4,-1
8,9,1,3994,PUSH,-4,bchdfgeijpoankml,-4,4,-1
8,9,2,3994,DEL_CUTOFF,1
8,9,3,3994,POP,4,bchdfglenjimapko
8,9,4,3994,DEL_CUTOFF,-1
8,9,0,3995,PUSH,-1,bchdfglejpamnkio,-4,4,-1,1
8,9,1,3995,PUSH,-1,bchdfgeijpaonkml,-4,4,-1,1
8,9,2,3995,DEL_CUTOFF,-1
8,9,3,3995,PUSH,-4,bchdaglefjimnpko,-4,4,1
8,9,4,3995,DEL_CUTOFF,4
8,9,0,3996,DEL_EXPLORED,1
8,9,1,3996,DEL_EXPLORED,1
8,9,2,3996,DEL_EXPLORED,4
8,9,3,3996,PUSH,1,bchdgalefjimnpko,-4,4,-1,1
8,9,4,3996,POP,-1,bacdfphljigenkom
8,9,0,3997,PUSH,-1,bchdfglejapmnkio,-4,4,-1,1
8,9,1,3997,PUSH,-1,bchdfgeijaponkml,-4,4,-1,1
8,9,2,3997,DEL_CUTOFF,-4
8,9,3,3997,PUSH,1,bchdglaefjimnpko,-4,4,-1,1
8,9,4,3997,DEL_EXPLORED,4
8,9,0,3998,DEL_EXPLORED,1
8,9,1,3998,DEL_EXPLORED,1
8,9,2,3998,POP,-4,bchdfglenaoikpjm
8,9,3,3998,DEL_CUTOFF,1
8,9,4,3998,POP,-4,bcadfphljigenkom
8,9,0,3999,DEL_CUTOFF,-1
8,9,1,3999,DEL_CUTOFF,-1
8,9,2,3999,POP,-1,bchdfglenpoikajm
8,9,3,3999,DEL_EXPLORED,-1
8,9,4,3999,POP,-4,bchdfpaljigenkom
8,9,0,4000,DEL_CUTOFF,4
8,9,1,4000,DEL_CUTOFF,4
8,9,2,4000,DEL_EXPLORED,-4
8,9,3,4000,DEL_CUTOFF,4
8,9,4,4000,POP,1,bchdfpgljiaenkom
8,9,0,4001,DEL_CUTOFF,-4
8,9,1,4001,DEL_CUTOFF,-4
8,9,2,4001,POP,4,bchdfglenpoikjam
8,9,3,4001,DEL_CUTOFF,-4
8,9,4,4001,PUSH,-1,bchdfpglajienkom,-4,4,1
8,9,0,4002,POP,-1,bchdfglejapmnkio
8,9,1,4002,POP,-1,bchdfgeijaponkml
8,9,2,4002,PUSH,-4,bchdfgaenplikjom,-4,4,-1,1
8,9,3,4002,POP,1,bchdglaefjimnpko
8,9,4,4002,DEL_EXPLORED,1
8,9,0,4003,PUSH,4,bchdfglejpimnkao,-4,-1,1
8,9,1,4003,PUSH,4,bchdfgeijpmonkal,-4,-1,1
8,9,2,4003,PUSH,1,bchdfgeanplikjom,-4,4,-1
8,9,3,4003,DEL_EXPLORED,-1
8,9,4,4003,PUSH,4,bchdfpglnjieakom,-4,1
8,9,0,4004,DEL_CUTOFF,1
8,9,1,4004,DEL_CUTOFF,1
8,9,2,4004,DEL_EXPLORED,-1
8,9,3,4004,PUSH,4,bchdgjlefaimnpko,-4,4,-1,1
8,9,4,4004,PUSH,1,bchdfpglnjiekaom,-4,-1,1
8,9,0,4005,DEL_CUTOFF,-1
8,9,1,4005,DEL_CUTOFF,-1
8,9,2,4005,PUSH,4,bchdfgeinplakjom,-4,4,-1
8,9,3,4005,DEL_CUTOFF,1
8,9,4,4005,PUSH,1,bchdfpglnjiekoam,-4,-1,1
8,9,0,4006,DEL_EXPLORED,-4
8,9,1,4006,DEL_EXPLORED,-4
8,9,2,4006,DEL_CUTOFF,-1
8,9,3,4006,DEL_CUTOFF,-1
8,9,4,4006,DEL_CUTOFF,1
8,9,0,4007,POP,4,bchdfglejpimnkao
8,9,1,4007,POP,4,bchdfgeijpmonkal
8,9,2,4007,DEL_CUTOFF,4
8,9,3,4007,DEL_CUTOFF,4
8,9,4,4007,DEL_EXPLORED,-1
8,9,0,4008,PUSH,-4,bchdfgaejplmnkio,-4,4,-1,1
8,9,1,4008,PUSH,-4,bchdfgaijpeonkml,-4,4,-1,1
8,9,2,4008,DEL_EXPLORED,-4
8,9,3,4008,DEL_EXPLORED,-4
8,9,4,4008,DEL_CUTOFF,-4
8,9,0,4009,DEL_CUTOFF,1
8,9,1,4009,DEL_CUTOFF,1
8,9,2,4009,POP,4,bchdfgeinplakjom
8,9,3,4009,POP,4,bchdgjlefaimnpko
8,9,4,4009,POP,1,bchdfpglnjiekoam
8,9,0,4010,DEL_CUTOFF,-1
8,9,1,4010,DEL_CUTOFF,-1
8,9,2,4010,PUSH,-4,bchafgednplikjom,4,-1
8,9,3,4010,PUSH,-4,bahdgclefjimnpko,4,-1,1
8,9,4,4010,DEL_EXPLORED,-1
8,9,0,4011,DEL_EXPLORED,4
8,9,1,4011,DEL_EXPLORED,4
8,9,2,4011,DEL_CUTOFF,-1
8,9,3,4011,DEL_CUTOFF,1
8,9,4,4011,PUSH,-4,bchdfpglnaiekjom,-4,4,-1,1
8,9,0,4012,DEL_CUTOFF,-4
8,9,1,4012,DEL_CUTOFF,-4
8,9,2,4012,DEL_EXPLORED,4
8,9,3,4012,DEL_CUTOFF,-1
8,9,4,4012,DEL_CUTOFF,1
8,9,0,4013,POP,-4,bchdfgaejplmnkio
8,9,1,4013,POP,-4,bchdfgaijpeonkml
8,9,2,4013,POP,-4,bchafgednplikjom
8,9,3,4013,DEL_EXPLORED,4
8,9,4,4013,DEL_CUTOFF,-1
8,9,0,4014,POP,-1,bchdfglejpamnkio
8,9,1,4014,POP,-1,bchdfgeijpaonkml
8,9,2,4014,POP,1,bchdfgeanplikjom
8,9,3,4014,POP,-4,bahdgclefjimnpko
8,9,4,4014,DEL_EXPLORED,4
8,9,0,4015,DEL_EXPLORED,4
8,9,1,4015,DEL_EXPLORED,4
8,9,2,4015,PUSH,-1,bchdfagenplikjom,-4,4,-1,1
8,9,3,4015,POP,1,bchdgalefjimnpko
8,9,4,4015,DEL_CUTOFF,-4
8,9,0,4016,PUSH,-4,bchdfglajpmenkio,-4,4,-1
8,9,1,4016,PUSH,-4,bchdfgeajpoinkml,-4,4,-1
8,9,2,4016,DEL_EXPLORED,1
8,9,3,4016,DEL_EXPLORED,4
8,9,4,4016,POP,-4,bchdfpglnaiekjom
8,9,0,4017,PUSH,-1,bchdfgaljpmenkio,-4,4,-1,1
8,9,1,4017,PUSH,-1,bchdfgaejpoinkml,-4,4,-1,1
8,9,2,4017,PUSH,-1,bchdafgenplikjom,-4,4,1
8,9,3,4017,PUSH,-4,achdbglefjimnpko,4,1
8,9,4,4017,POP,1,bchdfpglnjiekaom
8,9,0,4018,DEL_EXPLORED,1
8,9,1,4018,DEL_EXPLORED,1
8,9,2,4018,DEL_EXPLORED,1
8,9,3,4018,PUSH,1,cahdbglefjimnpko,4,-1,1
8,9,4,4018,DEL_EXPLORED,-4
8,9,0,4019,DEL_CUTOFF,-1
8,9,1,4019,DEL_CUTOFF,-1
8,9,2,4019,DEL_CUTOFF,4
8,9,3,4019,DEL_CUTOFF,1
8,9,4,4019,POP,4,bchdfpglnjieakom
8,9,0,4020,DEL_CUTOFF,4
8,9,1,4020,DEL_CUTOFF,4
8,9,2,4020,DEL_CUTOFF,-4
8,9,3,4020,DEL_EXPLORED,-1
8,9,4,4020,PUSH,-4,bchdapglfjienkom,-4,4,1
8,9,0,4021,DEL_CUTOFF,-4
8,9,1,4021,DEL_CUTOFF,-4
8,9,2,4021,POP,-1,bchdafgenplikjom
8,9,3,4021,DEL_CUTOFF,4
8,9,4,4021,PUSH,1,bchdpaglfjienkom,-4,4,-1,1
8,9,0,4022,POP,-1,bchdfgaljpmenkio
8,9,1,4022,POP,-1,bchdfgaejpoinkml
8,9,2,4022,PUSH,4,bchdfpgenalikjom,-4,4,-1,1
8,9,3,4022,POP,1,cahdbglefjimnpko
8,9,4,4022,PUSH,1,bchdpgalfjienkom,-4,4,-1,1
8,9,0,4023,DEL_EXPLORED,4
8,9,1,4023,DEL_EXPLORED,4
8,9,2,4023,DEL_CUTOFF,1
8,9,3,4023,DEL_EXPLORED,4
8,9,4,4023,DEL_CUTOFF,1
8,9,0,4024,PUSH,-4,bchafgldjpmenkio,4,-1
8,9,1,4024,PUSH,-4,bchafgedjpoinkml,4,-1
8,9,2,4024,DEL_CUTOFF,-1
8,9,3,4024,POP,-4,achdbglefjimnpko
8,9,4,4024,DEL_EXPLORED,-1
8,9,0,4025,DEL_CUTOFF,-1
8,9,1,4025,DEL_CUTOFF,-1
8,9,2,4025,DEL_CUTOFF,4
8,9,3,4025,POP,-4,bchdaglefjimnpko
8,9,4,4025,DEL_CUTOFF,4
8,9,0,4026,DEL_EXPLORED,4
8,9,1,4026,DEL_EXPLORED,4
8,9,2,4026,DEL_EXPLORED,-4
8,9,3,4026,POP,-1,bchdfgleajimnpko
8,9,4,4026,DEL_CUTOFF,-4
8,9,0,4027,POP,-4,bchafgldjpmenkio
8,9,1,4027,POP,-4,bchafgedjpoinkml
8,9,2,4027,POP,4,bchdfpgenalikjom
8,9,3,4027,DEL_EXPLORED,4
8,9,4,4027,POP,1,bchdpgalfjienkom
8,9,0,4028,POP,-4,bchdfglajpmenkio
8,9,1,4028,POP,-4,bchdfgeajpoinkml
8,9,2,4028,PUSH,-4,bahdfcgenplikjom,4,-1,1
8,9,3,4028,PUSH,-4,bchdfalejgimnpko,-4,4,-1,1
8,9,4,4028,DEL_EXPLORED,-1
8,9,0,4029,POP,-4,bchdfglejpmankio
8,9,1,4029,POP,-4,bchdfgeijpoankml
8,9,2,4029,DEL_CUTOFF,1
8,9,3,4029,PUSH,1,bchdflaejgimnpko,-4,4,-1,1
8,9,4,4029,PUSH,4,bchdpjglfaienkom,-4,4,-1,1
8,9,0,4030,POP,1,bchdfglejpmonkia
8,9,1,4030,POP,1,bchdfgeijpolnkma
8,9,2,4030,DEL_CUTOFF,-1
8,9,3,4030,PUSH,1,bchdfleajgimnpko,-4,4,-1
8,9,4,4030,DEL_CUTOFF,1
8,9,0,4031,PUSH,-1,bchdfglejpmonaki,-4,-1,1
8,9,1,4031,PUSH,-1,bchdfgeijpolnakm,-4,-1,1
8,9,2,4031,DEL_EXPLORED,4
8,9,3,4031,DEL_EXPLORED,-1
8,9,4,4031,DEL_CUTOFF,-1
8,9,0,4032,DEL_EXPLORED,1
8,9,1,4032,DEL_EXPLORED,1
8,9,2,4032,POP,-4,bahdfcgenplikjom
8,9,3,4032,PUSH,4,bchdflemjgianpko,-4,4,-1
8,9,4,4032,DEL_CUTOFF,4
8,9,0,4033,PUSH,-1,bchdfglejpmoanki,-4,1
8,9,1,4033,PUSH,-1,bchdfgeijpolankm,-4,1
8,9,2,4033,POP,-1,bchdfagenplikjom
8,9,3,4033,DEL_CUTOFF,-1
8,9,4,4033,DEL_EXPLORED,-4
8,9,0,4034,DEL_EXPLORED,1
8,9,1,4034,DEL_EXPLORED,1
8,9,2,4034,DEL_EXPLORED,4
8,9,3,4034,DEL_CUTOFF,4
8,9,4,4034,POP,4,bchdpjglfaienkom
8,9,0,4035,PUSH,-4,bchdfgleapmojnki,-4,4,1
8,9,1,4035,PUSH,-4,bchdfgeiapoljnkm,-4,4,1
8,9,2,4035,PUSH,-4,bcadfghenplikjom,4,-1,1
8,9,3,4035,DEL_EXPLORED,-4
8,9,4,4035,PUSH,-4,bahdpcglfjienkom,4,-1,1
8,9,0,4036,PUSH,1,bchdfglepamojnki,-4,4,-1,1
8,9,1,4036,PUSH,1,bchdfgeipaoljnkm,-4,4,-1,1
8,9,2,4036,PUSH,1,bcdafghenplikjom,4,-1
8,9,3,4036,POP,4,bchdflemjgianpko
8,9,4,4036,DEL_CUTOFF,1
8,9,0,4037,DEL_CUTOFF,1
8,9,1,4037,DEL_CUTOFF,1
8,9,2,4037,DEL_EXPLORED,-1
8,9,3,4037,PUSH,-4,bchafledjgimnpko,4,-1
8,9,4,4037,DEL_CUTOFF,-1
8,9,0,4038,DEL_EXPLORED,-1
8,9,1,4038,DEL_EXPLORED,-1
8,9,2,4038,DEL_CUTOFF,4
8,9,3,4038,DEL_CUTOFF,-1
8,9,4,4038,DEL_EXPLORED,4
8,9,0,4039,DEL_CUTOFF,4
8,9,1,4039,DEL_CUTOFF,4
8,9,2,4039,POP,1,bcdafghenplikjom
8,9,3,4039,DEL_EXPLORED,4
8,9,4,4039,POP,-4,bahdpcglfjienkom
8,9,0,4040,DEL_CUTOFF,-4
8,9,1,4040,DEL_CUTOFF,-4
8,9,2,4040,PUSH,-1,bacdfghenplikjom,4,-1,1
8,9,3,4040,POP,-4,bchafledjgimnpko
8,9,4,4040,POP,1,bchdpaglfjienkom
8,9,0,4041,POP,1,bchdfglepamojnki
8,9,1,4041,POP,1,bchdfgeipaoljnkm
8,9,2,4041,DEL_EXPLORED,1
8,9,3,4041,POP,1,bchdfleajgimnpko
8,9,4,4041,DEL_EXPLORED,4
8,9,0,4042,DEL_EXPLORED,4
8,9,1,4042,DEL_EXPLORED,4
8,9,2,4042,DEL_CUTOFF,-1
8,9,3,4042,DEL_EXPLORED,-1
8,9,4,4042,PUSH,-4,achdbpglfjienkom,4,1
8,9,0,4043,PUSH,-4,bchdaglefpmojnki,-4,4,1
8,9,1,4043,PUSH,-4,bchdageifpoljnkm,-4,4,1
8,9,2,4043,DEL_CUTOFF,4
8,9,3,4043,PUSH,4,bchdfliejgamnpko,-4,4,-1,1
8,9,4,4043,PUSH,1,cahdbpglfjienkom,4,-1,1
8,9,0,4044,DEL_CUTOFF,1
8,9,1,4044,DEL_CUTOFF,1
8,9,2,4044,POP,-1,bacdfghenplikjom
8,9,3,4044,PUSH,1,bchdfliejgmanpko,-4,4,-1
8,9,4,4044,DEL_CUTOFF,1
8,9,0,4045,DEL_EXPLORED,4
8,9,1,4045,DEL_EXPLORED,4
8,9,2,4045,DEL_EXPLORED,4
8,9,3,4045,DEL_EXPLORED,-1
8,9,4,4045,DEL_EXPLORED,-1
8,9,0,4046,DEL_CUTOFF,-4
8,9,1,4046,DEL_CUTOFF,-4
8,9,2,4046,POP,-4,bcadfghenplikjom
8,9,3,4046,DEL_CUTOFF,4
8,9,4,4046,DEL_CUTOFF,4
8,9,0,4047,POP,-4,bchdaglefpmojnki
8,9,1,4047,POP,-4,bchdageifpoljnkm
8,9,2,4047,POP,-4,bchdfgaenplikjom
8,9,3,4047,DEL_CUTOFF,-4
8,9,4,4047,POP,1,cahdbpglfjienkom
8,9,0,4048,POP,-4,bchdfgleapmojnki
8,9,1,4048,POP,-4,bchdfgeiapoljnkm
8,9,2,4048,POP,1,bchdfglenpaikjom
8,9,3,4048,POP,1,bchdfliejgmanpko
8,9,4,4048,DEL_EXPLORED,4
8,9,0,4049,POP,-1,bchdfglejpmoanki
8,9,1,4049,POP,-1,bchdfgeijpolankm
8,9,2,4049,PUSH,-1,bchdfgleanpikjom,-4,4,1
8,9,3,4049,PUSH,-1,bchdfliejagmnpko,-4,4,-1,1
8,9,4,4049,POP,-4,achdbpglfjienkom
8,9,0,4050,PUSH,-4,bchdfglejamonpki,-4,4,-1,1
8,9,1,4050,PUSH,-4,bchdfgeijaolnpkm,-4,4,-1,1
8,9,2,4050,DEL_EXPLORED,1
8,9,3,4050,DEL_EXPLORED,1
8,9,4,4050,POP,-4,bchdapglfjienkom
8,9,0,4051,PUSH,1,bchdfglejmaonpki,-4,4,-1,1
8,9,1,4051,PUSH,1,bchdfgeijoalnpkm,-4,4,-1,1
8,9,2,4051,PUSH,4,bchdfgleknpiajom,-4,1
8,9,3,4051,DEL_CUTOFF,-1
8,9,4,4051,POP,-1,bchdfpglajienkom
8,9,0,4052,PUSH,1,bchdfglejmoanpki,-4,4,-1
8,9,1,4052,PUSH,1,bchdfgeijolanpkm,-4,4,-1
8,9,2,4052,PUSH,1,bchdfgleknpijaom,-4,-1,1
8,9,3,4052,DEL_CUTOFF,4
8,9,4,4052,PUSH,4,bchdfpgljkienaom,-4,-1,1
8,9,0,4053,DEL_EXPLORED,-1
8,9,1,4053,DEL_EXPLORED,-1
8,9,2,4053,PUSH,1,bchdfgleknpijoam,-4,-1,1
8,9,3,4053,DEL_CUTOFF,-4
8,9,4,4053,PUSH,1,bchdfpgljkienoam,-4,-1,1
8,9,0,4054,DEL_CUTOFF,4
8,9,1,4054,DEL_CUTOFF,4
8,9,2,4054,DEL_CUTOFF,1
8,9,3,4054,POP,-1,bchdfliejagmnpko
8,9,4,4054,PUSH,1,bchdfpgljkienoma,-4,-1
8,9,0,4055,DEL_CUTOFF,-4
8,9,1,4055,DEL_CUTOFF,-4
8,9,2,4055,DEL_EXPLORED,-1
8,9,3,4055,PUSH,4,bchdfliejgkmnpao,-4,-1,1
8,9,4,4055,DEL_EXPLORED,-1
8,9,0,4056,POP,1,bchdfglejmoanpki
8,9,1,4056,POP,1,bchdfgeijolanpkm
8,9,2,4056,DEL_CUTOFF,-4
8,9,3,4056,DEL_CUTOFF,1
8,9,4,4056,PUSH,-4,bchdfpgljkianome,-4,4,-1
8,9,0,4057,DEL_EXPLORED,-1
8,9,1,4057,DEL_EXPLORED,-1
8,9,2,4057,POP,1,bchdfgleknpijoam
8,9,3,4057,DEL_CUTOFF,-1
8,9,4,4057,DEL_CUTOFF,-1
8,9,0,4058,PUSH,4,bchdfglejmkonpai,-4,-1,1
8,9,1,4058,PUSH,4,bchdfgeijoklnpam,-4,-1,1
8,9,2,4058,DEL_EXPLORED,-1
8,9,3,4058,DEL_EXPLORED,-4
8,9,4,4058,DEL_EXPLORED,4
8,9,0,4059,DEL_CUTOFF,1
8,9,1,4059,DEL_CUTOFF,1
8,9,2,4059,PUSH,-4,bchdfglekapijnom,-4,4,-1,1
8,9,3,4059,POP,4,bchdfliejgkmnpao
8,9,4,4059,DEL_CUTOFF,-4
8,9,0,4060,DEL_CUTOFF,-1
8,9,1,4060,DEL_CUTOFF,-1
8,9,2,4060,DEL_CUTOFF,1
8,9,3,4060,DEL_EXPLORED,-4
8,9,4,4060,POP,-4,bchdfpgljkianome
8,9,0,4061,DEL_EXPLORED,-4
8,9,1,4061,DEL_EXPLORED,-4
8,9,2,4061,DEL_CUTOFF,-1
8,9,3,4061,POP,4,bchdfliejgamnpko
8,9,4,4061,POP,1,bchdfpgljkienoma
8,9,0,4062,POP,4,bchdfglejmkonpai
8,9,1,4062,POP,4,bchdfgeijoklnpam
8,9,2,4062,DEL_EXPLORED,4
8,9,3,4062,PUSH,-4,bcadflhejgimnpko,4,-1,1
8,9,4,4062,DEL_EXPLORED,-1
8,9,0,4063,PUSH,-4,bchdfgaejmlonpki,-4,4,-1,1
8,9,1,4063,PUSH,-4,bchdfgaijoelnpkm,-4,4,-1,1
8,9,2,4063,DEL_CUTOFF,-4
8,9,3,4063,PUSH,1,bcdaflhejgimnpko,4,-1
8,9,4,4063,PUSH,-4,bchdfpgljkaenoim,-4,4,-1,1
8,9,0,4064,DEL_CUTOFF,1
8,9,1,4064,DEL_CUTOFF,1
8,9,2,4064,POP,-4,bchdfglekapijnom
8,9,3,4064,DEL_EXPLORED,-1
8,9,4,4064,PUSH,1,bchdfpgljkeanoim,-4,4,-1
8,9,0,4065,DEL_CUTOFF,-1
8,9,1,4065,DEL_CUTOFF,-1
8,9,2,4065,POP,1,bchdfgleknpijaom
8,9,3,4065,DEL_CUTOFF,4
8,9,4,4065,DEL_EXPLORED,-1
8,9,0,4066,DEL_EXPLORED,4
8,9,1,4066,DEL_EXPLORED,4
8,9,2,4066,DEL_EXPLORED,-4
8,9,3,4066,POP,1,bcdaflhejgimnpko
8,9,4,4066,DEL_CUTOFF,4
8,9,0,4067,DEL_CUTOFF,-4
8,9,1,4067,DEL_CUTOFF,-4
8,9,2,4067,POP,4,bchdfgleknpiajom
8,9,3,4067,PUSH,-1,bacdflhejgimnpko,4,-1,1
8,9,4,4067,DEL_CUTOFF,-4
8,9,0,4068,POP,-4,bchdfgaejmlonpki
8,9,1,4068,POP,-4,bchdfgaijoelnpkm
8,9,2,4068,PUSH,-4,bchdaglefnpikjom,-4,4,1
8,9,3,4068,DEL_EXPLORED,1
8,9,4,4068,POP,1,bchdfpgljkeanoim
8,9,0,4069,POP,1,bchdfglejmaonpki
8,9,1,4069,POP,1,bchdfgeijoalnpkm
8,9,2,4069,PUSH,1,bchdgalefnpikjom,-4,4,-1,1
8,9,3,4069,DEL_CUTOFF,-1
8,9,4,4069,PUSH,-1,bchdfpgljakenoim,-4,4,-1,1
8,9,0,4070,PUSH,-1,bchdfgleajmonpki,-4,4,1
8,9,1,4070,PUSH,-1,bchdfgeiajolnpkm,-4,4,1
8,9,2,4070,PUSH,1,bchdglaefnpikjom,-4,4,-1,1
8,9,3,4070,DEL_CUTOFF,4
8,9,4,4070,DEL_EXPLORED,1
8,9,0,4071,DEL_EXPLORED,1
8,9,1,4071,DEL_EXPLORED,1
8,9,2,4071,DEL_CUTOFF,1
8,9,3,4071,POP,-1,bacdflhejgimnpko
8,9,4,4071,DEL_CUTOFF,-1
8,9,0,4072,PUSH,4,bchdfglenjmoapki,-4,1
8,9,1,4072,PUSH,4,bchdfgeinjolapkm,-4,1
8,9,2,4072,DEL_EXPLORED,-1
8,9,3,4072,DEL_EXPLORED,4
8,9,4,4072,DEL_CUTOFF,4
8,9,0,4073,DEL_CUTOFF,1
8,9,1,4073,DEL_CUTOFF,1
8,9,2,4073,DEL_CUTOFF,4
8,9,3,4073,POP,-4,bcadflhejgimnpko
8,9,4,4073,DEL_CUTOFF,-4
8,9,0,4074,DEL_EXPLORED,-4
8,9,1,4074,DEL_EXPLORED,-4
8,9,2,4074,DEL_CUTOFF,-4
8,9,3,4074,POP,1,bchdflaejgimnpko
8,9,4,4074,POP,-1,bchdfpgljakenoim
8,9,0,4075,POP,4,bchdfglenjmoapki
8,9,1,4075,POP,4,bchdfgeinjolapkm
8,9,2,4075,POP,1,bchdglaefnpikjom
8,9,3,4075,PUSH,-1,bchdaflejgimnpko,-4,4,1
8,9,4,4075,DEL_EXPLORED,4
8,9,0,4076,PUSH,-4,bchdaglefjmonpki,-4,4,1
8,9,1,4076,PUSH,-4,bchdageifjolnpkm,-4,4,1
8,9,2,4076,DEL_EXPLORED,-1
8,9,3,4076,DEL_EXPLORED,1
8,9,4,4076,PUSH,-4,bchdfpaljkgenoim,-4,4,-1,1
8,9,0,4077,DEL_CUTOFF,1
8,9,1,4077,DEL_CUTOFF,1
8,9,2,4077,PUSH,4,bchdgnlefapikjom,-4,4,-1,1
8,9,3,4077,PUSH,4,bchdjfleagimnpko,-4,4,1
8,9,4,4077,DEL_CUTOFF,1
8,9,0,4078,DEL_EXPLORED,4
8,9,1,4078,DEL_EXPLORED,4
8,9,2,4078,DEL_CUTOFF,1
8,9,3,4078,PUSH,1,bchdjflegaimnpko,-4,4,-1,1
8,9,4,4078,DEL_CUTOFF,-1
8,9,0,4079,DEL_CUTOFF,-4
8,9,1,4079,DEL_CUTOFF,-4
8,9,2,4079,DEL_CUTOFF,-1
8,9,3,4079,DEL_CUTOFF,1
8,9,4,4079,DEL_EXPLORED,4
8,9,0,4080,POP,-4,bchdaglefjmonpki
8,9,1,4080,POP,-4,bchdageifjolnpkm
8,9,2,4080,DEL_CUTOFF,4
8,9,3,4080,DEL_EXPLORED,-1
8,9,4,4080,DEL_CUTOFF,-4
8,9,0,4081,POP,-1,bchdfgleajmonpki
8,9,1,4081,POP,-1,bchdfgeiajolnpkm
8,9,2,4081,DEL_EXPLORED,-4
8,9,3,4081,DEL_CUTOFF,4
8,9,4,4081,POP,-4,bchdfpaljkgenoim
8,9,0,4082,DEL_EXPLORED,4
8,9,1,4082,DEL_EXPLORED,4
8,9,2,4082,POP,4,bchdgnlefapikjom
8,9,3,4082,DEL_CUTOFF,-4
8,9,4,4082,POP,-4,bchdfpgljkaenoim
8,9,0,4083,PUSH,-4,bchdfalejgmonpki,-4,4,-1,1
8,9,1,4083,PUSH,-4,bchdfaeijgolnpkm,-4,4,-1,1
8,9,2,4083,PUSH,-4,bahdgclefnpikjom,4,-1,1
8,9,3,4083,POP,1,bchdjflegaimnpko
8,9,4,4083,POP,1,bchdfpgljkienoam
8,9,0,4084,PUSH,1,bchdflaejgmonpki,-4,4,-1,1
8,9,1,4084,PUSH,1,bchdfeaijgolnpkm,-4,4,-1,1
8,9,2,4084,DEL_CUTOFF,1
8,9,3,4084,PUSH,4,bchdjflengimapko,-4,1
8,9,4,4084,PUSH,-1,bchdfpgljkieanom,-4,1
8,9,0,4085,DEL_CUTOFF,1
8,9,1,4085,DEL_CUTOFF,1
8,9,2,4085,DEL_CUTOFF,-1
8,9,3,4085,DEL_CUTOFF,1
8,9,4,4085,DEL_EXPLORED,1
8,9,0,4086,DEL_EXPLORED,-1
8,9,1,4086,DEL_EXPLORED,-1
8,9,2,4086,DEL_EXPLORED,4
8,9,3,4086,DEL_EXPLORED,-4
8,9,4,4086,PUSH,-4,bchdfpglakiejnom,-4,4,1
8,9,0,4087,DEL_CUTOFF,4
8,9,1,4087,DEL_CUTOFF,4
8,9,2,4087,POP,-4,bahdgclefnpikjom
8,9,3,4087,POP,4,bchdjflengimapko
8,9,4,4087,PUSH,1,bchdfpglkaiejnom,-4,4,-1,1
8,9,0,4088,DEL_CUTOFF,-4
8,9,1,4088,DEL_CUTOFF,-4
8,9,2,4088,POP,1,bchdgalefnpikjom
8,9,3,4088,DEL_EXPLORED,-4
8,9,4,4088,DEL_CUTOFF,1
8,9,0,4089,POP,1,bchdflaejgmonpki
8,9,1,4089,POP,1,bchdfeaijgolnpkm
8,9,2,4089,DEL_EXPLORED,4
8,9,3,4089,POP,4,bchdjfleagimnpko
8,9,4,4089,DEL_EXPLORED,-1
8,9,0,4090,PUSH,-1,bchdaflejgmonpki,-4,4,1
8,9,1,4090,PUSH,-1,bchdafeijgolnpkm,-4,4,1
8,9,2,4090,PUSH,-4,achdbglefnpikjom,4,1
8,9,3,4090,PUSH,-4,achdbflejgimnpko,4,1
8,9,4,4090,DEL_CUTOFF,4
8,9,0,4091,DEL_EXPLORED,1
8,9,1,4091,DEL_EXPLORED,1
8,9,2,4091,PUSH,1,cahdbglefnpikjom,4,-1,1
8,9,3,4091,PUSH,1,cahdbflejgimnpko,4,-1,1
8,9,4,4091,DEL_CUTOFF,-4
8,9,0,4092,DEL_CUTOFF,4
8,9,1,4092,DEL_CUTOFF,4
8,9,2,4092,DEL_CUTOFF,1
8,9,3,4092,DEL_CUTOFF,1
8,9,4,4092,POP,1,bchdfpglkaiejnom
8,9,0,4093,DEL_CUTOFF,-4
8,9,1,4093,DEL_CUTOFF,-4
8,9,2,4093,DEL_EXPLORED,-1
8,9,3,4093,DEL_EXPLORED,-1
8,9,4,4093,DEL_EXPLORED,4
8,9,0,4094,POP,-1,bchdaflejgmonpki
8,9,1,4094,POP,-1,bchdafeijgolnpkm
8,9,2,4094,DEL_CUTOFF,4
8,9,3,4094,DEL_CUTOFF,4
8,9,4,4094,PUSH,-4,bchdapglfkiejnom,-4,4,1
8,9,0,4095,DEL_EXPLORED,4
8,9,1,4095,DEL_EXPLORED,4
8,9,2,4095,POP,1,cahdbglefnpikjom
8,9,3,4095,POP,1,cahdbflejgimnpko
8,9,4,4095,DEL_CUTOFF,1
8,9,0,4096,PUSH,-4,bahdfclejgmonpki,4,-1,1
8,9,1,4096,PUSH,-4,bahdfceijgolnpkm,4,-1,1
8,9,2,4096,DEL_EXPLORED,4
8,9,3,4096,DEL_EXPLORED,4
8,9,4,4096,DEL_EXPLORED,4
8,9,0,4097,DEL_CUTOFF,1
8,9,1,4097,DEL_CUTOFF,1
8,9,2,4097,POP,-4,achdbglefnpikjom
8,9,3,4097,POP,-4,achdbflejgimnpko
8,9,4,4097,DEL_CUTOFF,-4
8,9,0,4098,DEL_CUTOFF,-1
8,9,1,4098,DEL_CUTOFF,-1
8,9,2,4098,POP,-4,bchdaglefnpikjom
8,9,3,4098,POP,-1,bchdaflejgimnpko
8,9,4,4098,POP,-4,bchdapglfkiejnom
8,9,0,4099,DEL_EXPLORED,4
8,9,1,4099,DEL_EXPLORED,4
8,9,2,4099,POP,-1,bchdfgleanpikjom
8,9,3,4099,DEL_EXPLORED,4
8,9,4,4099,POP,-4,bchdfpglakiejnom
8,9,0,4100,POP,-4,bahdfclejgmonpki
8,9,1,4100,POP,-4,bahdfceijgolnpkm
8,9,2,4100,DEL_EXPLORED,4
8,9,3,4100,PUSH,-4,bahdfclejgimnpko,4,-1,1
8,9,4,4100,POP,-1,bchdfpgljkieanom
8,9,0,4101,POP,-4,bchdfalejgmonpki
8,9,1,4101,POP,-4,bchdfaeijgolnpkm
8,9,2,4101,PUSH,-4,bchdfalengpikjom,-4,4,-1,1
8,9,3,4101,PUSH,1,bhadfclejgimnpko,4,-1,1
8,9,4,4101,DEL_EXPLORED,-4
8,9,0,4102,POP,-4,bchdfglejamonpki
8,9,1,4102,POP,-4,bchdfgeijaolnpkm
8,9,2,4102,PUSH,1,bchdflaengpikjom,-4,4,-1,1
8,9,3,4102,PUSH,1,bhdafclejgimnpko,4,-1
8,9,4,4102,POP,4,bchdfpgljkienaom
8,9,0,4103,POP,-1,bchdfglejpmonaki
8,9,1,4103,POP,-1,bchdfgeijpolnakm
8,9,2,4103,PUSH,1,bchdfleangpikjom,-4,4,-1
8,9,3,4103,DEL_EXPLORED,-1
8,9,4,4103,DEL_EXPLORED,-4
8,9,0,4104,DEL_EXPLORED,-4
8,9,1,4104,DEL_EXPLORED,-4
8,9,2,4104,DEL_EXPLORED,-1
8,9,3,4104,DEL_CUTOFF,4
8,9,4,4104,POP,4,bchdfpgljaienkom
8,9,0,4105,POP,4,bchdfglejpmonkai
8,9,1,4105,POP,4,bchdfgeijpolnkam
8,9,2,4105,PUSH,4,bchdfleingpakjom,-4,4,-1
8,9,3,4105,POP,1,bhdafclejgimnpko
8,9,4,4105,PUSH,-4,bahdfcgljpienkom,4,-1,1
8,9,0,4106,PUSH,-4,bchdfgaejplonkmi,-4,4,-1,1
8,9,1,4106,PUSH,-4,bchdfgaijpelnkom,-4,4,-1,1
8,9,2,4106,DEL_CUTOFF,-1
8,9,3,4106,DEL_EXPLORED,-1
8,9,4,4106,PUSH,1,bhadfcgljpienkom,4,-1,1
8,9,0,4107,PUSH,1,bchdfgeajplonkmi,-4,4,-1
8,9,1,4107,PUSH,1,bchdfgiajpelnkom,-4,4,-1
8,9,2,4107,DEL_CUTOFF,4
8,9,3,4107,PUSH,4,bhldfcaejgimnpko,-4,4,-1,1
8,9,4,4107,PUSH,1,bhdafcgljpienkom,4,-1
8,9,0,4108,DEL_EXPLORED,-1
8,9,1,4108,DEL_EXPLORED,-1
8,9,2,4108,DEL_EXPLORED,-4
8,9,3,4108,DEL_CUTOFF,1
8,9,4,4108,DEL_EXPLORED,-1
8,9,0,4109,PUSH,4,bchdfgeojplankmi,-4,4,-1
8,9,1,4109,PUSH,4,bchdfgiljpeankom,-4,4,-1
8,9,2,4109,POP,4,bchdfleingpakjom
8,9,3,4109,DEL_CUTOFF,-1
8,9,4,4109,PUSH,4,bhdlfcgajpienkom,-4,4,-1
8,9,0,4110,PUSH,-1,bchdfgeojpalnkmi,-4,4,-1,1
8,9,1,4110,PUSH,-1,bchdfgiljpaenkom,-4,4,-1,1
8,9,2,4110,PUSH,-4,bchafledngpikjom,4,-1
8,9,3,4110,DEL_CUTOFF,4
8,9,4,4110,PUSH,-1,bhdlfcagjpienkom,-4,4,-1,1
8,9,0,4111,DEL_EXPLORED,1
8,9,1,4111,DEL_EXPLORED,1
8,9,2,4111,DEL_CUTOFF,-1
8,9,3,4111,DEL_EXPLORED,-4
8,9,4,4111,DEL_EXPLORED,1
8,9,0,4112,PUSH,-1,bchdfgeojaplnkmi,-4,4,-1,1
8,9,1,4112,PUSH,-1,bchdfgiljapenkom,-4,4,-1,1
8,9,2,4112,DEL_EXPLORED,4
8,9,3,4112,POP,4,bhldfcaejgimnpko
8,9,4,4112,DEL_CUTOFF,-1
8,9,0,4113,DEL_EXPLORED,1
8,9,1,4113,DEL_EXPLORED,1
8,9,2,4113,POP,-4,bchafledngpikjom
8,9,3,4113,POP,1,bhadfclejgimnpko
8,9,4,4113,DEL_CUTOFF,4
8,9,0,4114,DEL_CUTOFF,-1
8,9,1,4114,DEL_CUTOFF,-1
8,9,2,4114,POP,1,bchdfleangpikjom
8,9,3,4114,PUSH,-1,abhdfclejgimnpko,4,1
8,9,4,4114,DEL_CUTOFF,-4
8,9,0,4115,DEL_CUTOFF,4
8,9,1,4115,DEL_CUTOFF,4
8,9,2,4115,DEL_EXPLORED,-1
8,9,3,4115,DEL_EXPLORED,1
8,9,4,4115,POP,-1,bhdlfcagjpienkom
8,9,0,4116,DEL_CUTOFF,-4
8,9,1,4116,DEL_CUTOFF,-4
8,9,2,4116,PUSH,4,bchdflpengaikjom,-4,4,-1,1
8,9,3,4116,PUSH,4,fbhdaclejgimnpko,-4,4,1
8,9,4,4116,PUSH,4,bhdlfcgejpiankom,-4,4,-1
8,9,0,4117,POP,-1,bchdfgeojaplnkmi
8,9,1,4117,POP,-1,bchdfgiljapenkom
8,9,2,4117,PUSH,1,bchdflpengiakjom,-4,4,-1
8,9,3,4117,DEL_CUTOFF,1
8,9,4,4117,DEL_CUTOFF,-1
8,9,0,4118,PUSH,4,bchdfgeojpmlnkai,-4,-1,1
8,9,1,4118,PUSH,4,bchdfgiljpoenkam,-4,-1,1
8,9,2,4118,DEL_EXPLORED,-1
8,9,3,4118,DEL_CUTOFF,4
8,9,4,4118,DEL_CUTOFF,4
8,9,0,4119,DEL_CUTOFF,1
8,9,1,4119,DEL_CUTOFF,1
8,9,2,4119,DEL_CUTOFF,4
8,9,3,4119,DEL_EXPLORED,-4
8,9,4,4119,DEL_EXPLORED,-4
8,9,0,4120,DEL_CUTOFF,-1
8,9,1,4120,DEL_CUTOFF,-1
8,9,2,4120,DEL_CUTOFF,-4
8,9,3,4120,POP,4,fbhdaclejgimnpko
8,9,4,4120,POP,4,bhdlfcgejpiankom
8,9,0,4121,DEL_EXPLORED,-4
8,9,1,4121,DEL_EXPLORED,-4
8,9,2,4121,POP,1,bchdflpengiakjom
8,9,3,4121,POP,-1,abhdfclejgimnpko
8,9,4,4121,DEL_EXPLORED,-4
8,9,0,4122,POP,4,bchdfgeojpmlnkai
8,9,1,4122,POP,4,bchdfgiljpoenkam
8,9,2,4122,PUSH,-1,bchdflpenagikjom,-4,4,-1,1
8,9,3,4122,DEL_EXPLORED,4
8,9,4,4122,POP,4,bhdlfcgajpienkom
8,9,0,4123,PUSH,-4,bchdfgaojpelnkmi,-4,4,-1,1
8,9,1,4123,PUSH,-4,bchdfgaljpienkom,-4,4,-1,1
8,9,2,4123,DEL_EXPLORED,1
8,9,3,4123,POP,-4,bahdfclejgimnpko
8,9,4,4123,POP,1,bhdafcgljpienkom
8,9,0,4124,DEL_CUTOFF,1
8,9,1,4124,DEL_CUTOFF,1
8,9,2,4124,DEL_CUTOFF,-1
8,9,3,4124,POP,-4,bchdfalejgimnpko
8,9,4,4124,DEL_EXPLORED,-1
8,9,0,4125,DEL_CUTOFF,-1
8,9,1,4125,DEL_CUTOFF,-1
8,9,2,4125,DEL_CUTOFF,4
8,9,3,4125,POP,-4,bchdfglejaimnpko
8,9,4,4125,PUSH,4,bhgdfcaljpienkom,-4,4,-1,1
8,9,0,4126,DEL_EXPLORED,4
8,9,1,4126,DEL_EXPLORED,4
8,9,2,4126,DEL_CUTOFF,-4
8,9,3,4126,POP,-1,bchdfglejpimnako
8,9,4,4126,PUSH,1,bhgdfclajpienkom,-4,4,-1
8,9,0,4127,DEL_CUTOFF,-4
8,9,1,4127,DEL_CUTOFF,-4
8,9,2,4127,POP,-1,bchdflpenagikjom
8,9,3,4127,PUSH,-4,bchdfglejpamnkio,-4,4,-1,1
8,9,4,4127,DEL_EXPLORED,-1
8,9,0,4128,POP,-4,bchdfgaojpelnkmi
8,9,1,4128,POP,-4,bchdfgaljpienkom
8,9,2,4128,PUSH,4,bchdflpengoikjam,-4,-1,1
8,9,3,4128,PUSH,1,bchdfglejpmankio,-4,4,-1
8,9,4,4128,PUSH,4,bhgdfclejpiankom,-4,4,-1
8,9,0,4129,POP,-1,bchdfgeojpalnkmi
8,9,1,4129,POP,-1,bchdfgiljpaenkom
8,9,2,4129,DEL_CUTOFF,1
8,9,3,4129,DEL_EXPLORED,-1
8,9,4,4129,DEL_CUTOFF,-1
8,9,0,4130,PUSH,4,bchdfgeojplinkma,-4,-1
8,9,1,4130,PUSH,4,bchdfgiljpemnkoa,-4,-1
8,9,2,4130,DEL_CUTOFF,-1
8,9,3,4130,PUSH,4,bchdfglejpmonkia,-4,-1
8,9,4,4130,DEL_CUTOFF,4
8,9,0,4131,PUSH,-1,bchdfgeojplinkam,-4,-1,1
8,9,1,4131,PUSH,-1,bchdfgiljpemnkao,-4,-1,1
8,9,2,4131,DEL_EXPLORED,-4
8,9,3,4131,PUSH,-1,bchdfglejpmonkai,-4,-1,1
8,9,4,4131,DEL_EXPLORED,-4
8,9,0,4132,DEL_EXPLORED,1
8,9,1,4132,DEL_EXPLORED,1
8,9,2,4132,POP,4,bchdflpengoikjam
8,9,3,4132,DEL_EXPLORED,1
8,9,4,4132,POP,4,bhgdfclejpiankom
8,9,0,4133,DEL_CUTOFF,-1
8,9,1,4133,DEL_CUTOFF,-1
8,9,2,4133,DEL_EXPLORED,-4
8,9,3,4133,PUSH,-1,bchdfglejpmonaki,-4,-1,1
8,9,4,4133,PUSH,-4,bhgafcldjpienkom,4,-1
8,9,0,4134,DEL_CUTOFF,-4
8,9,1,4134,DEL_CUTOFF,-4
8,9,2,4134,POP,4,bchdflpengaikjom
8,9,3,4134,DEL_EXPLORED,1
8,9,4,4134,DEL_CUTOFF,-1
8,9,0,4135,POP,-1,bchdfgeojplinkam
8,9,1,4135,POP,-1,bchdfgiljpemnkao
8,9,2,4135,PUSH,-4,bcadflhengpikjom,4,-1,1
8,9,3,4135,PUSH,-1,bchdfglejpmoanki,-4,1
8,9,4,4135,DEL_EXPLORED,4
8,9,0,4136,DEL_EXPLORED,-4
8,9,1,4136,DEL_EXPLORED,-4
8,9,2,4136,PUSH,1,bcdaflhengpikjom,4,-1
8,9,3,4136,DEL_EXPLORED,1
8,9,4,4136,POP,-4,bhgafcldjpienkom
8,9,0,4137,POP,4,bchdfgeojplinkma
8,9,1,4137,POP,4,bchdfgiljpemnkoa
8,9,2,4137,DEL_EXPLORED,-1
8,9,3,4137,DEL_CUTOFF,-4
8,9,4,4137,POP,1,bhgdfclajpienkom
8,9,0,4138,DEL_EXPLORED,-4
8,9,1,4138,DEL_EXPLORED,-4
8,9,2,4138,DEL_CUTOFF,4
8,9,3,4138,POP,-1,bchdfglejpmoanki
8,9,4,4138,PUSH,-1,bhgdfacljpienkom,-4,4,-1,1
8,9,0,4139,POP,4,bchdfgeojplankmi
8,9,1,4139,POP,4,bchdfgiljpeankom
8,9,2,4139,POP,1,bcdaflhengpikjom
8,9,3,4139,PUSH,-4,bchdfglejamonpki,-4,4,-1,1
8,9,4,4139,DEL_EXPLORED,1
8,9,0,4140,PUSH,-4,bchafgedjplonkmi,4,-1
8,9,1,4140,PUSH,-4,bchafgidjpelnkom,4,-1
8,9,2,4140,PUSH,-1,bacdflhengpikjom,4,-1,1
8,9,3,4140,DEL_CUTOFF,1
8,9,4,4140,PUSH,-1,bhgdafcljpienkom,-4,4,1
8,9,0,4141,PUSH,-1,bcahfgedjplonkmi,4,-1,1
8,9,1,4141,PUSH,-1,bcahfgidjpelnkom,4,-1,1
8,9,2,4141,DEL_EXPLORED,1
8,9,3,4141,DEL_CUTOFF,-1
8,9,4,4141,DEL_EXPLORED,1
8,9,0,4142,DEL_EXPLORED,1
8,9,1,4142,DEL_EXPLORED,1
8,9,2,4142,DEL_CUTOFF,-1
8,9,3,4142,DEL_EXPLORED,4
8,9,4,4142,DEL_CUTOFF,4
8,9,0,4143,PUSH,-1,bachfgedjplonkmi,4,-1,1
8,9,1,4143,PUSH,-1,bachfgidjpelnkom,4,-1,1
8,9,2,4143,DEL_CUTOFF,4
8,9,3,4143,DEL_CUTOFF,-4
8,9,4,4143,DEL_CUTOFF,-4
8,9,0,4144,DEL_EXPLORED,1
8,9,1,4144,DEL_EXPLORED,1
8,9,2,4144,POP,-1,bacdflhengpikjom
8,9,3,4144,POP,-4,bchdfglejamonpki
8,9,4,4144,POP,-1,bhgdafcljpienkom
8,9,0,4145,DEL_CUTOFF,-1
8,9,1,4145,DEL_CUTOFF,-1
8,9,2,4145,DEL_EXPLORED,4
8,9,3,4145,POP,-1,bchdfglejpmonaki
8,9,4,4145,PUSH,4,bhgdfpcljaienkom,-4,4,-1,1
8,9,0,4146,DEL_CUTOFF,4
8,9,1,4146,DEL_CUTOFF,4
8,9,2,4146,POP,-4,bcadflhengpikjom
8,9,3,4146,PUSH,-4,bchdfglejpaonkmi,-4,4,-1,1
8,9,4,4146,DEL_CUTOFF,1
8,9,0,4147,POP,-1,bachfgedjplonkmi
8,9,1,4147,POP,-1,bachfgidjpelnkom
8,9,2,4147,POP,1,bchdflaengpikjom
8,9,3,4147,PUSH,1,bchdfglejpoankmi,-4,4,-1
8,9,4,4147,DEL_CUTOFF,-1
8,9,0,4148,PUSH,4,bcehfgadjplonkmi,-4,4,-1,1
8,9,1,4148,PUSH,4,bcihfgadjpelnkom,-4,4,-1,1
8,9,2,4148,PUSH,-1,bchdaflengpikjom,-4,4,1
8,9,3,4148,DEL_EXPLORED,-1
8,9,4,4148,DEL_CUTOFF,4
8,9,0,4149,DEL_CUTOFF,1
8,9,1,4149,DEL_CUTOFF,1
8,9,2,4149,DEL_EXPLORED,1
8,9,3,4149,DEL_CUTOFF,4
8,9,4,4149,DEL_EXPLORED,-4
8,9,0,4150,DEL_CUTOFF,-1
8,9,1,4150,DEL_CUTOFF,-1
8,9,2,4150,PUSH,4,bchdnfleagpikjom,-4,4,1
8,9,3,4150,DEL_CUTOFF,-4
8,9,4,4150,POP,4,bhgdfpcljaienkom
8,9,0,4151,DEL_CUTOFF,4
8,9,1,4151,DEL_CUTOFF,4
8,9,2,4151,PUSH,1,bchdnflegapikjom,-4,4,-1,1
8,9,3,4151,POP,1,bchdfglejpoankmi
8,9,4,4151,PUSH,-4,bagdfhcljpienkom,4,-1,1
8,9,0,4152,DEL_EXPLORED,-4
8,9,1,4152,DEL_EXPLORED,-4
8,9,2,4152,DEL_CUTOFF,1
8,9,3,4152,PUSH,-1,bchdfglejaponkmi,-4,4,-1,1
8,9,4,4152,DEL_CUTOFF,1
8,9,0,4153,POP,4,bcehfgadjplonkmi
8,9,1,4153,POP,4,bcihfgadjpelnkom
8,9,2,4153,DEL_EXPLORED,-1
8,9,3,4153,DEL_EXPLORED,1
8,9,4,4153,DEL_CUTOFF,-1
8,9,0,4154,POP,-1,bcahfgedjplonkmi
8,9,1,4154,POP,-1,bcahfgidjpelnkom
8,9,2,4154,DEL_CUTOFF,4
8,9,3,4154,DEL_CUTOFF,-1
8,9,4,4154,DEL_EXPLORED,4
8,9,0,4155,DEL_EXPLORED,4
8,9,1,4155,DEL_EXPLORED,4
8,9,2,4155,DEL_CUTOFF,-4
8,9,3,4155,DEL_CUTOFF,4
8,9,4,4155,POP,-4,bagdfhcljpienkom
8,9,0,4156,POP,-4,bchafgedjplonkmi
8,9,1,4156,POP,-4,bchafgidjpelnkom
8,9,2,4156,POP,1,bchdnflegapikjom
8,9,3,4156,DEL_CUTOFF,-4
8,9,4,4156,POP,-1,bhgdfacljpienkom
8,9,0,4157,POP,1,bchdfgeajplonkmi
8,9,1,4157,POP,1,bchdfgiajpelnkom
8,9,2,4157,PUSH,4,bchdnflekgpiajom,-4,1
8,9,3,4157,POP,-1,bchdfglejaponkmi
8,9,4,4157,PUSH,4,bhgdfciljpaenkom,-4,4,-1,1
8,9,0,4158,PUSH,-1,bchdfagejplonkmi,-4,4,-1,1
8,9,1,4158,PUSH,-1,bchdfagijpelnkom,-4,4,-1,1
8,9,2,4158,DEL_CUTOFF,1
8,9,3,4158,DEL_EXPLORED,4
8,9,4,4158,PUSH,1,bhgdfciljpeankom,-4,4,-1
8,9,0,4159,DEL_EXPLORED,1
8,9,1,4159,DEL_EXPLORED,1
8,9,2,4159,DEL_EXPLORED,-4
8,9,3,4159,PUSH,-4,bchdfgaejplonkmi,-4,4,-1,1
8,9,4,4159,DEL_EXPLORED,-1
8,9,0,4160,PUSH,-1,bchdafgejplonkmi,-4,4,1
8,9,1,4160,PUSH,-1,bchdafgijpelnkom,-4,4,1
8,9,2,4160,POP,4,bchdnflekgpiajom
8,9,3,4160,DEL_CUTOFF,1
8,9,4,4160,DEL_CUTOFF,4
8,9,0,4161,DEL_EXPLORED,1
8,9,1,4161,DEL_EXPLORED,1
8,9,2,4161,DEL_EXPLORED,-4
8,9,3,4161,DEL_CUTOFF,-1
8,9,4,4161,DEL_CUTOFF,-4
8,9,0,4162,PUSH,4,bchdjfgeaplonkmi,-4,4,1
8,9,1,4162,PUSH,4,bchdjfgiapelnkom,-4,4,1
8,9,2,4162,POP,4,bchdnfleagpikjom
8,9,3,4162,DEL_EXPLORED,4
8,9,4,4162,POP,1,bhgdfciljpeankom
8,9,0,4163,PUSH,1,bchdjfgepalonkmi,-4,4,-1,1
8,9,1,4163,PUSH,1,bchdjfgipaelnkom,-4,4,-1,1
8,9,2,4163,PUSH,-4,achdbflengpikjom,4,1
8,9,3,4163,DEL_CUTOFF,-4
8,9,4,4163,PUSH,-1,bhgdfciljapenkom,-4,4,-1,1
8,9,0,4164,DEL_CUTOFF,1
8,9,1,4164,DEL_CUTOFF,1
8,9,2,4164,PUSH,1,cahdbflengpikjom,4,-1,1
8,9,3,4164,POP,-4,bchdfgaejplonkmi
8,9,4,4164,DEL_EXPLORED,1
8,9,0,4165,DEL_EXPLORED,-1
8,9,1,4165,DEL_EXPLORED,-1
8,9,2,4165,DEL_CUTOFF,1
8,9,3,4165,POP,-4,bchdfglejpaonkmi
8,9,4,4165,DEL_CUTOFF,-1
8,9,0,4166,DEL_CUTOFF,4
8,9,1,4166,DEL_CUTOFF,4
8,9,2,4166,DEL_EXPLORED,-1
8,9,3,4166,POP,-1,bchdfglejpmonkai
8,9,4,4166,DEL_CUTOFF,4
8,9,0,4167,DEL_CUTOFF,-4
8,9,1,4167,DEL_CUTOFF,-4
8,9,2,4167,DEL_CUTOFF,4
8,9,3,4167,DEL_EXPLORED,-4
8,9,4,4167,DEL_CUTOFF,-4
8,9,0,4168,POP,1,bchdjfgepalonkmi
8,9,1,4168,POP,1,bchdjfgipaelnkom
8,9,2,4168,POP,1,cahdbflengpikjom
8,9,3,4168,POP,4,bchdfglejpmonkia
8,9,4,4168,POP,-1,bhgdfciljapenkom
8,9,0,4169,PUSH,4,bchdjfgenploakmi,-4,1
8,9,1,4169,PUSH,4,bchdjfginpelakom,-4,1
8,9,2,4169,DEL_EXPLORED,4
8,9,3,4169,PUSH,-4,bchdfglajpmenkio,-4,4,-1
8,9,4,4169,PUSH,4,bhgdfciljpoenkam,-4,-1,1
8,9,0,4170,DEL_CUTOFF,1
8,9,1,4170,DEL_CUTOFF,1
8,9,2,4170,POP,-4,achdbflengpikjom
8,9,3,4170,PUSH,-1,bchdfgaljpmenkio,-4,4,-1,1
8,9,4,4170,DEL_CUTOFF,1
8,9,0,4171,DEL_EXPLORED,-4
8,9,1,4171,DEL_EXPLORED,-4
8,9,2,4171,POP,-1,bchdaflengpikjom
8,9,3,4171,DEL_EXPLORED,1
8,9,4,4171,DEL_CUTOFF,-1
8,9,0,4172,POP,4,bchdjfgenploakmi
8,9,1,4172,POP,4,bchdjfginpelakom
8,9,2,4172,DEL_EXPLORED,4
8,9,3,4172,PUSH,-1,bchdfagljpmenkio,-4,4,-1,1
8,9,4,4172,DEL_EXPLORED,-4
8,9,0,4173,DEL_EXPLORED,-4
8,9,1,4173,DEL_EXPLORED,-4
8,9,2,4173,PUSH,-4,bahdfclengpikjom,4,-1,1
8,9,3,4173,DEL_EXPLORED,1
8,9,4,4173,POP,4,bhgdfciljpoenkam
8,9,0,4174,POP,4,bchdjfgeaplonkmi
8,9,1,4174,POP,4,bchdjfgiapelnkom
8,9,2,4174,PUSH,1,bhadfclengpikjom,4,-1,1
8,9,3,4174,PUSH,-1,bchdafgljpmenkio,-4,4,1
8,9,4,4174,DEL_EXPLORED,-4
8,9,0,4175,PUSH,-4,achdbfgejplonkmi,4,1
8,9,1,4175,PUSH,-4,achdbfgijpelnkom,4,1
8,9,2,4175,PUSH,1,bhdafclengpikjom,4,-1
8,9,3,4175,DEL_EXPLORED,1
8,9,4,4175,POP,4,bhgdfciljpaenkom
8,9,0,4176,PUSH,1,cahdbfgejplonkmi,4,-1,1
8,9,1,4176,PUSH,1,cahdbfgijpelnkom,4,-1,1
8,9,2,4176,DEL_EXPLORED,-1
8,9,3,4176,DEL_CUTOFF,4
8,9,4,4176,DEL_EXPLORED,-4
8,9,0,4177,DEL_CUTOFF,1
8,9,1,4177,DEL_CUTOFF,1
8,9,2,4177,DEL_CUTOFF,4
8,9,3,4177,DEL_CUTOFF,-4
8,9,4,4177,POP,4,bhgdfcaljpienkom
8,9,0,4178,DEL_EXPLORED,-1
8,9,1,4178,DEL_EXPLORED,-1
8,9,2,4178,POP,1,bhdafclengpikjom
8,9,3,4178,POP,-1,bchdafgljpmenkio
8,9,4,4178,POP,1,bhadfcgljpienkom
8,9,0,4179,DEL_CUTOFF,4
8,9,1,4179,DEL_CUTOFF,4
8,9,2,4179,DEL_EXPLORED,-1
8,9,3,4179,PUSH,4,bchdfpgljamenkio,-4,4,-1,1
8,9,4,4179,PUSH,-1,abhdfcgljpienkom,4,1
8,9,0,4180,POP,1,cahdbfgejplonkmi
8,9,1,4180,POP,1,cahdbfgijpelnkom
8,9,2,4180,PUSH,4,bhldfcaengpikjom,-4,4,-1,1
8,9,3,4180,DEL_CUTOFF,1
8,9,4,4180,DEL_EXPLORED,1
8,9,0,4181,DEL_EXPLORED,4
8,9,1,4181,DEL_EXPLORED,4
8,9,2,4181,DEL_CUTOFF,1
8,9,3,4181,DEL_CUTOFF,-1
8,9,4,4181,PUSH,4,fbhdacgljpienkom,-4,4,1
8,9,0,4182,POP,-4,achdbfgejplonkmi
8,9,1,4182,POP,-4,achdbfgijpelnkom
8,9,2,4182,DEL_CUTOFF,-1
8,9,3,4182,DEL_CUTOFF,4
8,9,4,4182,PUSH,1,fbhdcagljpienkom,-4,4,-1,1
8,9,0,4183,POP,-1,bchdafgejplonkmi
8,9,1,4183,POP,-1,bchdafgijpelnkom
8,9,2,4183,DEL_CUTOFF,4
8,9,3,4183,DEL_EXPLORED,-4
8,9,4,4183,PUSH,1,fbhdcgaljpienkom,-4,4,-1,1
8,9,0,4184,PUSH,4,bchdfpgejalonkmi,-4,4,-1,1
8,9,1,4184,PUSH,4,bchdfpgijaelnkom,-4,4,-1,1
8,9,2,4184,DEL_EXPLORED,-4
8,9,3,4184,POP,4,bchdfpgljamenkio
8,9,4,4184,DEL_CUTOFF,1
8,9,0,4185,PUSH,1,bchdfpgejlaonkmi,-4,4,-1,1
8,9,1,4185,PUSH,1,bchdfpgijealnkom,-4,4,-1,1
8,9,2,4185,POP,4,bhldfcaengpikjom
8,9,3,4185,PUSH,-4,bahdfcgljpmenkio,4,-1,1
8,9,4,4185,DEL_EXPLORED,-1
8,9,0,4186,PUSH,1,bchdfpgejloankmi,-4,4,-1
8,9,1,4186,PUSH,1,bchdfpgijelankom,-4,4,-1
8,9,2,4186,POP,1,bhadfclengpikjom
8,9,3,4186,DEL_CUTOFF,1
8,9,4,4186,DEL_CUTOFF,4
8,9,0,4187,DEL_EXPLORED,-1
8,9,1,4187,DEL_EXPLORED,-1
8,9,2,4187,PUSH,-1,abhdfclengpikjom,4,1
8,9,3,4187,DEL_CUTOFF,-1
8,9,4,4187,DEL_CUTOFF,-4
8,9,0,4188,DEL_CUTOFF,4
8,9,1,4188,DEL_CUTOFF,4
8,9,2,4188,DEL_EXPLORED,1
8,9,3,4188,DEL_EXPLORED,4
8,9,4,4188,POP,1,fbhdcgaljpienkom
8,9,0,4189,DEL_CUTOFF,-4
8,9,1,4189,DEL_CUTOFF,-4
8,9,2,4189,PUSH,4,fbhdaclengpikjom,-4,4,1
8,9,3,4189,POP,-4,bahdfcgljpmenkio
8,9,4,4189,DEL_EXPLORED,-1
8,9,0,4190,POP,1,bchdfpgejloankmi
8,9,1,4190,POP,1,bchdfpgijelankom
8,9,2,4190,DEL_CUTOFF,1
8,9,3,4190,POP,-1,bchdfagljpmenkio
8,9,4,4190,PUSH,4,fbhdcpgljaienkom,-4,4,-1,1
8,9,0,4191,DEL_EXPLORED,-1
8,9,1,4191,DEL_EXPLORED,-1
8,9,2,4191,DEL_CUTOFF,4
8,9,3,4191,PUSH,4,bchdfgmljpaenkio,-4,4,-1,1
8,9,4,4191,DEL_CUTOFF,1
8,9,0,4192,PUSH,4,bchdfpgejlmonkai,-4,-1,1
8,9,1,4192,PUSH,4,bchdfpgijeolnkam,-4,-1,1
8,9,2,4192,DEL_EXPLORED,-4
8,9,3,4192,PUSH,1,bchdfgmljpeankio,-4,4,-1
8,9,4,4192,DEL_CUTOFF,-1
8,9,0,4193,DEL_CUTOFF,1
8,9,1,4193,DEL_CUTOFF,1
8,9,2,4193,POP,4,fbhdaclengpikjom
8,9,3,4193,DEL_EXPLORED,-1
8,9,4,4193,DEL_CUTOFF,4
8,9,0,4194,DEL_CUTOFF,-1
8,9,1,4194,DEL_CUTOFF,-1
8,9,2,4194,POP,-1,abhdfclengpikjom
8,9,3,4194,DEL_CUTOFF,4
8,9,4,4194,DEL_EXPLORED,-4
8,9,0,4195,DEL_EXPLORED,-4
8,9,1,4195,DEL_EXPLORED,-4
8,9,2,4195,DEL_EXPLORED,4
8,9,3,4195,DEL_CUTOFF,-4
8,9,4,4195,POP,4,fbhdcpgljaienkom
8,9,0,4196,POP,4,bchdfpgejlmonkai
8,9,1,4196,POP,4,bchdfpgijeolnkam
8,9,2,4196,POP,-4,bahdfclengpikjom
8,9,3,4196,POP,1,bchdfgmljpeankio
8,9,4,4196,PUSH,-4,fahdcbgljpienkom,4,-1,1
8,9,0,4197,PUSH,-4,bchdfpaejlgonkmi,-4,4,-1,1
8,9,1,4197,PUSH,-4,bchdfpaijeglnkom,-4,4,-1,1
8,9,2,4197,POP,-4,bchdfalengpikjom
8,9,3,4197,PUSH,-1,bchdfgmljapenkio,-4,4,-1,1
8,9,4,4197,DEL_CUTOFF,1
8,9,0,4198,DEL_CUTOFF,1
8,9,1,4198,DEL_CUTOFF,1
8,9,2,4198,POP,-4,bchdfglenapikjom
8,9,3,4198,DEL_EXPLORED,1
8,9,4,4198,DEL_CUTOFF,-1
8,9,0,4199,DEL_CUTOFF,-1
8,9,1,4199,DEL_CUTOFF,-1
8,9,2,4199,POP,1,bchdfglenjpikaom
8,9,3,4199,DEL_CUTOFF,-1
8,9,4,4199,DEL_EXPLORED,4
8,9,0,4200,DEL_EXPLORED,4
8,9,1,4200,DEL_EXPLORED,4
8,9,2,4200,DEL_EXPLORED,-4
8,9,3,4200,DEL_CUTOFF,4
8,9,4,4200,POP,-4,fahdcbgljpienkom
8,9,0,4201,DEL_CUTOFF,-4
8,9,1,4201,DEL_CUTOFF,-4
8,9,2,4201,POP,4,bchdfglenjpiakom
8,9,3,4201,DEL_CUTOFF,-4
8,9,4,4201,POP,1,fbhdcagljpienkom
8,9,0,4202,POP,-4,bchdfpaejlgonkmi
8,9,1,4202,POP,-4,bchdfpaijeglnkom
8,9,2,4202,PUSH,-4,bchdaglefjpinkom,-4,4,1
8,9,3,4202,POP,-1,bchdfgmljapenkio
8,9,4,4202,PUSH,4,fbhdjcglapienkom,-4,4,1
8,9,0,4203,POP,1,bchdfpgejlaonkmi
8,9,1,4203,POP,1,bchdfpgijealnkom
8,9,2,4203,PUSH,1,bchdgalefjpinkom,-4,4,-1,1
8,9,3,4203,PUSH,4,bchdfgmljpienkao,-4,-1,1
8,9,4,4203,PUSH,1,fbhdjcglpaienkom,-4,4,-1,1
8,9,0,4204,PUSH,-1,bchdfpgeajlonkmi,-4,4,1
8,9,1,4204,PUSH,-1,bchdfpgiajelnkom,-4,4,1
8,9,2,4204,PUSH,1,bchdglaefjpinkom,-4,4,-1,1
8,9,3,4204,DEL_CUTOFF,1
8,9,4,4204,DEL_CUTOFF,1
8,9,0,4205,DEL_EXPLORED,1
8,9,1,4205,DEL_EXPLORED,1
8,9,2,4205,PUSH,1,bchdgleafjpinkom,-4,4,-1
8,9,3,4205,DEL_CUTOFF,-1
8,9,4,4205,DEL_EXPLORED,-1
8,9,0,4206,PUSH,4,bchdfpgenjloakmi,-4,1
8,9,1,4206,PUSH,4,bchdfpginjelakom,-4,1
8,9,2,4206,DEL_EXPLORED,-1
8,9,3,4206,DEL_EXPLORED,-4
8,9,4,4206,DEL_CUTOFF,4
8,9,0,4207,DEL_CUTOFF,1
8,9,1,4207,DEL_CUTOFF,1
8,9,2,4207,PUSH,4,bchdgleifjpankom,-4,4,-1
8,9,3,4207,POP,4,bchdfgmljpienkao
8,9,4,4207,DEL_CUTOFF,-4
8,9,0,4208,DEL_EXPLORED,-4
8,9,1,4208,DEL_EXPLORED,-4
8,9,2,4208,PUSH,-1,bchdgleifjapnkom,-4,4,-1,1
8,9,3,4208,DEL_EXPLORED,-4
8,9,4,4208,POP,1,fbhdjcglpaienkom
8,9,0,4209,POP,4,bchdfpgenjloakmi
8,9,1,4209,POP,4,bchdfpginjelakom
8,9,2,4209,DEL_EXPLORED,1
8,9,3,4209,POP,4,bchdfgmljpaenkio
8,9,4,4209,PUSH,4,fbhdjcglnpieakom,-4,1
8,9,0,4210,PUSH,-4,bchdapgefjlonkmi,-4,4,1
8,9,1,4210,PUSH,-4,bchdapgifjelnkom,-4,4,1
8,9,2,4210,PUSH,-1,bchdgleifajpnkom,-4,4,-1,1
8,9,3,4210,PUSH,-4,bcadfghljpmenkio,4,-1,1
8,9,4,4210,DEL_CUTOFF,1
8,9,0,4211,DEL_CUTOFF,1
8,9,1,4211,DEL_CUTOFF,1
8,9,2,4211,DEL_EXPLORED,1
8,9,3,4211,PUSH,1,bcdafghljpmenkio,4,-1
8,9,4,4211,DEL_EXPLORED,-4
8,9,0,4212,DEL_EXPLORED,4
8,9,1,4212,DEL_EXPLORED,4
8,9,2,4212,DEL_CUTOFF,-1
8,9,3,4212,DEL_EXPLORED,-1
8,9,4,4212,POP,4,fbhdjcglnpieakom
8,9,0,4213,DEL_CUTOFF,-4
8,9,1,4213,DEL_CUTOFF,-4
8,9,2,4213,DEL_CUTOFF,4
8,9,3,4213,DEL_CUTOFF,4
8,9,4,4213,DEL_EXPLORED,-4
8,9,0,4214,POP,-4,bchdapgefjlonkmi
8,9,1,4214,POP,-4,bchdapgifjelnkom
8,9,2,4214,DEL_CUTOFF,-4
8,9,3,4214,POP,1,bcdafghljpmenkio
8,9,4,4214,POP,4,fbhdjcglapienkom
8,9,0,4215,POP,-1,bchdfpgeajlonkmi
8,9,1,4215,POP,-1,bchdfpgiajelnkom
8,9,2,4215,POP,-1,bchdgleifajpnkom
8,9,3,4215,PUSH,-1,bacdfghljpmenkio,4,-1,1
8,9,4,4215,DEL_EXPLORED,-4
8,9,0,4216,PUSH,4,bchdfpgejklonami,-4,-1,1
8,9,1,4216,PUSH,4,bchdfpgijkelnaom,-4,-1,1
8,9,2,4216,PUSH,4,bchdgleifjopnkam,-4,-1,1
8,9,3,4216,DEL_EXPLORED,1
8,9,4,4216,POP,4,fbhdacgljpienkom
8,9,0,4217,PUSH,1,bchdfpgejklonmai,-4,-1,1
8,9,1,4217,PUSH,1,bchdfpgijkelnoam,-4,-1,1
8,9,2,4217,DEL_CUTOFF,1
8,9,3,4217,DEL_CUTOFF,-1
8,9,4,4217,POP,-1,abhdfcgljpienkom
8,9,0,4218,DEL_CUTOFF,1
8,9,1,4218,DEL_CUTOFF,1
8,9,2,4218,DEL_CUTOFF,-1
8,9,3,4218,DEL_CUTOFF,4
8,9,4,4218,DEL_EXPLORED,4
8,9,0,4219,DEL_EXPLORED,-1
8,9,1,4219,DEL_EXPLORED,-1
8,9,2,4219,DEL_EXPLORED,-4
8,9,3,4219,POP,-1,bacdfghljpmenkio
8,9,4,4219,POP,-4,bahdfcgljpienkom
8,9,0,4220,DEL_CUTOFF,-4
8,9,1,4220,DEL_CUTOFF,-4
8,9,2,4220,POP,4,bchdgleifjopnkam
8,9,3,4220,DEL_EXPLORED,4
8,9,4,4220,POP,-1,bchdfagljpienkom
8,9,0,4221,POP,1,bchdfpgejklonmai
8,9,1,4221,POP,1,bchdfpgijkelnoam
8,9,2,4221,PUSH,-4,bchdglaifjepnkom,-4,4,-1,1
8,9,3,4221,POP,-4,bcadfghljpmenkio
8,9,4,4221,PUSH,4,bchdfgiljpaenkom,-4,4,-1,1
8,9,0,4222,PUSH,-1,bchdfpgejkloanmi,-4,1
8,9,1,4222,PUSH,-1,bchdfpgijkelanom,-4,1
8,9,2,4222,DEL_CUTOFF,1
8,9,3,4222,POP,-1,bchdfgaljpmenkio
8,9,4,4222,PUSH,1,bchdfgiljpeankom,-4,4,-1
8,9,0,4223,DEL_EXPLORED,1
8,9,1,4223,DEL_EXPLORED,1
8,9,2,4223,DEL_CUTOFF,-1
8,9,3,4223,DEL_EXPLORED,4
8,9,4,4223,DEL_EXPLORED,-1
8,9,0,4224,DEL_CUTOFF,-4
8,9,1,4224,DEL_CUTOFF,-4
8,9,2,4224,DEL_EXPLORED,4
8,9,3,4224,PUSH,-4,bchafgldjpmenkio,4,-1
8,9,4,4224,PUSH,4,bchdfgiljpemnkoa,-4,-1
8,9,0,4225,POP,-1,bchdfpgejkloanmi
8,9,1,4225,POP,-1,bchdfpgijkelanom
8,9,2,4225,DEL_CUTOFF,-4
8,9,3,4225,PUSH,-1,bcahfgldjpmenkio,4,-1,1
8,9,4,4225,PUSH,-1,bchdfgiljpemnkao,-4,-1,1
8,9,0,4226,DEL_EXPLORED,-4
8,9,1,4226,DEL_EXPLORED,-4
8,9,2,4226,POP,-4,bchdglaifjepnkom
8,9,3,4226,DEL_EXPLORED,1
8,9,4,4226,DEL_EXPLORED,1
8,9,0,4227,POP,4,bchdfpgejklonami
8,9,1,4227,POP,4,bchdfpgijkelnaom
8,9,2,4227,POP,-1,bchdgleifjapnkom
8,9,3,4227,PUSH,-1,bachfgldjpmenkio,4,-1,1
8,9,4,4227,PUSH,-1,bchdfgiljpemnako,-4,-1,1
8,9,0,4228,DEL_EXPLORED,-4
8,9,1,4228,DEL_EXPLORED,-4
8,9,2,4228,PUSH,4,bchdgleifjpmnkoa,-4,-1
8,9,3,4228,DEL_EXPLORED,1
8,9,4,4228,DEL_EXPLORED,1
8,9,0,4229,POP,4,bchdfpgejalonkmi
8,9,1,4229,POP,4,bchdfpgijaelnkom
8,9,2,4229,PUSH,-1,bchdgleifjpmnkao,-4,-1,1
8,9,3,4229,DEL_CUTOFF,-1
8,9,4,4229,PUSH,-1,bchdfgiljpemanko,-4,1
8,9,0,4230,PUSH,-4,bahdfcgejplonkmi,4,-1,1
8,9,1,4230,PUSH,-4,bahdfcgijpelnkom,4,-1,1
8,9,2,4230,DEL_EXPLORED,1
8,9,3,4230,DEL_CUTOFF,4
8,9,4,4230,DEL_EXPLORED,1
8,9,0,4231,PUSH,1,bhadfcgejplonkmi,4,-1,1
8,9,1,4231,PUSH,1,bhadfcgijpelnkom,4,-1,1
8,9,2,4231,DEL_CUTOFF,-1
8,9,3,4231,POP,-1,bachfgldjpmenkio
8,9,4,4231,DEL_CUTOFF,-4
8,9,0,4232,PUSH,1,bhdafcgejplonkmi,4,-1
8,9,1,4232,PUSH,1,bhdafcgijpelnkom,4,-1
8,9,2,4232,DEL_CUTOFF,-4
8,9,3,4232,PUSH,4,bclhfgadjpmenkio,-4,4,-1,1
8,9,4,4232,POP,-1,bchdfgiljpemanko
8,9,0,4233,DEL_EXPLORED,-1
8,9,1,4233,DEL_EXPLORED,-1
8,9,2,4233,POP,-1,bchdgleifjpmnkao
8,9,3,4233,DEL_CUTOFF,1
8,9,4,4233,PUSH,-4,bchdfgiljaemnpko,-4,4,-1,1
8,9,0,4234,DEL_CUTOFF,4
8,9,1,4234,DEL_CUTOFF,4
8,9,2,4234,DEL_EXPLORED,-4
8,9,3,4234,DEL_CUTOFF,-1
8,9,4,4234,DEL_CUTOFF,1
8,9,0,4235,POP,1,bhdafcgejplonkmi
8,9,1,4235,POP,1,bhdafcgijpelnkom
8,9,2,4235,POP,4,bchdgleifjpmnkoa
8,9,3,4235,DEL_CUTOFF,4
8,9,4,4235,DEL_CUTOFF,-1
8,9,0,4236,DEL_EXPLORED,-1
8,9,1,4236,DEL_EXPLORED,-1
8,9,2,4236,DEL_EXPLORED,-4
8,9,3,4236,DEL_EXPLORED,-4
8,9,4,4236,DEL_EXPLORED,4
8,9,0,4237,PUSH,4,bhgdfcaejplonkmi,-4,4,-1,1
8,9,1,4237,PUSH,4,bhgdfcaijpelnkom,-4,4,-1,1
8,9,2,4237,POP,4,bchdgleifjpankom
8,9,3,4237,POP,4,bclhfgadjpmenkio
8,9,4,4237,DEL_CUTOFF,-4
8,9,0,4238,DEL_CUTOFF,1
8,9,1,4238,DEL_CUTOFF,1
8,9,2,4238,PUSH,-4,bchagledfjpinkom,4,-1
8,9,3,4238,POP,-1,bcahfgldjpmenkio
8,9,4,4238,POP,-4,bchdfgiljaemnpko
8,9,0,4239,DEL_CUTOFF,-1
8,9,1,4239,DEL_CUTOFF,-1
8,9,2,4239,PUSH,-1,bcahgledfjpinkom,4,-1,1
8,9,3,4239,DEL_EXPLORED,4
8,9,4,4239,POP,-1,bchdfgiljpemnako
8,9,0,4240,DEL_CUTOFF,4
8,9,1,4240,DEL_CUTOFF,4
8,9,2,4240,DEL_EXPLORED,1
8,9,3,4240,POP,-4,bchafgldjpmenkio
8,9,4,4240,PUSH,-4,bchdfgiljpamnkeo,-4,4,-1,1
8,9,0,4241,DEL_EXPLORED,-4
8,9,1,4241,DEL_EXPLORED,-4
8,9,2,4241,PUSH,-1,bachgledfjpinkom,4,-1,1
8,9,3,4241,POP,-4,bchdfglajpmenkio
8,9,4,4241,PUSH,1,bchdfgiljpmankeo,-4,4,-1
8,9,0,4242,POP,4,bhgdfcaejplonkmi
8,9,1,4242,POP,4,bhgdfcaijpelnkom
8,9,2,4242,DEL_EXPLORED,1
8,9,3,4242,POP,1,bchdfglejpmankio
8,9,4,4242,DEL_EXPLORED,-1
8,9,0,4243,POP,1,bhadfcgejplonkmi
8,9,1,4243,POP,1,bhadfcgijpelnkom
8,9,2,4243,DEL_CUTOFF,-1
8,9,3,4243,PUSH,-1,bchdfglejapmnkio,-4,4,-1,1
8,9,4,4243,DEL_CUTOFF,4
8,9,0,4244,PUSH,-1,abhdfcgejplonkmi,4,1
8,9,1,4244,PUSH,-1,abhdfcgijpelnkom,4,1
8,9,2,4244,DEL_CUTOFF,4
8,9,3,4244,DEL_EXPLORED,1
8,9,4,4244,DEL_CUTOFF,-4
8,9,0,4245,DEL_EXPLORED,1
8,9,1,4245,DEL_EXPLORED,1
8,9,2,4245,POP,-1,bachgledfjpinkom
8,9,3,4245,PUSH,-1,bchdfgleajpmnkio,-4,4,1
8,9,4,4245,POP,1,bchdfgiljpmankeo
8,9,0,4246,PUSH,4,fbhdacgejplonkmi,-4,4,1
8,9,1,4246,PUSH,4,fbhdacgijpelnkom,-4,4,1
8,9,2,4246,PUSH,4,bcehgladfjpinkom,-4,4,-1,1
8,9,3,4246,DEL_EXPLORED,1
8,9,4,4246,PUSH,-1,bchdfgiljapmnkeo,-4,4,-1,1
8,9,0,4247,DEL_CUTOFF,1
8,9,1,4247,DEL_CUTOFF,1
8,9,2,4247,DEL_CUTOFF,1
8,9,3,4247,PUSH,4,bchdfglenjpmakio,-4,1
8,9,4,4247,DEL_EXPLORED,1
8,9,0,4248,DEL_CUTOFF,4
8,9,1,4248,DEL_CUTOFF,4
8,9,2,4248,DEL_CUTOFF,-1
8,9,3,4248,PUSH,1,bchdfglenjpmkaio,-4,-1,1
8,9,4,4248,DEL_CUTOFF,-1
8,9,0,4249,DEL_EXPLORED,-4
8,9,1,4249,DEL_EXPLORED,-4
8,9,2,4249,DEL_CUTOFF,4
8,9,3,4249,PUSH,1,bchdfglenjpmkiao,-4,-1,1
8,9,4,4249,DEL_CUTOFF,4
8,9,0,4250,POP,4,fbhdacgejplonkmi
8,9,1,4250,POP,4,fbhdacgijpelnkom
8,9,2,4250,DEL_EXPLORED,-4
8,9,3,4250,DEL_CUTOFF,1
8,9,4,4250,DEL_CUTOFF,-4
8,9,0,4251,POP,-1,abhdfcgejplonkmi
8,9,1,4251,POP,-1,abhdfcgijpelnkom
8,9,2,4251,POP,4,bcehgladfjpinkom
8,9,3,4251,DEL_EXPLORED,-1
8,9,4,4251,POP,-1,bchdfgiljapmnkeo
8,9,0,4252,DEL_EXPLORED,4
8,9,1,4252,DEL_EXPLORED,4
8,9,2,4252,POP,-1,bcahgledfjpinkom
8,9,3,4252,DEL_CUTOFF,-4
8,9,4,4252,DEL_EXPLORED,4
8,9,0,4253,POP,-4,bahdfcgejplonkmi
8,9,1,4253,POP,-4,bahdfcgijpelnkom
8,9,2,4253,DEL_EXPLORED,4
8,9,3,4253,POP,1,bchdfglenjpmkiao
8,9,4,4253,PUSH,-4,bchdfgaljpimnkeo,-4,4,-1,1
8,9,0,4254,POP,-1,bchdfagejplonkmi
8,9,1,4254,POP,-1,bchdfagijpelnkom
8,9,2,4254,POP,-4,bchagledfjpinkom
8,9,3,4254,DEL_EXPLORED,-1
8,9,4,4254,DEL_CUTOFF,1
8,9,0,4255,DEL_EXPLORED,4
8,9,1,4255,DEL_EXPLORED,4
8,9,2,4255,POP,1,bchdgleafjpinkom
8,9,3,4255,PUSH,-4,bchdfglenapmkjio,-4,4,-1,1
8,9,4,4255,DEL_CUTOFF,-1
8,9,0,4256,PUSH,-4,bcadfghejplonkmi,4,-1,1
8,9,1,4256,PUSH,-4,bcadfghijpelnkom,4,-1,1
8,9,2,4256,DEL_EXPLORED,-1
8,9,3,4256,DEL_CUTOFF,1
8,9,4,4256,DEL_EXPLORED,4
8,9,0,4257,PUSH,1,bcdafghejplonkmi,4,-1
8,9,1,4257,PUSH,1,bcdafghijpelnkom,4,-1
8,9,2,4257,PUSH,4,bchdglpefjainkom,-4,4,-1,1
8,9,3,4257,DEL_CUTOFF,-1
8,9,4,4257,DEL_CUTOFF,-4
8,9,0,4258,DEL_EXPLORED,-1
8,9,1,4258,DEL_EXPLORED,-1
8,9,2,4258,PUSH,1,bchdglpefjiankom,-4,4,-1
8,9,3,4258,DEL_EXPLORED,4
8,9,4,4258,POP,-4,bchdfgaljpimnkeo
8,9,0,4259,PUSH,4,bcdefghajplonkmi,-4,4,-1
8,9,1,4259,PUSH,4,bcdifghajpelnkom,-4,4,-1
8,9,2,4259,DEL_EXPLORED,-1
8,9,3,4259,DEL_CUTOFF,-4
8,9,4,4259,POP,-4,bchdfgiljpamnkeo
8,9,0,4260,PUSH,-1,bcdefgahjplonkmi,-4,4,-1,1
8,9,1,4260,PUSH,-1,bcdifgahjpelnkom,-4,4,-1,1
8,9,2,4260,PUSH,4,bchdglpefjimnkoa,-4,-1
8,9,3,4260,POP,-4,bchdfglenapmkjio
8,9,4,4260,POP,-1,bchdfgiljpemnkao
8,9,0,4261,DEL_EXPLORED,1
8,9,1,4261,DEL_EXPLORED,1
8,9,2,4261,PUSH,-1,bchdglpefjimnkao,-4,-1,1
8,9,3,4261,POP,1,bchdfglenjpmkaio
8,9,4,4261,DEL_EXPLORED,-4
8,9,0,4262,DEL_CUTOFF,-1
8,9,1,4262,DEL_CUTOFF,-1
8,9,2,4262,DEL_EXPLORED,1
8,9,3,4262,DEL_EXPLORED,-4
8,9,4,4262,POP,4,bchdfgiljpemnkoa
8,9,0,4263,DEL_CUTOFF,4
8,9,1,4263,DEL_CUTOFF,4
8,9,2,4263,DEL_CUTOFF,-1
8,9,3,4263,POP,4,bchdfglenjpmakio
8,9,4,4263,PUSH,-4,bchdfgiajpelnkom,-4,4,-1
8,9,0,4264,DEL_CUTOFF,-4
8,9,1,4264,DEL_CUTOFF,-4
8,9,2,4264,DEL_CUTOFF,-4
8,9,3,4264,PUSH,-4,bchdaglefjpmnkio,-4,4,1
8,9,4,4264,PUSH,-1,bchdfgaijpelnkom,-4,4,-1,1
8,9,0,4265,POP,-1,bcdefgahjplonkmi
8,9,1,4265,POP,-1,bcdifgahjpelnkom
8,9,2,4265,POP,-1,bchdglpefjimnkao
8,9,3,4265,PUSH,1,bchdgalefjpmnkio,-4,4,-1,1
8,9,4,4265,DEL_EXPLORED,1
8,9,0,4266,PUSH,4,bcdefghojplankmi,-4,4,-1
8,9,1,4266,PUSH,4,bcdifghljpeankom,-4,4,-1
8,9,2,4266,DEL_EXPLORED,-4
8,9,3,4266,PUSH,1,bchdglaefjpmnkio,-4,4,-1,1
8,9,4,4266,PUSH,-1,bchdfagijpelnkom,-4,4,-1,1
8,9,0,4267,DEL_CUTOFF,-1
8,9,1,4267,DEL_CUTOFF,-1
8,9,2,4267,POP,4,bchdglpefjimnkoa
8,9,3,4267,DEL_CUTOFF,1
8,9,4,4267,DEL_EXPLORED,1
8,9,0,4268,DEL_CUTOFF,4
8,9,1,4268,DEL_CUTOFF,4
8,9,2,4268,PUSH,-4,bchdglpafjienkom,-4,4,-1
8,9,3,4268,DEL_EXPLORED,-1
8,9,4,4268,PUSH,-1,bchdafgijpelnkom,-4,4,1
8,9,0,4269,DEL_EXPLORED,-4
8,9,1,4269,DEL_EXPLORED,-4
8,9,2,4269,PUSH,-1,bchdglapfjienkom,-4,4,-1,1
8,9,3,4269,DEL_CUTOFF,4
8,9,4,4269,DEL_EXPLORED,1
8,9,0,4270,POP,4,bcdefghojplankmi
8,9,1,4270,POP,4,bcdifghljpeankom
8,9,2,4270,DEL_EXPLORED,1
8,9,3,4270,DEL_CUTOFF,-4
8,9,4,4270,DEL_CUTOFF,4
8,9,0,4271,DEL_EXPLORED,-4
8,9,1,4271,DEL_EXPLORED,-4
8,9,2,4271,DEL_CUTOFF,-1
8,9,3,4271,POP,1,bchdglaefjpmnkio
8,9,4,4271,DEL_CUTOFF,-4
8,9,0,4272,POP,4,bcdefghajplonkmi
8,9,1,4272,POP,4,bcdifghajpelnkom
8,9,2,4272,DEL_CUTOFF,4
8,9,3,4272,DEL_EXPLORED,-1
8,9,4,4272,POP,-1,bchdafgijpelnkom
8,9,0,4273,POP,1,bcdafghejplonkmi
8,9,1,4273,POP,1,bcdafghijpelnkom
8,9,2,4273,DEL_CUTOFF,-4
8,9,3,4273,PUSH,4,bchdgjlefapmnkio,-4,4,-1,1
8,9,4,4273,PUSH,4,bchdfpgijaelnkom,-4,4,-1,1
8,9,0,4274,PUSH,-1,bacdfghejplonkmi,4,-1,1
8,9,1,4274,PUSH,-1,bacdfghijpelnkom,4,-1,1
8,9,2,4274,POP,-1,bchdglapfjienkom
8,9,3,4274,DEL_CUTOFF,1
8,9,4,4274,DEL_CUTOFF,1
8,9,0,4275,DEL_EXPLORED,1
8,9,1,4275,DEL_EXPLORED,1
8,9,2,4275,DEL_EXPLORED,4
8,9,3,4275,DEL_CUTOFF,-1
8,9,4,4275,DEL_CUTOFF,-1
8,9,0,4276,PUSH,-1,abcdfghejplonkmi,4,1
8,9,1,4276,PUSH,-1,abcdfghijpelnkom,4,1
8,9,2,4276,PUSH,-4,bchaglpdfjienkom,4,-1
8,9,3,4276,DEL_CUTOFF,4
8,9,4,4276,DEL_CUTOFF,4
8,9,0,4277,DEL_EXPLORED,1
8,9,1,4277,DEL_EXPLORED,1
8,9,2,4277,DEL_CUTOFF,-1
8,9,3,4277,DEL_EXPLORED,-4
8,9,4,4277,DEL_EXPLORED,-4
8,9,0,4278,PUSH,4,fbcdaghejplonkmi,-4,4,1
8,9,1,4278,PUSH,4,fbcdaghijpelnkom,-4,4,1
8,9,2,4278,DEL_EXPLORED,4
8,9,3,4278,POP,4,bchdgjlefapmnkio
8,9,4,4278,POP,4,bchdfpgijaelnkom
8,9,0,4279,DEL_CUTOFF,1
8,9,1,4279,DEL_CUTOFF,1
8,9,2,4279,POP,-4,bchaglpdfjienkom
8,9,3,4279,PUSH,-4,bahdgclefjpmnkio,4,-1,1
8,9,4,4279,PUSH,-4,bahdfcgijpelnkom,4,-1,1
8,9,0,4280,DEL_CUTOFF,4
8,9,1,4280,DEL_CUTOFF,4
8,9,2,4280,POP,-4,bchdglpafjienkom
8,9,3,4280,DEL_CUTOFF,1
8,9,4,4280,DEL_CUTOFF,1
8,9,0,4281,DEL_EXPLORED,-4
8,9,1,4281,DEL_EXPLORED,-4
8,9,2,4281,POP,1,bchdglpefjiankom
8,9,3,4281,DEL_CUTOFF,-1
8,9,4,4281,DEL_CUTOFF,-1
8,9,0,4282,POP,4,fbcdaghejplonkmi
8,9,1,4282,POP,4,fbcdaghijpelnkom
8,9,2,4282,PUSH,-1,bchdglpefajinkom,-4,4,-1,1
8,9,3,4282,DEL_EXPLORED,4
8,9,4,4282,DEL_EXPLORED,4
8,9,0,4283,POP,-1,abcdfghejplonkmi
8,9,1,4283,POP,-1,abcdfghijpelnkom
8,9,2,4283,DEL_EXPLORED,1
8,9,3,4283,POP,-4,bahdgclefjpmnkio
8,9,4,4283,POP,-4,bahdfcgijpelnkom
8,9,0,4284,PUSH,4,bgcdfahejplonkmi,-4,4,-1,1
8,9,1,4284,PUSH,4,bgcdfahijpelnkom,-4,4,-1,1
8,9,2,4284,PUSH,-1,bchdglpeafjinkom,-4,4,1
8,9,3,4284,POP,1,bchdgalefjpmnkio
8,9,4,4284,POP,-1,bchdfagijpelnkom
8,9,0,4285,PUSH,1,bgcdfhaejplonkmi,-4,4,-1,1
8,9,1,4285,PUSH,1,bgcdfhaijpelnkom,-4,4,-1,1
8,9,2,4285,DEL_EXPLORED,1
8,9,3,4285,DEL_EXPLORED,4
8,9,4,4285,PUSH,4,bchdfgeijpalnkom,-4,4,-1,1
8,9,0,4286,DEL_CUTOFF,1
8,9,1,4286,DEL_CUTOFF,1
8,9,2,4286,PUSH,4,bchdglpenfjiakom,-4,1
8,9,3,4286,PUSH,-4,achdbglefjpmnkio,4,1
8,9,4,4286,PUSH,1,bchdfgeijplankom,-4,4,-1
8,9,0,4287,DEL_EXPLORED,-1
8,9,1,4287,DEL_EXPLORED,-1
8,9,2,4287,DEL_CUTOFF,1
8,9,3,4287,PUSH,1,cahdbglefjpmnkio,4,-1,1
8,9,4,4287,DEL_EXPLORED,-1
8,9,0,4288,DEL_CUTOFF,4
8,9,1,4288,DEL_CUTOFF,4
8,9,2,4288,DEL_EXPLORED,-4
8,9,3,4288,DEL_CUTOFF,1
8,9,4,4288,DEL_CUTOFF,4
8,9,0,4289,DEL_CUTOFF,-4
8,9,1,4289,DEL_CUTOFF,-4
8,9,2,4289,POP,4,bchdglpenfjiakom
8,9,3,4289,DEL_EXPLORED,-1
8,9,4,4289,DEL_CUTOFF,-4
8,9,0,4290,POP,1,bgcdfhaejplonkmi
8,9,1,4290,POP,1,bgcdfhaijpelnkom
8,9,2,4290,PUSH,-4,bchdalpegfjinkom,-4,4,1
8,9,3,4290,DEL_CUTOFF,4
8,9,4,4290,POP,1,bchdfgeijplankom
8,9,0,4291,PUSH,-1,bgcdafhejplonkmi,-4,4,1
8,9,1,4291,PUSH,-1,bgcdafhijpelnkom,-4,4,1
8,9,2,4291,DEL_CUTOFF,1
8,9,3,4291,POP,1,cahdbglefjpmnkio
8,9,4,4291,PUSH,-1,bchdfgeijaplnkom,-4,4,-1,1
8,9,0,4292,DEL_EXPLORED,1
8,9,1,4292,DEL_EXPLORED,1
8,9,2,4292,DEL_EXPLORED,4
8,9,3,4292,DEL_EXPLORED,4
8,9,4,4292,DEL_EXPLORED,1
8,9,0,4293,DEL_CUTOFF,4
8,9,1,4293,DEL_CUTOFF,4
8,9,2,4293,DEL_CUTOFF,-4
8,9,3,4293,POP,-4,achdbglefjpmnkio
8,9,4,4293,DEL_CUTOFF,-1
8,9,0,4294,DEL_CUTOFF,-4
8,9,1,4294,DEL_CUTOFF,-4
8,9,2,4294,POP,-4,bchdalpegfjinkom
8,9,3,4294,POP,-4,bchdaglefjpmnkio
8,9,4,4294,DEL_CUTOFF,4
8,9,0,4295,POP,-1,bgcdafhejplonkmi
8,9,1,4295,POP,-1,bgcdafhijpelnkom
8,9,2,4295,POP,-1,bchdglpeafjinkom
8,9,3,4295,POP,-1,bchdfgleajpmnkio
8,9,4,4295,DEL_CUTOFF,-4
8,9,0,4296,PUSH,4,bgcdfphejalonkmi,-4,4,-1,1
8,9,1,4296,PUSH,4,bgcdfphijaelnkom,-4,4,-1,1
8,9,2,4296,PUSH,4,bchdglpefkjinaom,-4,-1,1
8,9,3,4296,PUSH,4,bchdfglejkpmnaio,-4,-1,1
8,9,4,4296,POP,-1,bchdfgeijaplnkom
8,9,0,4297,DEL_CUTOFF,1
8,9,1,4297,DEL_CUTOFF,1
8,9,2,4297,PUSH,1,bchdglpefkjinoam,-4,-1,1
8,9,3,4297,PUSH,1,bchdfglejkpmniao,-4,-1,1
8,9,4,4297,PUSH,4,bchdfgeijpolnkam,-4,-1,1
8,9,0,4298,DEL_CUTOFF,-1
8,9,1,4298,DEL_CUTOFF,-1
8,9,2,4298,DEL_CUTOFF,1
8,9,3,4298,PUSH,1,bchdfglejkpmnioa,-4,-1
8,9,4,4298,DEL_CUTOFF,1
8,9,0,4299,DEL_CUTOFF,4
8,9,1,4299,DEL_CUTOFF,4
8,9,2,4299,DEL_EXPLORED,-1
8,9,3,4299,DEL_EXPLORED,-1
8,9,4,4299,DEL_CUTOFF,-1
8,9,0,4300,DEL_EXPLORED,-4
8,9,1,4300,DEL_EXPLORED,-4
8,9,2,4300,DEL_CUTOFF,-4
8,9,3,4300,PUSH,-4,bchdfglejkpaniom,-4,4,-1
8,9,4,4300,DEL_EXPLORED,-4
8,9,0,4301,POP,4,bgcdfphejalonkmi
8,9,1,4301,POP,4,bgcdfphijaelnkom
8,9,2,4301,POP,1,bchdglpefkjinoam
8,9,3,4301,DEL_CUTOFF,-1
8,9,4,4301,POP,4,bchdfgeijpolnkam
8,9,0,4302,DEL_EXPLORED,-4
8,9,1,4302,DEL_EXPLORED,-4
8,9,2,4302,PUSH,-1,bchdglpefkjianom,-4,1
8,9,3,4302,DEL_EXPLORED,4
8,9,4,4302,DEL_EXPLORED,-4
8,9,0,4303,POP,4,bgcdfahejplonkmi
8,9,1,4303,POP,4,bgcdfahijpelnkom
8,9,2,4303,DEL_EXPLORED,1
8,9,3,4303,DEL_CUTOFF,-4
8,9,4,4303,POP,4,bchdfgeijpalnkom
8,9,0,4304,POP,-1,bacdfghejplonkmi
8,9,1,4304,POP,-1,bacdfghijpelnkom
8,9,2,4304,DEL_CUTOFF,-4
8,9,3,4304,POP,-4,bchdfglejkpaniom
8,9,4,4304,PUSH,-4,bcadfghijpelnkom,4,-1,1
8,9,0,4305,DEL_EXPLORED,4
8,9,1,4305,DEL_EXPLORED,4
8,9,2,4305,POP,-1,bchdglpefkjianom
8,9,3,4305,POP,1,bchdfglejkpmnioa
8,9,4,4305,PUSH,1,bcdafghijpelnkom,4,-1
8,9,0,4306,POP,-4,bcadfghejplonkmi
8,9,1,4306,POP,-4,bcadfghijpelnkom
8,9,2,4306,DEL_EXPLORED,-4
8,9,3,4306,DEL_EXPLORED,-1
8,9,4,4306,DEL_EXPLORED,-1
8,9,0,4307,POP,-4,bchdfgaejplonkmi
8,9,1,4307,POP,-4,bchdfgaijpelnkom
8,9,2,4307,POP,4,bchdglpefkjinaom
8,9,3,4307,PUSH,-4,bchdfglejkamnipo,-4,4,-1,1
8,9,4,4307,DEL_CUTOFF,4
8,9,0,4308,POP,-1,bchdfglejpaonkmi
8,9,1,4308,POP,-1,bchdfgeijpalnkom
8,9,2,4308,PUSH,-4,bchdgapefljinkom,-4,4,-1,1
8,9,3,4308,PUSH,1,bchdfglejkmanipo,-4,4,-1
8,9,4,4308,POP,1,bcdafghijpelnkom
8,9,0,4309,DEL_EXPLORED,4
8,9,1,4309,PUSH,4,bchdfgeijplmnkoa,-4,-1
8,9,2,4309,PUSH,1,bchdgpaefljinkom,-4,4,-1,1
8,9,3,4309,DEL_EXPLORED,-1
8,9,4,4309,PUSH,-1,bacdfghijpelnkom,4,-1,1
8,9,0,4310,PUSH,-4,bchdfglajpoenkmi,-4,4,-1
8,9,1,4310,PUSH,-1,bchdfgeijplmnkao,-4,-1,1
8,9,2,4310,DEL_CUTOFF,1
8,9,3,4310,DEL_CUTOFF,4
8,9,4,4310,DEL_EXPLORED,1
8,9,0,4311,PUSH,-1,bchdfgaljpoenkmi,-4,4,-1,1
8,9,1,4311,DEL_EXPLORED,1
8,9,2,4311,DEL_EXPLORED,-1
8,9,3,4311,DEL_CUTOFF,-4
8,9,4,4311,DEL_CUTOFF,-1
8,9,0,4312,DEL_EXPLORED,1
8,9,1,4312,PUSH,-1,bchdfgeijplmnako,-4,-1,1
8,9,2,4312,DEL_CUTOFF,4
8,9,3,4312,POP,1,bchdfglejkmanipo
8,9,4,4312,DEL_CUTOFF,4
8,9,0,4313,PUSH,-1,bchdfagljpoenkmi,-4,4,-1,1
8,9,1,4313,DEL_EXPLORED,1
8,9,2,4313,DEL_CUTOFF,-4
8,9,3,4313,PUSH,-1,bchdfglejakmnipo,-4,4,-1,1
8,9,4,4313,POP,-1,bacdfghijpelnkom
8,9,0,4314,DEL_EXPLORED,1
8,9,1,4314,PUSH,-1,bchdfgeijplmanko,-4,1
8,9,2,4314,POP,1,bchdgpaefljinkom
8,9,3,4314,DEL_EXPLORED,1
8,9,4,4314,DEL_EXPLORED,4
8,9,0,4315,PUSH,-1,bchdafgljpoenkmi,-4,4,1
8,9,1,4315,DEL_EXPLORED,1
8,9,2,4315,PUSH,-1,bchdagpefljinkom,-4,4,1
8,9,3,4315,DEL_CUTOFF,-1
8,9,4,4315,POP,-4,bcadfghijpelnkom
8,9,0,4316,DEL_EXPLORED,1
8,9,1,4316,PUSH,-4,bchdfgeiaplmjnko,-4,4,1
8,9,2,4316,DEL_EXPLORED,1
8,9,3,4316,DEL_CUTOFF,4
8,9,4,4316,POP,-1,bchdfgaijpelnkom
8,9,0,4317,PUSH,4,bchdjfglapoenkmi,-4,4,1
8,9,1,4317,PUSH,1,bchdfgeipalmjnko,-4,4,-1,1
8,9,2,4317,DEL_CUTOFF,4
8,9,3,4317,DEL_CUTOFF,-4
8,9,4,4317,DEL_EXPLORED,4
8,9,0,4318,PUSH,1,bchdjfglpaoenkmi,-4,4,-1,1
8,9,1,4318,DEL_CUTOFF,1
8,9,2,4318,DEL_CUTOFF,-4
8,9,3,4318,POP,-1,bchdfglejakmnipo
8,9,4,4318,PUSH,-4,bchafgidjpelnkom,4,-1
8,9,0,4319,DEL_CUTOFF,1
8,9,1,4319,DEL_EXPLORED,-1
8,9,2,4319,POP,-1,bchdagpefljinkom
8,9,3,4319,DEL_EXPLORED,4
8,9,4,4319,PUSH,-1,bcahfgidjpelnkom,4,-1,1
8,9,0,4320,DEL_EXPLORED,-1
8,9,1,4320,DEL_CUTOFF,4
8,9,2,4320,DEL_EXPLORED,4
8,9,3,4320,PUSH,-4,bchdfgaejklmnipo,-4,4,-1,1
8,9,4,4320,DEL_EXPLORED,1
8,9,0,4321,DEL_CUTOFF,4
8,9,1,4321,DEL_CUTOFF,-4
8,9,2,4321,PUSH,-4,bahdgcpefljinkom,4,-1,1
8,9,3,4321,DEL_CUTOFF,1
8,9,4,4321,PUSH,-1,bachfgidjpelnkom,4,-1,1
8,9,0,4322,DEL_CUTOFF,-4
8,9,1,4322,POP,1,bchdfgeipalmjnko
8,9,2,4322,DEL_CUTOFF,1
8,9,3,4322,DEL_CUTOFF,-1
8,9,4,4322,DEL_EXPLORED,1
8,9,0,4323,POP,1,bchdjfglpaoenkmi
8,9,1,4323,DEL_EXPLORED,4
8,9,2,4323,DEL_CUTOFF,-1
8,9,3,4323,DEL_EXPLORED,4
8,9,4,4323,DEL_CUTOFF,-1
8,9,0,4324,PUSH,4,bchdjfglnpoeakmi,-4,1
8,9,1,4324,PUSH,-4,bchdageifplmjnko,-4,4,1
8,9,2,4324,DEL_EXPLORED,4
8,9,3,4324,DEL_CUTOFF,-4
8,9,4,4324,DEL_CUTOFF,4
8,9,0,4325,DEL_CUTOFF,1
8,9,1,4325,DEL_CUTOFF,1
8,9,2,4325,POP,-4,bahdgcpefljinkom
8,9,3,4325,POP,-4,bchdfgaejklmnipo
8,9,4,4325,POP,-1,bachfgidjpelnkom
8,9,0,4326,DEL_EXPLORED,-4
8,9,1,4326,DEL_EXPLORED,4
8,9,2,4326,POP,-4,bchdgapefljinkom
8,9,3,4326,POP,-4,bchdfglejkamnipo
8,9,4,4326,PUSH,4,bcihfgadjpelnkom,-4,4,-1,1
8,9,0,4327,POP,4,bchdjfglnpoeakmi
8,9,1,4327,DEL_CUTOFF,-4
8,9,2,4327,POP,-1,bchdglpefajinkom
8,9,3,4327,POP,1,bchdfglejkpmniao
8,9,4,4327,DEL_CUTOFF,1
8,9,0,4328,DEL_EXPLORED,-4
8,9,1,4328,POP,-4,bchdageifplmjnko
8,9,2,4328,PUSH,4,bchdglpefjoinkam,-4,-1,1
8,9,3,4328,PUSH,-1,bchdfglejkpmanio,-4,1
8,9,4,4328,DEL_CUTOFF,-1
8,9,0,4329,POP,4,bchdjfglapoenkmi
8,9,1,4329,POP,-4,bchdfgeiaplmjnko
8,9,2,4329,PUSH,1,bchdglpefjoinkma,-4,-1
8,9,3,4329,DEL_EXPLORED,1
8,9,4,4329,DEL_CUTOFF,4
8,9,0,4330,PUSH,-4,achdbfgljpoenkmi,4,1
8,9,1,4330,POP,-1,bchdfgeijplmanko
8,9,2,4330,DEL_EXPLORED,-1
8,9,3,4330,PUSH,-4,bchdfgleakpmjnio,-4,4,1
8,9,4,4330,DEL_EXPLORED,-4
8,9,0,4331,PUSH,1,cahdbfgljpoenkmi,4,-1,1
8,9,1,4331,PUSH,-4,bchdfgeijalmnpko,-4,4,-1,1
8,9,2,4331,PUSH,-4,bchdglpefjoankmi,-4,4,-1
8,9,3,4331,PUSH,1,bchdfglekapmjnio,-4,4,-1,1
8,9,4,4331,POP,4,bcihfgadjpelnkom
8,9,0,4332,DEL_CUTOFF,1
8,9,1,4332,PUSH,1,bchdfgeijlamnpko,-4,4,-1,1
8,9,2,4332,DEL_CUTOFF,-1
8,9,3,4332,DEL_CUTOFF,1
8,9,4,4332,POP,-1,bcahfgidjpelnkom
8,9,0,4333,DEL_EXPLORED,-1
8,9,1,4333,PUSH,1,bchdfgeijlmanpko,-4,4,-1
8,9,2,4333,DEL_EXPLORED,4
8,9,3,4333,DEL_EXPLORED,-1
8,9,4,4333,DEL_EXPLORED,4
8,9,0,4334,DEL_CUTOFF,4
8,9,1,4334,DEL_EXPLORED,-1
8,9,2,4334,DEL_CUTOFF,-4
8,9,3,4334,DEL_CUTOFF,4
8,9,4,4334,POP,-4,bchafgidjpelnkom
8,9,0,4335,POP,1,cahdbfgljpoenkmi
8,9,1,4335,DEL_CUTOFF,4
8,9,2,4335,POP,-4,bchdglpefjoankmi
8,9,3,4335,DEL_CUTOFF,-4
8,9,4,4335,POP,-4,bchdfgiajpelnkom
8,9,0,4336,DEL_EXPLORED,4
8,9,1,4336,DEL_CUTOFF,-4
8,9,2,4336,POP,1,bchdglpefjoinkma
8,9,3,4336,POP,1,bchdfglekapmjnio
8,9,4,4336,POP,1,bchdfgiljpeankom
8,9,0,4337,POP,-4,achdbfgljpoenkmi
8,9,1,4337,POP,1,bchdfgeijlmanpko
8,9,2,4337,PUSH,-1,bchdglpefjoinakm,-4,-1,1
8,9,3,4337,DEL_EXPLORED,4
8,9,4,4337,PUSH,-1,bchdfgiljapenkom,-4,4,-1,1
8,9,0,4338,POP,-1,bchdafgljpoenkmi
8,9,1,4338,DEL_EXPLORED,-1
8,9,2,4338,DEL_EXPLORED,1
8,9,3,4338,PUSH,-4,bchdaglefkpmjnio,-4,4,1
8,9,4,4338,DEL_EXPLORED,1
8,9,0,4339,PUSH,4,bchdfpgljaoenkmi,-4,4,-1,1
8,9,1,4339,PUSH,4,bchdfgeijlkmnpao,-4,-1,1
8,9,2,4339,PUSH,-1,bchdglpefjoiankm,-4,1
8,9,3,4339,DEL_CUTOFF,1
8,9,4,4339,PUSH,-1,bchdfgilajpenkom,-4,4,1
8,9,0,4340,PUSH,1,bchdfpgljoaenkmi,-4,4,-1,1
8,9,1,4340,DEL_CUTOFF,1
8,9,2,4340,DEL_EXPLORED,1
8,9,3,4340,DEL_EXPLORED,4
8,9,4,4340,DEL_EXPLORED,1
8,9,0,4341,PUSH,1,bchdfpgljoeankmi,-4,4,-1
8,9,1,4341,DEL_CUTOFF,-1
8,9,2,4341,DEL_CUTOFF,-4
8,9,3,4341,DEL_CUTOFF,-4
8,9,4,4341,PUSH,4,bchdfgilnjpeakom,-4,1
8,9,0,4342,DEL_EXPLORED,-1
8,9,1,4342,DEL_EXPLORED,-4
8,9,2,4342,POP,-1,bchdglpefjoiankm
8,9,3,4342,POP,-4,bchdaglefkpmjnio
8,9,4,4342,PUSH,1,bchdfgilnjpekaom,-4,-1,1
8,9,0,4343,DEL_CUTOFF,4
8,9,1,4343,POP,4,bchdfgeijlkmnpao
8,9,2,4343,PUSH,-4,bchdglpefaoinjkm,-4,4,-1,1
8,9,3,4343,POP,-4,bchdfgleakpmjnio
8,9,4,4343,PUSH,1,bchdfgilnjpekoam,-4,-1,1
8,9,0,4344,DEL_CUTOFF,-4
8,9,1,4344,PUSH,-4,bchdfgaijlemnpko,-4,4,-1,1
8,9,2,4344,DEL_CUTOFF,1
8,9,3,4344,POP,-1,bchdfglejkpmanio
8,9,4,4344,DEL_CUTOFF,1
8,9,0,4345,POP,1,bchdfpgljoeankmi
8,9,1,4345,DEL_CUTOFF,1
8,9,2,4345,DEL_CUTOFF,-1
8,9,3,4345,DEL_EXPLORED,-4
8,9,4,4345,DEL_EXPLORED,-1
8,9,0,4346,DEL_EXPLORED,-1
8,9,1,4346,DEL_CUTOFF,-1
8,9,2,4346,DEL_EXPLORED,4
8,9,3,4346,POP,4,bchdfglejkpmnaio
8,9,4,4346,DEL_CUTOFF,-4
8,9,0,4347,PUSH,4,bchdfpgljomenkai,-4,-1,1
8,9,1,4347,DEL_EXPLORED,4
8,9,2,4347,DEL_CUTOFF,-4
8,9,3,4347,PUSH,-4,bchdfalejgpmnkio,-4,4,-1,1
8,9,4,4347,POP,1,bchdfgilnjpekoam
8,9,0,4348,DEL_CUTOFF,1
8,9,1,4348,DEL_CUTOFF,-4
8,9,2,4348,POP,-4,bchdglpefaoinjkm
8,9,3,4348,PUSH,1,bchdflaejgpmnkio,-4,4,-1,1
8,9,4,4348,DEL_EXPLORED,-1
8,9,0,4349,DEL_CUTOFF,-1
8,9,1,4349,POP,-4,bchdfgaijlemnpko
8,9,2,4349,POP,-1,bchdglpefjoinakm
8,9,3,4349,PUSH,1,bchdfleajgpmnkio,-4,4,-1
8,9,4,4349,PUSH,-4,bchdfgilnapekjom,-4,4,-1,1
8,9,0,4350,DEL_EXPLORED,-4
8,9,1,4350,POP,1,bchdfgeijlamnpko
8,9,2,4350,DEL_EXPLORED,-4
8,9,3,4350,DEL_EXPLORED,-1
8,9,4,4350,DEL_CUTOFF,1
8,9,0,4351,POP,4,bchdfpgljomenkai
8,9,1,4351,PUSH,-1,bchdfgeiajlmnpko,-4,4,1
8,9,2,4351,POP,4,bchdglpefjoinkam
8,9,3,4351,PUSH,4,bchdflemjgpankio,-4,4,-1
8,9,4,4351,DEL_CUTOFF,-1
8,9,0,4352,PUSH,-4,bchdfpaljogenkmi,-4,4,-1,1
8,9,1,4352,DEL_EXPLORED,1
8,9,2,4352,DEL_EXPLORED,-4
8,9,3,4352,DEL_CUTOFF,-1
8,9,4,4352,DEL_EXPLORED,4
8,9,0,4353,DEL_CUTOFF,1
8,9,1,4353,PUSH,4,bchdfgeinjlmapko,-4,1
8,9,2,4353,POP,4,bchdglpefjainkom
8,9,3,4353,DEL_CUTOFF,4
8,9,4,4353,DEL_CUTOFF,-4
8,9,0,4354,DEL_CUTOFF,-1
8,9,1,4354,DEL_CUTOFF,1
8,9,2,4354,PUSH,-4,bcadglhefjpinkom,4,-1,1
8,9,3,4354,DEL_EXPLORED,-4
8,9,4,4354,POP,-4,bchdfgilnapekjom
8,9,0,4355,DEL_EXPLORED,4
8,9,1,4355,DEL_EXPLORED,-4
8,9,2,4355,PUSH,1,bcdaglhefjpinkom,4,-1
8,9,3,4355,POP,4,bchdflemjgpankio
8,9,4,4355,POP,1,bchdfgilnjpekaom
8,9,0,4356,DEL_CUTOFF,-4
8,9,1,4356,POP,4,bchdfgeinjlmapko
8,9,2,4356,DEL_EXPLORED,-1
8,9,3,4356,PUSH,-4,bchafledjgpmnkio,4,-1
8,9,4,4356,DEL_EXPLORED,-4
8,9,0,4357,POP,-4,bchdfpaljogenkmi
8,9,1,4357,PUSH,-4,bchdageifjlmnpko,-4,4,1
8,9,2,4357,PUSH,4,bcdeglhafjpinkom,-4,4,-1
8,9,3,4357,DEL_CUTOFF,-1
8,9,4,4357,POP,4,bchdfgilnjpeakom
8,9,0,4358,POP,1,bchdfpgljoaenkmi
8,9,1,4358,DEL_CUTOFF,1
8,9,2,4358,PUSH,-1,bcdeglahfjpinkom,-4,4,-1,1
8,9,3,4358,DEL_EXPLORED,4
8,9,4,4358,PUSH,-4,bchdagilfjpenkom,-4,4,1
8,9,0,4359,PUSH,-1,bchdfpglajoenkmi,-4,4,1
8,9,1,4359,DEL_EXPLORED,4
8,9,2,4359,DEL_EXPLORED,1
8,9,3,4359,POP,-4,bchafledjgpmnkio
8,9,4,4359,PUSH,1,bchdgailfjpenkom,-4,4,-1,1
8,9,0,4360,DEL_EXPLORED,1
8,9,1,4360,DEL_CUTOFF,-4
8,9,2,4360,DEL_CUTOFF,-1
8,9,3,4360,POP,1,bchdfleajgpmnkio
8,9,4,4360,PUSH,1,bchdgialfjpenkom,-4,4,-1,1
8,9,0,4361,PUSH,4,bchdfpglnjoeakmi,-4,1
8,9,1,4361,POP,-4,bchdageifjlmnpko
8,9,2,4361,DEL_CUTOFF,4
8,9,3,4361,DEL_EXPLORED,-1
8,9,4,4361,DEL_CUTOFF,1
8,9,0,4362,DEL_CUTOFF,1
8,9,1,4362,POP,-1,bchdfgeiajlmnpko
8,9,2,4362,DEL_CUTOFF,-4
8,9,3,4362,PUSH,4,bchdflpejgamnkio,-4,4,-1,1
8,9,4,4362,DEL_EXPLORED,-1
8,9,0,4363,DEL_EXPLORED,-4
8,9,1,4363,DEL_EXPLORED,4
8,9,2,4363,POP,-1,bcdeglahfjpinkom
8,9,3,4363,PUSH,1,bchdflpejgmankio,-4,4,-1
8,9,4,4363,DEL_CUTOFF,4
8,9,0,4364,POP,4,bchdfpglnjoeakmi
8,9,1,4364,PUSH,-4,bchdfaeijglmnpko,-4,4,-1,1
8,9,2,4364,PUSH,4,bcdeglhifjpankom,-4,4,-1
8,9,3,4364,DEL_EXPLORED,-1
8,9,4,4364,DEL_CUTOFF,-4
8,9,0,4365,PUSH,-4,bchdapglfjoenkmi,-4,4,1
8,9,1,4365,PUSH,1,bchdfeaijglmnpko,-4,4,-1,1
8,9,2,4365,DEL_CUTOFF,-1
8,9,3,4365,DEL_CUTOFF,4
8,9,4,4365,POP,1,bchdgialfjpenkom
8,9,0,4366,DEL_CUTOFF,1
8,9,1,4366,DEL_CUTOFF,1
8,9,2,4366,DEL_CUTOFF,4
8,9,3,4366,DEL_CUTOFF,-4
8,9,4,4366,DEL_EXPLORED,-1
8,9,0,4367,DEL_EXPLORED,4
8,9,1,4367,DEL_EXPLORED,-1
8,9,2,4367,DEL_EXPLORED,-4
8,9,3,4367,POP,1,bchdflpejgmankio
8,9,4,4367,PUSH,4,bchdgjilfapenkom,-4,4,-1,1
8,9,0,4368,DEL_CUTOFF,-4
8,9,1,4368,DEL_CUTOFF,4
8,9,2,4368,POP,4,bcdeglhifjpankom
8,9,3,4368,PUSH,-1,bchdflpejagmnkio,-4,4,-1,1
8,9,4,4368,DEL_CUTOFF,1
8,9,0,4369,POP,-4,bchdapglfjoenkmi
8,9,1,4369,DEL_CUTOFF,-4
8,9,2,4369,DEL_EXPLORED,-4
8,9,3,4369,DEL_EXPLORED,1
8,9,4,4369,DEL_CUTOFF,-1
8,9,0,4370,POP,-1,bchdfpglajoenkmi
8,9,1,4370,POP,1,bchdfeaijglmnpko
8,9,2,4370,POP,4,bcdeglhafjpinkom
8,9,3,4370,DEL_CUTOFF,-1
8,9,4,4370,DEL_CUTOFF,4
8,9,0,4371,PUSH,4,bchdfpgljkoenami,-4,-1,1
8,9,1,4371,PUSH,-1,bchdafeijglmnpko,-4,4,1
8,9,2,4371,POP,1,bcdaglhefjpinkom
8,9,3,4371,DEL_CUTOFF,4
8,9,4,4371,DEL_EXPLORED,-4
8,9,0,4372,PUSH,1,bchdfpgljkoenmai,-4,-1,1
8,9,1,4372,DEL_EXPLORED,1
8,9,2,4372,PUSH,-1,bacdglhefjpinkom,4,-1,1
8,9,3,4372,DEL_CUTOFF,-4
8,9,4,4372,POP,4,bchdgjilfapenkom
8,9,0,4373,DEL_CUTOFF,1
8,9,1,4373,DEL_CUTOFF,4
8,9,2,4373,DEL_EXPLORED,1
8,9,3,4373,POP,-1,bchdflpejagmnkio
8,9,4,4373,PUSH,-4,bahdgcilfjpenkom,4,-1,1
8,9,0,4374,DEL_EXPLORED,-1
8,9,1,4374,DEL_CUTOFF,-4
8,9,2,4374,PUSH,-1,abcdglhefjpinkom,4,1
8,9,3,4374,PUSH,4,bchdflpejgimnkao,-4,-1,1
8,9,4,4374,DEL_CUTOFF,1
8,9,0,4375,DEL_CUTOFF,-4
8,9,1,4375,POP,-1,bchdafeijglmnpko
8,9,2,4375,DEL_EXPLORED,1
8,9,3,4375,DEL_CUTOFF,1
8,9,4,4375,DEL_CUTOFF,-1
8,9,0,4376,POP,1,bchdfpgljkoenmai
8,9,1,4376,DEL_EXPLORED,4
8,9,2,4376,PUSH,4,gbcdalhefjpinkom,-4,4,1
8,9,3,4376,DEL_CUTOFF,-1
8,9,4,4376,DEL_EXPLORED,4
8,9,0,4377,PUSH,-1,bchdfpgljkoeanmi,-4,1
8,9,1,4377,PUSH,-4,bahdfceijglmnpko,4,-1,1
8,9,2,4377,DEL_CUTOFF,1
8,9,3,4377,DEL_EXPLORED,-4
8,9,4,4377,POP,-4,bahdgcilfjpenkom
8,9,0,4378,DEL_EXPLORED,1
8,9,1,4378,DEL_CUTOFF,1
8,9,2,4378,DEL_CUTOFF,4
8,9,3,4378,POP,4,bchdflpejgimnkao
8,9,4,4378,POP,1,bchdgailfjpenkom
8,9,0,4379,DEL_CUTOFF,-4
8,9,1,4379,DEL_CUTOFF,-1
8,9,2,4379,DEL_EXPLORED,-4
8,9,3,4379,DEL_EXPLORED,-4
8,9,4,4379,DEL_EXPLORED,4
8,9,0,4380,POP,-1,bchdfpgljkoeanmi
8,9,1,4380,DEL_EXPLORED,4
8,9,2,4380,POP,4,gbcdalhefjpinkom
8,9,3,4380,POP,4,bchdflpejgamnkio
8,9,4,4380,PUSH,-4,achdbgilfjpenkom,4,1
8,9,0,4381,DEL_EXPLORED,-4
8,9,1,4381,POP,-4,bahdfceijglmnpko
8,9,2,4381,POP,-1,abcdglhefjpinkom
8,9,3,4381,PUSH,-4,bcadflhejgpmnkio,4,-1,1
8,9,4,4381,PUSH,1,cahdbgilfjpenkom,4,-1,1
8,9,0,4382,POP,4,bchdfpgljkoenami
8,9,1,4382,POP,-4,bchdfaeijglmnpko
8,9,2,4382,PUSH,4,blcdgahefjpinkom,-4,4,-1,1
8,9,3,4382,PUSH,1,bcdaflhejgpmnkio,4,-1
8,9,4,4382,DEL_CUTOFF,1
8,9,0,4383,DEL_EXPLORED,-4
8,9,1,4383,POP,-4,bchdfgeijalmnpko
8,9,2,4383,PUSH,1,blcdghaefjpinkom,-4,4,-1,1
8,9,3,4383,DEL_EXPLORED,-1
8,9,4,4383,DEL_EXPLORED,-1
8,9,0,4384,POP,4,bchdfpgljaoenkmi
8,9,1,4384,POP,-1,bchdfgeijplmnako
8,9,2,4384,DEL_CUTOFF,1
8,9,3,4384,DEL_CUTOFF,4
8,9,4,4384,DEL_CUTOFF,4
8,9,0,4385,PUSH,-4,bahdfcgljpoenkmi,4,-1,1
8,9,1,4385,PUSH,-4,bchdfgeijpamnklo,-4,4,-1,1
8,9,2,4385,DEL_EXPLORED,-1
8,9,3,4385,POP,1,bcdaflhejgpmnkio
8,9,4,4385,POP,1,cahdbgilfjpenkom
8,9,0,4386,PUSH,1,bhadfcgljpoenkmi,4,-1,1
8,9,1,4386,PUSH,1,bchdfgeijpmanklo,-4,4,-1
8,9,2,4386,DEL_CUTOFF,4
8,9,3,4386,PUSH,-1,bacdflhejgpmnkio,4,-1,1
8,9,4,4386,DEL_EXPLORED,4
8,9,0,4387,PUSH,1,bhdafcgljpoenkmi,4,-1
8,9,1,4387,DEL_EXPLORED,-1
8,9,2,4387,DEL_CUTOFF,-4
8,9,3,4387,DEL_EXPLORED,1
8,9,4,4387,POP,-4,achdbgilfjpenkom
8,9,0,4388,DEL_EXPLORED,-1
8,9,1,4388,PUSH,4,bchdfgeijpmonkla,-4,-1
8,9,2,4388,POP,1,blcdghaefjpinkom
8,9,3,4388,DEL_CUTOFF,-1
8,9,4,4388,POP,-4,bchdagilfjpenkom
8,9,0,4389,DEL_CUTOFF,4
8,9,1,4389,PUSH,-1,bchdfgeijpmonkal,-4,-1,1
8,9,2,4389,PUSH,-1,blcdaghefjpinkom,-4,4,1
8,9,3,4389,DEL_CUTOFF,4
8,9,4,4389,POP,-1,bchdfgilajpenkom
8,9,0,4390,POP,1,bhdafcgljpoenkmi
8,9,1,4390,DEL_EXPLORED,1
8,9,2,4390,DEL_EXPLORED,1
8,9,3,4390,POP,-1,bacdflhejgpmnkio
8,9,4,4390,PUSH,4,bchdfgiljkpenaom,-4,-1,1
8,9,0,4391,DEL_EXPLORED,-1
8,9,1,4391,DEL_CUTOFF,-1
8,9,2,4391,DEL_CUTOFF,4
8,9,3,4391,DEL_EXPLORED,4
8,9,4,4391,PUSH,1,bchdfgiljkpenoam,-4,-1,1
8,9,0,4392,PUSH,4,bhgdfcaljpoenkmi,-4,4,-1,1
8,9,1,4392,DEL_CUTOFF,-4
8,9,2,4392,DEL_CUTOFF,-4
8,9,3,4392,POP,-4,bcadflhejgpmnkio
8,9,4,4392,PUSH,1,bchdfgiljkpenoma,-4,-1
8,9,0,4393,DEL_CUTOFF,1
8,9,1,4393,POP,-1,bchdfgeijpmonkal
8,9,2,4393,POP,-1,blcdaghefjpinkom
8,9,3,4393,POP,1,bchdflaejgpmnkio
8,9,4,4393,DEL_EXPLORED,-1
8,9,0,4394,DEL_CUTOFF,-1
8,9,1,4394,DEL_EXPLORED,-4
8,9,2,4394,PUSH,4,blcdgjhefapinkom,-4,4,-1,1
8,9,3,4394,PUSH,-1,bchdaflejgpmnkio,-4,4,1
8,9,4,4394,PUSH,-4,bchdfgiljkpanome,-4,4,-1
8,9,0,4395,DEL_CUTOFF,4
8,9,1,4395,POP,4,bchdfgeijpmonkla
8,9,2,4395,DEL_CUTOFF,1
8,9,3,4395,DEL_EXPLORED,1
8,9,4,4395,DEL_CUTOFF,-1
8,9,0,4396,DEL_EXPLORED,-4
8,9,1,4396,PUSH,-4,bchdfgeajpminklo,-4,4,-1
8,9,2,4396,DEL_CUTOFF,-1
8,9,3,4396,PUSH,4,bchdjfleagpmnkio,-4,4,1
8,9,4,4396,DEL_EXPLORED,4
8,9,0,4397,POP,4,bhgdfcaljpoenkmi
8,9,1,4397,PUSH,-1,bchdfgaejpminklo,-4,4,-1,1
8,9,2,4397,DEL_CUTOFF,4
8,9,3,4397,PUSH,1,bchdjflegapmnkio,-4,4,-1,1
8,9,4,4397,DEL_CUTOFF,-4
8,9,0,4398,POP,1,bhadfcgljpoenkmi
8,9,1,4398,DEL_EXPLORED,1
8,9,2,4398,DEL_EXPLORED,-4
8,9,3,4398,DEL_CUTOFF,1
8,9,4,4398,POP,-4,bchdfgiljkpanome
8,9,0,4399,PUSH,-1,abhdfcgljpoenkmi,4,1
8,9,1,4399,DEL_CUTOFF,-1
8,9,2,4399,POP,4,blcdgjhefapinkom
8,9,3,4399,DEL_EXPLORED,-1
8,9,4,4399,POP,1,bchdfgiljkpenoma
8,9,0,4400,DEL_EXPLORED,1
8,9,1,4400,DEL_CUTOFF,4
8,9,2,4400,DEL_EXPLORED,-4
8,9,3,4400,DEL_CUTOFF,4
8,9,4,4400,DEL_EXPLORED,-1
8,9,0,4401,PUSH,4,fbhdacgljpoenkmi,-4,4,1
8,9,1,4401,DEL_CUTOFF,-4
8,9,2,4401,POP,4,blcdgahefjpinkom
8,9,3,4401,DEL_CUTOFF,-4
8,9,4,4401,PUSH,-4,bchdfgiljkaenopm,-4,4,-1,1
8,9,0,4402,DEL_CUTOFF,1
8,9,1,4402,POP,-1,bchdfgaejpminklo
8,9,2,4402,POP,-1,bacdglhefjpinkom
8,9,3,4402,POP,1,bchdjflegapmnkio
8,9,4,4402,PUSH,1,bchdfgiljkeanopm,-4,4,-1
8,9,0,4403,DEL_CUTOFF,4
8,9,1,4403,DEL_EXPLORED,4
8,9,2,4403,DEL_EXPLORED,4
8,9,3,4403,PUSH,4,bchdjflengpmakio,-4,1
8,9,4,4403,DEL_EXPLORED,-1
8,9,0,4404,DEL_EXPLORED,-4
8,9,1,4404,PUSH,-4,bchafgedjpminklo,4,-1
8,9,2,4404,POP,-4,bcadglhefjpinkom
8,9,3,4404,DEL_CUTOFF,1
8,9,4,4404,DEL_CUTOFF,4
8,9,0,4405,POP,4,fbhdacgljpoenkmi
8,9,1,4405,DEL_CUTOFF,-1
8,9,2,4405,POP,1,bchdglaefjpinkom
8,9,3,4405,DEL_EXPLORED,-4
8,9,4,4405,DEL_CUTOFF,-4
8,9,0,4406,POP,-1,abhdfcgljpoenkmi
8,9,1,4406,DEL_EXPLORED,4
8,9,2,4406,DEL_EXPLORED,-1
8,9,3,4406,POP,4,bchdjflengpmakio
8,9,4,4406,POP,1,bchdfgiljkeanopm
8,9,0,4407,DEL_EXPLORED,4
8,9,1,4407,POP,-4,bchafgedjpminklo
8,9,2,4407,PUSH,4,bchdgjlefapinkom,-4,4,-1,1
8,9,3,4407,DEL_EXPLORED,-4
8,9,4,4407,PUSH,-1,bchdfgiljakenopm,-4,4,-1,1
8,9,0,4408,POP,-4,bahdfcgljpoenkmi
8,9,1,4408,POP,-4,bchdfgeajpminklo
8,9,2,4408,PUSH,1,bchdgjlefpainkom,-4,4,-1,1
8,9,3,4408,POP,4,bchdjfleagpmnkio
8,9,4,4408,DEL_EXPLORED,1
8,9,0,4409,POP,-1,bchdfagljpoenkmi
8,9,1,4409,POP,1,bchdfgeijpmanklo
8,9,2,4409,PUSH,1,bchdgjlefpiankom,-4,4,-1
8,9,3,4409,PUSH,-4,achdbflejgpmnkio,4,1
8,9,4,4409,DEL_CUTOFF,-1
8,9,0,4410,PUSH,4,bchdfgoljpaenkmi,-4,4,-1,1
8,9,1,4410,PUSH,-1,bchdfgeijapmnklo,-4,4,-1,1
8,9,2,4410,DEL_EXPLORED,-1
8,9,3,4410,PUSH,1,cahdbflejgpmnkio,4,-1,1
8,9,4,4410,DEL_CUTOFF,4
8,9,0,4411,PUSH,1,bchdfgoljpeankmi,-4,4,-1
8,9,1,4411,DEL_EXPLORED,1
8,9,2,4411,PUSH,4,bchdgjlefpimnkoa,-4,-1
8,9,3,4411,DEL_CUTOFF,1
8,9,4,4411,DEL_CUTOFF,-4
8,9,0,4412,DEL_EXPLORED,-1
8,9,1,4412,PUSH,-1,bchdfgeiajpmnklo,-4,4,1
8,9,2,4412,PUSH,-1,bchdgjlefpimnkao,-4,-1,1
8,9,3,4412,DEL_EXPLORED,-1
8,9,4,4412,POP,-1,bchdfgiljakenopm
8,9,0,4413,PUSH,4,bchdfgoljpeinkma,-4,-1
8,9,1,4413,DEL_EXPLORED,1
8,9,2,4413,DEL_EXPLORED,1
8,9,3,4413,DEL_CUTOFF,4
8,9,4,4413,DEL_EXPLORED,4
8,9,0,4414,PUSH,-1,bchdfgoljpeinkam,-4,-1,1
8,9,1,4414,PUSH,4,bchdfgeinjpmaklo,-4,1
8,9,2,4414,DEL_CUTOFF,-1
8,9,3,4414,POP,1,cahdbflejgpmnkio
8,9,4,4414,PUSH,-4,bchdfgaljkienopm,-4,4,-1,1
8,9,0,4415,DEL_EXPLORED,1
8,9,1,4415,DEL_CUTOFF,1
8,9,2,4415,DEL_CUTOFF,-4
8,9,3,4415,DEL_EXPLORED,4
8,9,4,4415,DEL_CUTOFF,1
8,9,0,4416,DEL_CUTOFF,-1
8,9,1,4416,DEL_EXPLORED,-4
8,9,2,4416,POP,-1,bchdgjlefpimnkao
8,9,3,4416,POP,-4,achdbflejgpmnkio
8,9,4,4416,DEL_CUTOFF,-1
8,9,0,4417,DEL_CUTOFF,-4
8,9,1,4417,POP,4,bchdfgeinjpmaklo
8,9,2,4417,DEL_EXPLORED,-4
8,9,3,4417,POP,-1,bchdaflejgpmnkio
8,9,4,4417,DEL_EXPLORED,4
8,9,0,4418,POP,-1,bchdfgoljpeinkam
8,9,1,4418,PUSH,-4,bchdageifjpmnklo,-4,4,1
8,9,2,4418,POP,4,bchdgjlefpimnkoa
8,9,3,4418,DEL_EXPLORED,4
8,9,4,4418,DEL_CUTOFF,-4
8,9,0,4419,DEL_EXPLORED,-4
8,9,1,4419,DEL_CUTOFF,1
8,9,2,4419,PUSH,-4,bchdgjlafpienkom,-4,4,-1
8,9,3,4419,PUSH,-4,bahdfclejgpmnkio,4,-1,1
8,9,4,4419,POP,-4,bchdfgaljkienopm
8,9,0,4420,POP,4,bchdfgoljpeinkma
8,9,1,4420,DEL_EXPLORED,4
8,9,2,4420,PUSH,-1,bchdgjalfpienkom,-4,4,-1,1
8,9,3,4420,PUSH,1,bhadfclejgpmnkio,4,-1,1
8,9,4,4420,POP,-4,bchdfgiljkaenopm
8,9,0,4421,PUSH,-4,bchdfgoajpelnkmi,-4,4,-1
8,9,1,4421,DEL_CUTOFF,-4
8,9,2,4421,DEL_EXPLORED,1
8,9,3,4421,PUSH,1,bhdafclejgpmnkio,4,-1
8,9,4,4421,POP,1,bchdfgiljkpenoam
8,9,0,4422,PUSH,-1,bchdfgaojpelnkmi,-4,4,-1,1
8,9,1,4422,POP,-4,bchdageifjpmnklo
8,9,2,4422,DEL_CUTOFF,-1
8,9,3,4422,DEL_EXPLORED,-1
8,9,4,4422,PUSH,-1,bchdfgiljkpeanom,-4,1
8,9,0,4423,DEL_EXPLORED,1
8,9,1,4423,POP,-1,bchdfgeiajpmnklo
8,9,2,4423,DEL_CUTOFF,4
8,9,3,4423,DEL_CUTOFF,4
8,9,4,4423,DEL_EXPLORED,1
8,9,0,4424,DEL_CUTOFF,-1
8,9,1,4424,PUSH,4,bchdfgeijkpmnalo,-4,-1,1
8,9,2,4424,DEL_CUTOFF,-4
8,9,3,4424,POP,1,bhdafclejgpmnkio
8,9,4,4424,PUSH,-4,bchdfgilakpejnom,-4,4,1
8,9,0,4425,DEL_CUTOFF,4
8,9,1,4425,PUSH,1,bchdfgeijkpmnlao,-4,-1,1
8,9,2,4425,POP,-1,bchdgjalfpienkom
8,9,3,4425,DEL_EXPLORED,-1
8,9,4,4425,PUSH,1,bchdfgilkapejnom,-4,4,-1,1
8,9,0,4426,DEL_CUTOFF,-4
8,9,1,4426,DEL_CUTOFF,1
8,9,2,4426,DEL_EXPLORED,4
8,9,3,4426,PUSH,4,bhldfcaejgpmnkio,-4,4,-1,1
8,9,4,4426,DEL_CUTOFF,1
8,9,0,4427,POP,-1,bchdfgaojpelnkmi
8,9,1,4427,DEL_EXPLORED,-1
8,9,2,4427,PUSH,-4,bchagjldfpienkom,4,-1
8,9,3,4427,DEL_CUTOFF,1
8,9,4,4427,DEL_EXPLORED,-1
8,9,0,4428,DEL_EXPLORED,4
8,9,1,4428,DEL_CUTOFF,-4
8,9,2,4428,DEL_CUTOFF,-1
8,9,3,4428,DEL_CUTOFF,-1
8,9,4,4428,DEL_CUTOFF,4
8,9,0,4429,PUSH,-4,bchafgodjpelnkmi,4,-1
8,9,1,4429,POP,1,bchdfgeijkpmnlao
8,9,2,4429,DEL_EXPLORED,4
8,9,3,4429,DEL_CUTOFF,4
8,9,4,4429,DEL_CUTOFF,-4
8,9,0,4430,DEL_CUTOFF,-1
8,9,1,4430,PUSH,-1,bchdfgeijkpmanlo,-4,1
8,9,2,4430,POP,-4,bchagjldfpienkom
8,9,3,4430,DEL_EXPLORED,-4
8,9,4,4430,POP,1,bchdfgilkapejnom
8,9,0,4431,DEL_EXPLORED,4
8,9,1,4431,DEL_EXPLORED,1
8,9,2,4431,POP,-4,bchdgjlafpienkom
8,9,3,4431,POP,4,bhldfcaejgpmnkio
8,9,4,4431,DEL_EXPLORED,4
8,9,0,4432,POP,-4,bchafgodjpelnkmi
8,9,1,4432,DEL_CUTOFF,-4
8,9,2,4432,POP,1,bchdgjlefpiankom
8,9,3,4432,POP,1,bhadfclejgpmnkio
8,9,4,4432,PUSH,-4,bchdagilfkpejnom,-4,4,1
8,9,0,4433,POP,-4,bchdfgoajpelnkmi
8,9,1,4433,POP,-1,bchdfgeijkpmanlo
8,9,2,4433,DEL_EXPLORED,-1
8,9,3,4433,PUSH,-1,abhdfclejgpmnkio,4,1
8,9,4,4433,DEL_CUTOFF,1
8,9,0,4434,POP,1,bchdfgoljpeankmi
8,9,1,4434,DEL_EXPLORED,-4
8,9,2,4434,PUSH,4,bchdgjlefpoinkam,-4,-1,1
8,9,3,4434,DEL_EXPLORED,1
8,9,4,4434,DEL_EXPLORED,4
8,9,0,4435,PUSH,-1,bchdfgoljapenkmi,-4,4,-1,1
8,9,1,4435,POP,4,bchdfgeijkpmnalo
8,9,2,4435,PUSH,1,bchdgjlefpoinkma,-4,-1
8,9,3,4435,PUSH,4,fbhdaclejgpmnkio,-4,4,1
8,9,4,4435,DEL_CUTOFF,-4
8,9,0,4436,DEL_EXPLORED,1
8,9,1,4436,PUSH,-4,bchdfaeijgpmnklo,-4,4,-1,1
8,9,2,4436,DEL_EXPLORED,-1
8,9,3,4436,DEL_CUTOFF,1
8,9,4,4436,POP,-4,bchdagilfkpejnom
8,9,0,4437,PUSH,-1,bchdfgolajpenkmi,-4,4,1
8,9,1,4437,PUSH,1,bchdfeaijgpmnklo,-4,4,-1,1
8,9,2,4437,PUSH,-4,bchdgjlefpoankmi,-4,4,-1
8,9,3,4437,DEL_CUTOFF,4
8,9,4,4437,POP,-4,bchdfgilakpejnom
8,9,0,4438,DEL_EXPLORED,1
8,9,1,4438,DEL_CUTOFF,1
8,9,2,4438,DEL_CUTOFF,-1
8,9,3,4438,DEL_EXPLORED,-4
8,9,4,4438,POP,-1,bchdfgiljkpeanom
8,9,0,4439,PUSH,4,bchdfgolnjpeakmi,-4,1
8,9,1,4439,DEL_EXPLORED,-1
8,9,2,4439,DEL_EXPLORED,4
8,9,3,4439,POP,4,fbhdaclejgpmnkio
8,9,4,4439,DEL_EXPLORED,-4
8,9,0,4440,DEL_CUTOFF,1
8,9,1,4440,DEL_CUTOFF,4
8,9,2,4440,DEL_CUTOFF,-4
8,9,3,4440,POP,-1,abhdfclejgpmnkio
8,9,4,4440,POP,4,bchdfgiljkpenaom
8,9,0,4441,DEL_EXPLORED,-4
8,9,1,4441,DEL_CUTOFF,-4
8,9,2,4441,POP,-4,bchdgjlefpoankmi
8,9,3,4441,DEL_EXPLORED,4
8,9,4,4441,PUSH,-4,bchdfailjgpenkom,-4,4,-1,1
8,9,0,4442,POP,4,bchdfgolnjpeakmi
8,9,1,4442,POP,1,bchdfeaijgpmnklo
8,9,2,4442,POP,1,bchdgjlefpoinkma
8,9,3,4442,POP,-4,bahdfclejgpmnkio
8,9,4,4442,PUSH,1,bchdfialjgpenkom,-4,4,-1,1
8,9,0,4443,PUSH,-4,bchdagolfjpenkmi,-4,4,1
8,9,1,4443,PUSH,-1,bchdafeijgpmnklo,-4,4,1
8,9,2,4443,PUSH,-1,bchdgjlefpoinakm,-4,-1,1
8,9,3,4443,POP,-4,bchdfalejgpmnkio
8,9,4,4443,PUSH,1,bchdfilajgpenkom,-4,4,-1
8,9,0,4444,DEL_CUTOFF,1
8,9,1,4444,DEL_EXPLORED,1
8,9,2,4444,DEL_EXPLORED,1
8,9,3,4444,POP,-1,bchdfglejapmnkio
8,9,4,4444,DEL_EXPLORED,-1
8,9,0,4445,DEL_EXPLORED,4
8,9,1,4445,DEL_CUTOFF,4
8,9,2,4445,PUSH,-1,bchdgjlefpoiankm,-4,1
8,9,3,4445,DEL_EXPLORED,4
8,9,4,4445,PUSH,4,bchdfilejgpankom,-4,4,-1
8,9,0,4446,DEL_CUTOFF,-4
8,9,1,4446,DEL_CUTOFF,-4
8,9,2,4446,DEL_EXPLORED,1
8,9,3,4446,PUSH,-4,bchdfgaejplmnkio,-4,4,-1,1
8,9,4,4446,DEL_CUTOFF,-1
8,9,0,4447,POP,-4,bchdagolfjpenkmi
8,9,1,4447,POP,-1,bchdafeijgpmnklo
8,9,2,4447,DEL_CUTOFF,-4
8,9,3,4447,PUSH,1,bchdfgeajplmnkio,-4,4,-1
8,9,4,4447,DEL_CUTOFF,4
8,9,0,4448,POP,-1,bchdfgolajpenkmi
8,9,1,4448,DEL_EXPLORED,4
8,9,2,4448,POP,-1,bchdgjlefpoiankm
8,9,3,4448,DEL_EXPLORED,-1
8,9,4,4448,DEL_EXPLORED,-4
8,9,0,4449,PUSH,4,bchdfgoljkpenami,-4,-1,1
8,9,1,4449,PUSH,-4,bahdfceijgpmnklo,4,-1,1
8,9,2,4449,PUSH,-4,bchdgjlefaoinpkm,-4,4,-1,1
8,9,3,4449,PUSH,4,bchdfgemjplankio,-4,4,-1
8,9,4,4449,POP,4,bchdfilejgpankom
8,9,0,4450,PUSH,1,bchdfgoljkpenmai,-4,-1,1
8,9,1,4450,DEL_CUTOFF,1
8,9,2,4450,DEL_CUTOFF,1
8,9,3,4450,PUSH,-1,bchdfgemjpalnkio,-4,4,-1,1
8,9,4,4450,PUSH,-4,bchafildjgpenkom,4,-1
8,9,0,4451,DEL_CUTOFF,1
8,9,1,4451,DEL_CUTOFF,-1
8,9,2,4451,DEL_CUTOFF,-1
8,9,3,4451,DEL_EXPLORED,1
8,9,4,4451,DEL_CUTOFF,-1
8,9,0,4452,DEL_EXPLORED,-1
8,9,1,4452,DEL_EXPLORED,4
8,9,2,4452,DEL_EXPLORED,4
8,9,3,4452,PUSH,-1,bchdfgemjaplnkio,-4,4,-1,1
8,9,4,4452,DEL_EXPLORED,4
8,9,0,4453,DEL_CUTOFF,-4
8,9,1,4453,POP,-4,bahdfceijgpmnklo
8,9,2,4453,DEL_CUTOFF,-4
8,9,3,4453,DEL_EXPLORED,1
8,9,4,4453,POP,-4,bchafildjgpenkom
8,9,0,4454,POP,1,bchdfgoljkpenmai
8,9,1,4454,POP,-4,bchdfaeijgpmnklo
8,9,2,4454,POP,-4,bchdgjlefaoinpkm
8,9,3,4454,DEL_CUTOFF,-1
8,9,4,4454,POP,1,bchdfilajgpenkom
8,9,0,4455,PUSH,-1,bchdfgoljkpeanmi,-4,1
8,9,1,4455,POP,-1,bchdfgeijapmnklo
8,9,2,4455,POP,-1,bchdgjlefpoinakm
8,9,3,4455,DEL_CUTOFF,4
8,9,4,4455,DEL_EXPLORED,-1
8,9,0,4456,DEL_EXPLORED,1
8,9,1,4456,DEL_EXPLORED,4
8,9,2,4456,DEL_EXPLORED,-4
8,9,3,4456,DEL_CUTOFF,-4
8,9,4,4456,PUSH,4,bchdfipljgaenkom,-4,4,-1,1
8,9,0,4457,DEL_CUTOFF,-4
8,9,1,4457,PUSH,-4,bchdfgaijpemnklo,-4,4,-1,1
8,9,2,4457,POP,4,bchdgjlefpoinkam
8,9,3,4457,POP,-1,bchdfgemjaplnkio
8,9,4,4457,PUSH,1,bchdfipljgeankom,-4,4,-1
8,9,0,4458,POP,-1,bchdfgoljkpeanmi
8,9,1,4458,PUSH,1,bchdfgiajpemnklo,-4,4,-1
8,9,2,4458,PUSH,-4,bchdgjaefplinkom,-4,4,-1,1
8,9,3,4458,PUSH,4,bchdfgemjpilnkao,-4,-1,1
8,9,4,4458,DEL_EXPLORED,-1
8,9,0,4459,DEL_EXPLORED,-4
8,9,1,4459,DEL_EXPLORED,-1
8,9,2,4459,PUSH,1,bchdgjeafplinkom,-4,4,-1
8,9,3,4459,DEL_CUTOFF,1
8,9,4,4459,DEL_CUTOFF,4
8,9,0,4460,POP,4,bchdfgoljkpenami
8,9,1,4460,PUSH,4,bchdfgimjpeanklo,-4,4,-1
8,9,2,4460,DEL_EXPLORED,-1
8,9,3,4460,DEL_CUTOFF,-1
8,9,4,4460,DEL_CUTOFF,-4
8,9,0,4461,PUSH,-4,bchdfaoljgpenkmi,-4,4,-1,1
8,9,1,4461,DEL_CUTOFF,-1
8,9,2,4461,PUSH,4,bchdgjeifplankom,-4,4,-1
8,9,3,4461,DEL_EXPLORED,-4
8,9,4,4461,POP,1,bchdfipljgeankom
8,9,0,4462,PUSH,1,bchdfoaljgpenkmi,-4,4,-1,1
8,9,1,4462,DEL_CUTOFF,4
8,9,2,4462,DEL_CUTOFF,-1
8,9,3,4462,POP,4,bchdfgemjpilnkao
8,9,4,4462,PUSH,-1,bchdfipljagenkom,-4,4,-1,1
8,9,0,4463,DEL_CUTOFF,1
8,9,1,4463,DEL_EXPLORED,-4
8,9,2,4463,DEL_CUTOFF,4
8,9,3,4463,PUSH,-4,bchdfgamjpelnkio,-4,4,-1,1
8,9,4,4463,DEL_EXPLORED,1
8,9,0,4464,DEL_EXPLORED,-1
8,9,1,4464,POP,4,bchdfgimjpeanklo
8,9,2,4464,DEL_EXPLORED,-4
8,9,3,4464,DEL_CUTOFF,1
8,9,4,4464,DEL_CUTOFF,-1
8,9,0,4465,DEL_CUTOFF,4
8,9,1,4465,PUSH,-4,bchafgidjpemnklo,4,-1
8,9,2,4465,POP,4,bchdgjeifplankom
8,9,3,4465,DEL_CUTOFF,-1
8,9,4,4465,DEL_CUTOFF,4
8,9,0,4466,DEL_CUTOFF,-4
8,9,1,4466,DEL_CUTOFF,-1
8,9,2,4466,PUSH,-4,bchagjedfplinkom,4,-1
8,9,3,4466,DEL_EXPLORED,4
8,9,4,4466,DEL_CUTOFF,-4
8,9,0,4467,POP,1,bchdfoaljgpenkmi
8,9,1,4467,DEL_EXPLORED,4
8,9,2,4467,DEL_CUTOFF,-1
8,9,3,4467,DEL_CUTOFF,-4
8,9,4,4467,POP,-1,bchdfipljagenkom
8,9,0,4468,PUSH,-1,bchdafoljgpenkmi,-4,4,1
8,9,1,4468,POP,-4,bchafgidjpemnklo
8,9,2,4468,DEL_EXPLORED,4
8,9,3,4468,POP,-4,bchdfgamjpelnkio
8,9,4,4468,PUSH,4,bchdfipljgoenkam,-4,-1,1
8,9,0,4469,DEL_EXPLORED,1
8,9,1,4469,POP,1,bchdfgiajpemnklo
8,9,2,4469,POP,-4,bchagjedfplinkom
8,9,3,4469,POP,-1,bchdfgemjpalnkio
8,9,4,4469,DEL_CUTOFF,1
8,9,0,4470,DEL_CUTOFF,4
8,9,1,4470,PUSH,-1,bchdfagijpemnklo,-4,4,-1,1
8,9,2,4470,POP,1,bchdgjeafplinkom
8,9,3,4470,PUSH,4,bchdfgemjplonkia,-4,-1
8,9,4,4470,DEL_CUTOFF,-1
8,9,0,4471,DEL_CUTOFF,-4
8,9,1,4471,DEL_EXPLORED,1
8,9,2,4471,PUSH,-1,bchdgajefplinkom,-4,4,-1,1
8,9,3,4471,PUSH,-1,bchdfgemjplonkai,-4,-1,1
8,9,4,4471,DEL_EXPLORED,-4
8,9,0,4472,POP,-1,bchdafoljgpenkmi
8,9,1,4472,PUSH,-1,bchdafgijpemnklo,-4,4,1
8,9,2,4472,DEL_EXPLORED,1
8,9,3,4472,DEL_EXPLORED,1
8,9,4,4472,POP,4,bchdfipljgoenkam
8,9,0,4473,DEL_EXPLORED,4
8,9,1,4473,DEL_EXPLORED,1
8,9,2,4473,PUSH,-1,bchdagjefplinkom,-4,4,1
8,9,3,4473,DEL_CUTOFF,-1
8,9,4,4473,DEL_EXPLORED,-4
8,9,0,4474,PUSH,-4,bahdfcoljgpenkmi,4,-1,1
8,9,1,4474,DEL_CUTOFF,4
8,9,2,4474,DEL_EXPLORED,1
8,9,3,4474,DEL_CUTOFF,-4
8,9,4,4474,POP,4,bchdfipljgaenkom
8,9,0,4475,DEL_CUTOFF,1
8,9,1,4475,DEL_CUTOFF,-4
8,9,2,4475,DEL_CUTOFF,4
8,9,3,4475,POP,-1,bchdfgemjplonkai
8,9,4,4475,PUSH,-4,bcadfihljgpenkom,4,-1,1
8,9,0,4476,DEL_CUTOFF,-1
8,9,1,4476,POP,-1,bchdafgijpemnklo
8,9,2,4476,DEL_CUTOFF,-4
8,9,3,4476,DEL_EXPLORED,-4
8,9,4,4476,PUSH,1,bcdafihljgpenkom,4,-1
8,9,0,4477,DEL_EXPLORED,4
8,9,1,4477,PUSH,4,bchdfpgijaemnklo,-4,4,-1,1
8,9,2,4477,POP,-1,bchdagjefplinkom
8,9,3,4477,POP,4,bchdfgemjplonkia
8,9,4,4477,DEL_EXPLORED,-1
8,9,0,4478,POP,-4,bahdfcoljgpenkmi
8,9,1,4478,DEL_CUTOFF,1
8,9,2,4478,PUSH,4,bchdgpjefalinkom,-4,4,-1,1
8,9,3,4478,DEL_EXPLORED,-4
8,9,4,4478,DEL_CUTOFF,4
8,9,0,4479,POP,-4,bchdfaoljgpenkmi
8,9,1,4479,DEL_CUTOFF,-1
8,9,2,4479,DEL_CUTOFF,1
8,9,3,4479,POP,4,bchdfgemjplankio
8,9,4,4479,POP,1,bcdafihljgpenkom
8,9,0,4480,POP,-1,bchdfgoljapenkmi
8,9,1,4480,DEL_CUTOFF,4
8,9,2,4480,DEL_CUTOFF,-1
8,9,3,4480,PUSH,-4,bchafgedjplmnkio,4,-1
8,9,4,4480,PUSH,-1,bacdfihljgpenkom,4,-1,1
8,9,0,4481,PUSH,4,bchdfgoljpmenkai,-4,-1,1
8,9,1,4481,DEL_EXPLORED,-4
8,9,2,4481,DEL_CUTOFF,4
8,9,3,4481,PUSH,-1,bcahfgedjplmnkio,4,-1,1
8,9,4,4481,DEL_EXPLORED,1
8,9,0,4482,PUSH,1,bchdfgoljpmenkia,-4,-1
8,9,1,4482,POP,4,bchdfpgijaemnklo
8,9,2,4482,DEL_EXPLORED,-4
8,9,3,4482,DEL_EXPLORED,1
8,9,4,4482,DEL_CUTOFF,-1
8,9,0,4483,DEL_EXPLORED,-1
8,9,1,4483,PUSH,-4,bahdfcgijpemnklo,4,-1,1
8,9,2,4483,POP,4,bchdgpjefalinkom
8,9,3,4483,PUSH,-1,bachfgedjplmnkio,4,-1,1
8,9,4,4483,DEL_CUTOFF,4
8,9,0,4484,PUSH,-4,bchdfgoljpmankie,-4,4,-1
8,9,1,4484,DEL_CUTOFF,1
8,9,2,4484,PUSH,-4,bahdgcjefplinkom,4,-1,1
8,9,3,4484,DEL_EXPLORED,1
8,9,4,4484,POP,-1,bacdfihljgpenkom
8,9,0,4485,DEL_CUTOFF,-1
8,9,1,4485,DEL_CUTOFF,-1
8,9,2,4485,DEL_CUTOFF,1
8,9,3,4485,DEL_CUTOFF,-1
8,9,4,4485,DEL_EXPLORED,4
8,9,0,4486,DEL_EXPLORED,4
8,9,1,4486,DEL_EXPLORED,4
8,9,2,4486,DEL_CUTOFF,-1
8,9,3,4486,DEL_CUTOFF,4
8,9,4,4486,POP,-4,bcadfihljgpenkom
8,9,0,4487,DEL_CUTOFF,-4
8,9,1,4487,POP,-4,bahdfcgijpemnklo
8,9,2,4487,DEL_EXPLORED,4
8,9,3,4487,POP,-1,bachfgedjplmnkio
8,9,4,4487,POP,1,bchdfialjgpenkom
8,9,0,4488,POP,-4,bchdfgoljpmankie
8,9,1,4488,POP,-1,bchdfagijpemnklo
8,9,2,4488,POP,-4,bahdgcjefplinkom
8,9,3,4488,PUSH,4,bcehfgadjplmnkio,-4,4,-1,1
8,9,4,4488,PUSH,-1,bchdafiljgpenkom,-4,4,1
8,9,0,4489,POP,1,bchdfgoljpmenkia
8,9,1,4489,DEL_EXPLORED,4
8,9,2,4489,POP,-1,bchdgajefplinkom
8,9,3,4489,DEL_CUTOFF,1
8,9,4,4489,DEL_EXPLORED,1
8,9,0,4490,PUSH,-1,bchdfgoljpmenaki,-4,-1,1
8,9,1,4490,PUSH,-4,bcadfghijpemnklo,4,-1,1
8,9,2,4490,DEL_EXPLORED,4
8,9,3,4490,DEL_CUTOFF,-1
8,9,4,4490,PUSH,4,bchdjfilagpenkom,-4,4,1
8,9,0,4491,DEL_EXPLORED,1
8,9,1,4491,PUSH,1,bcdafghijpemnklo,4,-1
8,9,2,4491,PUSH,-4,bcadgjhefplinkom,4,-1,1
8,9,3,4491,DEL_CUTOFF,4
8,9,4,4491,PUSH,1,bchdjfilgapenkom,-4,4,-1,1
8,9,0,4492,PUSH,-1,bchdfgoljpmeanki,-4,1
8,9,1,4492,DEL_EXPLORED,-1
8,9,2,4492,PUSH,1,bcdagjhefplinkom,4,-1
8,9,3,4492,DEL_EXPLORED,-4
8,9,4,4492,DEL_CUTOFF,1
8,9,0,4493,DEL_EXPLORED,1
8,9,1,4493,DEL_CUTOFF,4
8,9,2,4493,DEL_EXPLORED,-1
8,9,3,4493,POP,4,bcehfgadjplmnkio
8,9,4,4493,DEL_EXPLORED,-1
8,9,0,4494,DEL_CUTOFF,-4
8,9,1,4494,POP,1,bcdafghijpemnklo
8,9,2,4494,DEL_CUTOFF,4
8,9,3,4494,POP,-1,bcahfgedjplmnkio
8,9,4,4494,DEL_CUTOFF,4
8,9,0,4495,POP,-1,bchdfgoljpmeanki
8,9,1,4495,PUSH,-1,bacdfghijpemnklo,4,-1,1
8,9,2,4495,POP,1,bcdagjhefplinkom
8,9,3,4495,DEL_EXPLORED,4
8,9,4,4495,DEL_CUTOFF,-4
8,9,0,4496,PUSH,-4,bchdfgoljamenpki,-4,4,-1,1
8,9,1,4496,DEL_EXPLORED,1
8,9,2,4496,PUSH,-1,bacdgjhefplinkom,4,-1,1
8,9,3,4496,POP,-4,bchafgedjplmnkio
8,9,4,4496,POP,1,bchdjfilgapenkom
8,9,0,4497,DEL_CUTOFF,1
8,9,1,4497,DEL_CUTOFF,-1
8,9,2,4497,DEL_EXPLORED,1
8,9,3,4497,POP,1,bchdfgeajplmnkio
8,9,4,4497,PUSH,4,bchdjfilngpeakom,-4,1
8,9,0,4498,DEL_CUTOFF,-1
8,9,1,4498,DEL_CUTOFF,4
8,9,2,4498,DEL_CUTOFF,-1
8,9,3,4498,PUSH,-1,bchdfagejplmnkio,-4,4,-1,1
8,9,4,4498,DEL_CUTOFF,1
8,9,0,4499,DEL_EXPLORED,4
8,9,1,4499,POP,-1,bacdfghijpemnklo
8,9,2,4499,DEL_CUTOFF,4
8,9,3,4499,DEL_EXPLORED,1
8,9,4,4499,DEL_EXPLORED,-4
8,9,0,4500,DEL_CUTOFF,-4
8,9,1,4500,DEL_EXPLORED,4
8,9,2,4500,POP,-1,bacdgjhefplinkom
8,9,3,4500,PUSH,-1,bchdafgejplmnkio,-4,4,1
8,9,4,4500,POP,4,bchdjfilngpeakom
8,9,0,4501,POP,-4,bchdfgoljamenpki
8,9,1,4501,POP,-4,bcadfghijpemnklo
8,9,2,4501,DEL_EXPLORED,4
8,9,3,4501,DEL_EXPLORED,1
8,9,4,4501,DEL_EXPLORED,-4
8,9,0,4502,POP,-1,bchdfgoljpmenaki
8,9,1,4502,POP,-4,bchdfgaijpemnklo
8,9,2,4502,POP,-4,bcadgjhefplinkom
8,9,3,4502,PUSH,4,bchdjfgeaplmnkio,-4,4,1
8,9,4,4502,POP,4,bchdjfilagpenkom
8,9,0,4503,DEL_EXPLORED,-4
8,9,1,4503,POP,-4,bchdfgeijpamnklo
8,9,2,4503,POP,-4,bchdgjaefplinkom
8,9,3,4503,PUSH,1,bchdjfgepalmnkio,-4,4,-1,1
8,9,4,4503,PUSH,-4,achdbfiljgpenkom,4,1
8,9,0,4504,POP,4,bchdfgoljpmenkai
8,9,1,4504,POP,-1,bchdfgeijplmnkao
8,9,2,4504,POP,1,bchdgjlefpainkom
8,9,3,4504,DEL_CUTOFF,1
8,9,4,4504,PUSH,1,cahdbfiljgpenkom,4,-1,1
8,9,0,4505,DEL_EXPLORED,-4
8,9,1,4505,DEL_EXPLORED,-4
8,9,2,4505,PUSH,-1,bchdgjleafpinkom,-4,4,1
8,9,3,4505,DEL_EXPLORED,-1
8,9,4,4505,DEL_CUTOFF,1
8,9,0,4506,POP,4,bchdfgoljpaenkmi
8,9,1,4506,POP,4,bchdfgeijplmnkoa
8,9,2,4506,DEL_EXPLORED,1
8,9,3,4506,DEL_CUTOFF,4
8,9,4,4506,DEL_EXPLORED,-1
8,9,0,4507,PUSH,-4,bcadfghljpoenkmi,4,-1,1
8,9,1,4507,DEL_EXPLORED,-4
8,9,2,4507,PUSH,4,bchdgjlenfpiakom,-4,1
8,9,3,4507,DEL_CUTOFF,-4
8,9,4,4507,DEL_CUTOFF,4
8,9,0,4508,PUSH,1,bcdafghljpoenkmi,4,-1
8,9,1,4508,POP,4,bchdfgeijplankom
8,9,2,4508,PUSH,1,bchdgjlenfpikaom,-4,-1,1
8,9,3,4508,POP,1,bchdjfgepalmnkio
8,9,4,4508,POP,1,cahdbfiljgpenkom
8,9,0,4509,DEL_EXPLORED,-1
8,9,1,4509,PUSH,-4,bchafgedjplinkom,4,-1
8,9,2,4509,PUSH,1,bchdgjlenfpikoam,-4,-1,1
8,9,3,4509,PUSH,4,bchdjfgenplmakio,-4,1
8,9,4,4509,DEL_EXPLORED,4
8,9,0,4510,PUSH,4,bcdlfghajpoenkmi,-4,4,-1
8,9,1,4510,PUSH,-1,bcahfgedjplinkom,4,-1,1
8,9,2,4510,DEL_CUTOFF,1
8,9,3,4510,DEL_CUTOFF,1
8,9,4,4510,POP,-4,achdbfiljgpenkom
8,9,0,4511,PUSH,-1,bcdlfgahjpoenkmi,-4,4,-1,1
8,9,1,4511,DEL_EXPLORED,1
8,9,2,4511,DEL_EXPLORED,-1
8,9,3,4511,DEL_EXPLORED,-4
8,9,4,4511,POP,-1,bchdafiljgpenkom
8,9,0,4512,DEL_EXPLORED,1
8,9,1,4512,PUSH,-1,bachfgedjplinkom,4,-1,1
8,9,2,4512,DEL_CUTOFF,-4
8,9,3,4512,POP,4,bchdjfgenplmakio
8,9,4,4512,DEL_EXPLORED,4
8,9,0,4513,DEL_CUTOFF,-1
8,9,1,4513,DEL_EXPLORED,1
8,9,2,4513,POP,1,bchdgjlenfpikoam
8,9,3,4513,DEL_EXPLORED,-4
8,9,4,4513,PUSH,-4,bahdfciljgpenkom,4,-1,1
8,9,0,4514,DEL_CUTOFF,4
8,9,1,4514,PUSH,-1,abchfgedjplinkom,4,1
8,9,2,4514,DEL_EXPLORED,-1
8,9,3,4514,POP,4,bchdjfgeaplmnkio
8,9,4,4514,PUSH,1,bhadfciljgpenkom,4,-1,1
8,9,0,4515,DEL_CUTOFF,-4
8,9,1,4515,DEL_EXPLORED,1
8,9,2,4515,PUSH,-4,bchdgjlenapikfom,-4,4,-1,1
8,9,3,4515,PUSH,-4,achdbfgejplmnkio,4,1
8,9,4,4515,PUSH,1,bhdafciljgpenkom,4,-1
8,9,0,4516,POP,-1,bcdlfgahjpoenkmi
8,9,1,4516,PUSH,4,fbchagedjplinkom,-4,4,1
8,9,2,4516,DEL_CUTOFF,1
8,9,3,4516,PUSH,1,cahdbfgejplmnkio,4,-1,1
8,9,4,4516,DEL_EXPLORED,-1
8,9,0,4517,PUSH,4,bcdlfghejpoankmi,-4,4,-1
8,9,1,4517,PUSH,1,fbchgaedjplinkom,-4,4,-1,1
8,9,2,4517,DEL_CUTOFF,-1
8,9,3,4517,DEL_CUTOFF,1
8,9,4,4517,DEL_CUTOFF,4
8,9,0,4518,DEL_CUTOFF,-1
8,9,1,4518,PUSH,1,fbchgeadjplinkom,-4,4,-1,1
8,9,2,4518,DEL_EXPLORED,4
8,9,3,4518,DEL_EXPLORED,-1
8,9,4,4518,POP,1,bhdafciljgpenkom
8,9,0,4519,DEL_CUTOFF,4
8,9,1,4519,DEL_CUTOFF,1
8,9,2,4519,DEL_CUTOFF,-4
8,9,3,4519,DEL_CUTOFF,4
8,9,4,4519,DEL_EXPLORED,-1
8,9,0,4520,DEL_EXPLORED,-4
8,9,1,4520,DEL_EXPLORED,-1
8,9,2,4520,POP,-4,bchdgjlenapikfom
8,9,3,4520,POP,1,cahdbfgejplmnkio
8,9,4,4520,PUSH,4,bhidfcaljgpenkom,-4,4,-1,1
8,9,0,4521,POP,4,bcdlfghejpoankmi
8,9,1,4521,DEL_CUTOFF,4
8,9,2,4521,POP,1,bchdgjlenfpikaom
8,9,3,4521,DEL_EXPLORED,4
8,9,4,4521,DEL_CUTOFF,1
8,9,0,4522,DEL_EXPLORED,-4
8,9,1,4522,DEL_CUTOFF,-4
8,9,2,4522,DEL_EXPLORED,-4
8,9,3,4522,POP,-4,achdbfgejplmnkio
8,9,4,4522,DEL_CUTOFF,-1
8,9,0,4523,POP,4,bcdlfghajpoenkmi
8,9,1,4523,POP,1,fbchgeadjplinkom
8,9,2,4523,POP,4,bchdgjlenfpiakom
8,9,3,4523,POP,-1,bchdafgejplmnkio
8,9,4,4523,DEL_CUTOFF,4
8,9,0,4524,POP,1,bcdafghljpoenkmi
8,9,1,4524,DEL_EXPLORED,-1
8,9,2,4524,PUSH,-4,bchdajlegfpinkom,-4,4,1
8,9,3,4524,PUSH,4,bchdfpgejalmnkio,-4,4,-1,1
8,9,4,4524,DEL_EXPLORED,-4
8,9,0,4525,PUSH,-1,bacdfghljpoenkmi,4,-1,1
8,9,1,4525,PUSH,4,fbchgpedjalinkom,-4,4,-1,1
8,9,2,4525,PUSH,1,bchdjalegfpinkom,-4,4,-1,1
8,9,3,4525,PUSH,1,bchdfpgejlamnkio,-4,4,-1,1
8,9,4,4525,POP,4,bhidfcaljgpenkom
8,9,0,4526,DEL_EXPLORED,1
8,9,1,4526,DEL_CUTOFF,1
8,9,2,4526,PUSH,1,bchdjlaegfpinkom,-4,4,-1,1
8,9,3,4526,PUSH,1,bchdfpgejlmankio,-4,4,-1
8,9,4,4526,POP,1,bhadfciljgpenkom
8,9,0,4527,PUSH,-1,abcdfghljpoenkmi,4,1
8,9,1,4527,DEL_CUTOFF,-1
8,9,2,4527,DEL_CUTOFF,1
8,9,3,4527,DEL_EXPLORED,-1
8,9,4,4527,PUSH,-1,abhdfciljgpenkom,4,1
8,9,0,4528,DEL_EXPLORED,1
8,9,1,4528,DEL_CUTOFF,4
8,9,2,4528,DEL_EXPLORED,-1
8,9,3,4528,DEL_CUTOFF,4
8,9,4,4528,DEL_EXPLORED,1
8,9,0,4529,PUSH,4,fbcdaghljpoenkmi,-4,4,1
8,9,1,4529,DEL_EXPLORED,-4
8,9,2,4529,DEL_CUTOFF,4
8,9,3,4529,DEL_CUTOFF,-4
8,9,4,4529,PUSH,4,fbhdaciljgpenkom,-4,4,1
8,9,0,4530,DEL_CUTOFF,1
8,9,1,4530,POP,4,fbchgpedjalinkom
8,9,2,4530,DEL_CUTOFF,-4
8,9,3,4530,POP,1,bchdfpgejlmankio
8,9,4,4530,DEL_CUTOFF,1
8,9,0,4531,DEL_CUTOFF,4
8,9,1,4531,PUSH,-4,fachgbedjplinkom,4,-1,1
8,9,2,4531,POP,1,bchdjlaegfpinkom
8,9,3,4531,DEL_EXPLORED,-1
8,9,4,4531,DEL_CUTOFF,4
8,9,0,4532,DEL_EXPLORED,-4
8,9,1,4532,DEL_CUTOFF,1
8,9,2,4532,DEL_EXPLORED,-1
8,9,3,4532,PUSH,4,bchdfpgejlimnkao,-4,-1,1
8,9,4,4532,DEL_EXPLORED,-4
8,9,0,4533,POP,4,fbcdaghljpoenkmi
8,9,1,4533,DEL_CUTOFF,-1
8,9,2,4533,PUSH,4,bchdjflegapinkom,-4,4,-1,1
8,9,3,4533,DEL_CUTOFF,1
8,9,4,4533,POP,4,fbhdaciljgpenkom
8,9,0,4534,POP,-1,abcdfghljpoenkmi
8,9,1,4534,DEL_EXPLORED,4
8,9,2,4534,DEL_CUTOFF,1
8,9,3,4534,DEL_CUTOFF,-1
8,9,4,4534,POP,-1,abhdfciljgpenkom
8,9,0,4535,PUSH,4,bgcdfahljpoenkmi,-4,4,-1,1
8,9,1,4535,POP,-4,fachgbedjplinkom
8,9,2,4535,DEL_CUTOFF,-1
8,9,3,4535,DEL_EXPLORED,-4
8,9,4,4535,DEL_EXPLORED,4
8,9,0,4536,PUSH,1,bgcdfhaljpoenkmi,-4,4,-1,1
8,9,1,4536,POP,1,fbchgaedjplinkom
8,9,2,4536,DEL_CUTOFF,4
8,9,3,4536,POP,4,bchdfpgejlimnkao
8,9,4,4536,POP,-4,bahdfciljgpenkom
8,9,0,4537,DEL_CUTOFF,1
8,9,1,4537,PUSH,4,fbchjgedaplinkom,-4,4,1
8,9,2,4537,DEL_EXPLORED,-4
8,9,3,4537,PUSH,-4,bchdfpaejlgmnkio,-4,4,-1,1
8,9,4,4537,POP,-4,bchdfailjgpenkom
8,9,0,4538,DEL_EXPLORED,-1
8,9,1,4538,PUSH,1,fbchjgedpalinkom,-4,4,-1,1
8,9,2,4538,POP,4,bchdjflegapinkom
8,9,3,4538,DEL_CUTOFF,1
8,9,4,4538,POP,-1,bchdfgiljapenkom
8,9,0,4539,DEL_CUTOFF,4
8,9,1,4539,DEL_CUTOFF,1
8,9,2,4539,PUSH,-4,bahdjclegfpinkom,4,-1,1
8,9,3,4539,DEL_CUTOFF,-1
8,9,4,4539,PUSH,4,bchdfgiljpoenkam,-4,-1,1
8,9,0,4540,DEL_CUTOFF,-4
8,9,1,4540,DEL_EXPLORED,-1
8,9,2,4540,DEL_CUTOFF,1
8,9,3,4540,DEL_EXPLORED,4
8,9,4,4540,PUSH,1,bchdfgiljpoenkma,-4,-1
8,9,0,4541,POP,1,bgcdfhaljpoenkmi
8,9,1,4541,DEL_CUTOFF,4
8,9,2,4541,DEL_CUTOFF,-1
8,9,3,4541,DEL_CUTOFF,-4
8,9,4,4541,DEL_EXPLORED,-1
8,9,0,4542,PUSH,-1,bgcdafhljpoenkmi,-4,4,1
8,9,1,4542,DEL_CUTOFF,-4
8,9,2,4542,DEL_EXPLORED,4
8,9,3,4542,POP,-4,bchdfpaejlgmnkio
8,9,4,4542,PUSH,-4,bchdfgiljpoankme,-4,4,-1
8,9,0,4543,DEL_EXPLORED,1
8,9,1,4543,POP,1,fbchjgedpalinkom
8,9,2,4543,POP,-4,bahdjclegfpinkom
8,9,3,4543,POP,1,bchdfpgejlamnkio
8,9,4,4543,PUSH,-1,bchdfgiljpaonkme,-4,4,-1,1
8,9,0,4544,DEL_CUTOFF,4
8,9,1,4544,PUSH,4,fbchjgednpliakom,-4,1
8,9,2,4544,POP,1,bchdjalegfpinkom
8,9,3,4544,PUSH,-1,bchdfpgeajlmnkio,-4,4,1
8,9,4,4544,DEL_EXPLORED,1
8,9,0,4545,DEL_CUTOFF,-4
8,9,1,4545,DEL_CUTOFF,1
8,9,2,4545,DEL_EXPLORED,4
8,9,3,4545,DEL_EXPLORED,1
8,9,4,4545,PUSH,-1,bchdfgiljaponkme,-4,4,-1,1
8,9,0,4546,POP,-1,bgcdafhljpoenkmi
8,9,1,4546,DEL_EXPLORED,-4
8,9,2,4546,PUSH,-4,achdbjlegfpinkom,4,1
8,9,3,4546,PUSH,4,bchdfpgenjlmakio,-4,1
8,9,4,4546,DEL_EXPLORED,1
8,9,0,4547,PUSH,4,bgcdfphljaoenkmi,-4,4,-1,1
8,9,1,4547,POP,4,fbchjgednpliakom
8,9,2,4547,PUSH,1,cahdbjlegfpinkom,4,-1,1
8,9,3,4547,DEL_CUTOFF,1
8,9,4,4547,DEL_CUTOFF,-1
8,9,0,4548,DEL_CUTOFF,1
8,9,1,4548,DEL_EXPLORED,-4
8,9,2,4548,DEL_CUTOFF,1
8,9,3,4548,DEL_EXPLORED,-4
8,9,4,4548,DEL_CUTOFF,4
8,9,0,4549,DEL_CUTOFF,-1
8,9,1,4549,POP,4,fbchjgedaplinkom
8,9,2,4549,DEL_EXPLORED,-1
8,9,3,4549,POP,4,bchdfpgenjlmakio
8,9,4,4549,DEL_CUTOFF,-4
8,9,0,4550,DEL_CUTOFF,4
8,9,1,4550,DEL_EXPLORED,-4
8,9,2,4550,DEL_CUTOFF,4
8,9,3,4550,PUSH,-4,bchdapgefjlmnkio,-4,4,1
8,9,4,4550,POP,-1,bchdfgiljaponkme
8,9,0,4551,DEL_EXPLORED,-4
8,9,1,4551,POP,4,fbchagedjplinkom
8,9,2,4551,POP,1,cahdbjlegfpinkom
8,9,3,4551,DEL_CUTOFF,1
8,9,4,4551,PUSH,4,bchdfgiljpmonkae,-4,-1,1
8,9,0,4552,POP,4,bgcdfphljaoenkmi
8,9,1,4552,POP,-1,abchfgedjplinkom
8,9,2,4552,DEL_EXPLORED,4
8,9,3,4552,DEL_EXPLORED,4
8,9,4,4552,DEL_CUTOFF,1
8,9,0,4553,DEL_EXPLORED,-4
8,9,1,4553,PUSH,4,bgchfaedjplinkom,-4,4,-1,1
8,9,2,4553,POP,-4,achdbjlegfpinkom
8,9,3,4553,DEL_CUTOFF,-4
8,9,4,4553,DEL_CUTOFF,-1
8,9,0,4554,POP,4,bgcdfahljpoenkmi
8,9,1,4554,PUSH,1,bgchfeadjplinkom,-4,4,-1,1
8,9,2,4554,POP,-4,bchdajlegfpinkom
8,9,3,4554,POP,-4,bchdapgefjlmnkio
8,9,4,4554,DEL_EXPLORED,-4
8,9,0,4555,POP,-1,bacdfghljpoenkmi
8,9,1,4555,PUSH,1,bgchfedajplinkom,-4,4,-1
8,9,2,4555,POP,-1,bchdgjleafpinkom
8,9,3,4555,POP,-1,bchdfpgeajlmnkio
8,9,4,4555,POP,4,bchdfgiljpmonkae
8,9,0,4556,DEL_EXPLORED,4
8,9,1,4556,DEL_EXPLORED,-1
8,9,2,4556,PUSH,4,bchdgjlefkpinaom,-4,-1,1
8,9,3,4556,PUSH,4,bchdfpgejklmnaio,-4,-1,1
8,9,4,4556,PUSH,-4,bchdfgaljpionkme,-4,4,-1,1
8,9,0,4557,POP,-4,bcadfghljpoenkmi
8,9,1,4557,PUSH,4,bgchfedijplankom,-4,4,-1
8,9,2,4557,PUSH,1,bchdgjlefkpinoam,-4,-1,1
8,9,3,4557,PUSH,1,bchdfpgejklmniao,-4,-1,1
8,9,4,4557,DEL_CUTOFF,1
8,9,0,4558,POP,-1,bchdfgaljpoenkmi
8,9,1,4558,DEL_CUTOFF,-1
8,9,2,4558,PUSH,1,bchdgjlefkpinoma,-4,-1
8,9,3,4558,DEL_CUTOFF,1
8,9,4,4558,DEL_CUTOFF,-1
8,9,0,4559,DEL_EXPLORED,4
8,9,1,4559,DEL_CUTOFF,4
8,9,2,4559,DEL_EXPLORED,-1
8,9,3,4559,DEL_EXPLORED,-1
8,9,4,4559,DEL_EXPLORED,4
8,9,0,4560,PUSH,-4,bchafgldjpoenkmi,4,-1
8,9,1,4560,DEL_EXPLORED,-4
8,9,2,4560,PUSH,-4,bchdgjlefkpanomi,-4,4,-1
8,9,3,4560,DEL_CUTOFF,-4
8,9,4,4560,DEL_CUTOFF,-4
8,9,0,4561,PUSH,-1,bcahfgldjpoenkmi,4,-1,1
8,9,1,4561,POP,4,bgchfedijplankom
8,9,2,4561,DEL_CUTOFF,-1
8,9,3,4561,POP,1,bchdfpgejklmniao
8,9,4,4561,POP,-4,bchdfgaljpionkme
8,9,0,4562,DEL_EXPLORED,1
8,9,1,4562,PUSH,-4,bgcafedhjplinkom,4,-1
8,9,2,4562,DEL_EXPLORED,4
8,9,3,4562,PUSH,-1,bchdfpgejklmanio,-4,1
8,9,4,4562,POP,-1,bchdfgiljpaonkme
8,9,0,4563,PUSH,-1,bachfgldjpoenkmi,4,-1,1
8,9,1,4563,DEL_CUTOFF,-1
8,9,2,4563,DEL_CUTOFF,-4
8,9,3,4563,DEL_EXPLORED,1
8,9,4,4563,DEL_EXPLORED,4
8,9,0,4564,DEL_EXPLORED,1
8,9,1,4564,DEL_EXPLORED,4
8,9,2,4564,POP,-4,bchdgjlefkpanomi
8,9,3,4564,DEL_CUTOFF,-4
8,9,4,4564,PUSH,-4,bchdfgiajpolnkme,-4,4,-1
8,9,0,4565,PUSH,-1,abchfgldjpoenkmi,4,1
8,9,1,4565,POP,-4,bgcafedhjplinkom
8,9,2,4565,POP,1,bchdgjlefkpinoma
8,9,3,4565,POP,-1,bchdfpgejklmanio
8,9,4,4565,PUSH,-1,bchdfgaijpolnkme,-4,4,-1,1
8,9,0,4566,DEL_EXPLORED,1
8,9,1,4566,POP,1,bgchfedajplinkom
8,9,2,4566,DEL_EXPLORED,-1
8,9,3,4566,DEL_EXPLORED,-4
8,9,4,4566,DEL_EXPLORED,1
8,9,0,4567,PUSH,4,fbchagldjpoenkmi,-4,4,1
8,9,1,4567,DEL_EXPLORED,-1
8,9,2,4567,PUSH,-4,bchdgjlefkainopm,-4,4,-1,1
8,9,3,4567,POP,4,bchdfpgejklmnaio
8,9,4,4567,DEL_CUTOFF,-1
8,9,0,4568,DEL_CUTOFF,1
8,9,1,4568,PUSH,4,bgchfeldjpainkom,-4,4,-1,1
8,9,2,4568,PUSH,1,bchdgjlefkianopm,-4,4,-1
8,9,3,4568,DEL_EXPLORED,-4
8,9,4,4568,DEL_CUTOFF,4
8,9,0,4569,DEL_CUTOFF,4
8,9,1,4569,PUSH,1,bgchfeldjpiankom,-4,4,-1
8,9,2,4569,DEL_EXPLORED,-1
8,9,3,4569,POP,4,bchdfpgejalmnkio
8,9,4,4569,DEL_CUTOFF,-4
8,9,0,4570,DEL_EXPLORED,-4
8,9,1,4570,DEL_EXPLORED,-1
8,9,2,4570,DEL_CUTOFF,4
8,9,3,4570,PUSH,-4,bahdfcgejplmnkio,4,-1,1
8,9,4,4570,POP,-1,bchdfgaijpolnkme
8,9,0,4571,POP,4,fbchagldjpoenkmi
8,9,1,4571,DEL_CUTOFF,4
8,9,2,4571,DEL_CUTOFF,-4
8,9,3,4571,PUSH,1,bhadfcgejplmnkio,4,-1,1
8,9,4,4571,DEL_EXPLORED,4
8,9,0,4572,POP,-1,abchfgldjpoenkmi
8,9,1,4572,DEL_CUTOFF,-4
8,9,2,4572,POP,1,bchdgjlefkianopm
8,9,3,4572,PUSH,1,bhdafcgejplmnkio,4,-1
8,9,4,4572,PUSH,-4,bchafgidjpolnkme,4,-1
8,9,0,4573,PUSH,4,bgchfaldjpoenkmi,-4,4,-1,1
8,9,1,4573,POP,1,bgchfeldjpiankom
8,9,2,4573,PUSH,-1,bchdgjlefakinopm,-4,4,-1,1
8,9,3,4573,DEL_EXPLORED,-1
8,9,4,4573,DEL_CUTOFF,-1
8,9,0,4574,PUSH,1,bgchfladjpoenkmi,-4,4,-1,1
8,9,1,4574,PUSH,-1,bgchfeldjapinkom,-4,4,-1,1
8,9,2,4574,DEL_EXPLORED,1
8,9,3,4574,DEL_CUTOFF,4
8,9,4,4574,DEL_EXPLORED,4
8,9,0,4575,DEL_CUTOFF,1
8,9,1,4575,DEL_EXPLORED,1
8,9,2,4575,DEL_CUTOFF,-1
8,9,3,4575,POP,1,bhdafcgejplmnkio
8,9,4,4575,POP,-4,bchafgidjpolnkme
8,9,0,4576,DEL_EXPLORED,-1
8,9,1,4576,DEL_CUTOFF,-1
8,9,2,4576,DEL_CUTOFF,4
8,9,3,4576,DEL_EXPLORED,-1
8,9,4,4576,POP,-4,bchdfgiajpolnkme
8,9,0,4577,DEL_CUTOFF,4
8,9,1,4577,DEL_CUTOFF,4
8,9,2,4577,DEL_CUTOFF,-4
8,9,3,4577,PUSH,4,bhgdfcaejplmnkio,-4,4,-1,1
8,9,4,4577,POP,-4,bchdfgiljpoankme
8,9,0,4578,DEL_CUTOFF,-4
8,9,1,4578,DEL_CUTOFF,-4
8,9,2,4578,POP,-1,bchdgjlefakinopm
8,9,3,4578,DEL_CUTOFF,1
8,9,4,4578,POP,1,bchdfgiljpoenkma
8,9,0,4579,POP,1,bgchfladjpoenkmi
8,9,1,4579,POP,-1,bgchfeldjapinkom
8,9,2,4579,DEL_EXPLORED,4
8,9,3,4579,DEL_CUTOFF,-1
8,9,4,4579,PUSH,-1,bchdfgiljpoenakm,-4,-1,1
8,9,0,4580,PUSH,-1,bgchafldjpoenkmi,-4,4,1
8,9,1,4580,PUSH,4,bgchfeldjpoinkam,-4,-1,1
8,9,2,4580,PUSH,-4,bchdgjaefklinopm,-4,4,-1,1
8,9,3,4580,DEL_CUTOFF,4
8,9,4,4580,DEL_EXPLORED,1
8,9,0,4581,DEL_EXPLORED,1
8,9,1,4581,DEL_CUTOFF,1
8,9,2,4581,DEL_CUTOFF,1
8,9,3,4581,DEL_EXPLORED,-4
8,9,4,4581,PUSH,-1,bchdfgiljpoeankm,-4,1
8,9,0,4582,DEL_CUTOFF,4
8,9,1,4582,DEL_CUTOFF,-1
8,9,2,4582,DEL_CUTOFF,-1
8,9,3,4582,POP,4,bhgdfcaejplmnkio
8,9,4,4582,DEL_EXPLORED,1
8,9,0,4583,DEL_CUTOFF,-4
8,9,1,4583,DEL_EXPLORED,-4
8,9,2,4583,DEL_EXPLORED,4
8,9,3,4583,POP,1,bhadfcgejplmnkio
8,9,4,4583,PUSH,-4,bchdfgilapoejnkm,-4,4,1
8,9,0,4584,POP,-1,bgchafldjpoenkmi
8,9,1,4584,POP,4,bgchfeldjpoinkam
8,9,2,4584,DEL_CUTOFF,-4
8,9,3,4584,PUSH,-1,abhdfcgejplmnkio,4,1
8,9,4,4584,PUSH,1,bchdfgilpaoejnkm,-4,4,-1,1
8,9,0,4585,PUSH,4,bgchfpldjaoenkmi,-4,4,-1,1
8,9,1,4585,DEL_EXPLORED,-4
8,9,2,4585,POP,-4,bchdgjaefklinopm
8,9,3,4585,DEL_EXPLORED,1
8,9,4,4585,DEL_CUTOFF,1
8,9,0,4586,DEL_CUTOFF,1
8,9,1,4586,POP,4,bgchfeldjpainkom
8,9,2,4586,POP,-4,bchdgjlefkainopm
8,9,3,4586,PUSH,4,fbhdacgejplmnkio,-4,4,1
8,9,4,4586,DEL_EXPLORED,-1
8,9,0,4587,DEL_CUTOFF,-1
8,9,1,4587,PUSH,-4,bgahfecdjplinkom,4,-1,1
8,9,2,4587,POP,1,bchdgjlefkpinoam
8,9,3,4587,DEL_CUTOFF,1
8,9,4,4587,DEL_CUTOFF,4
8,9,0,4588,DEL_CUTOFF,4
8,9,1,4588,PUSH,1,bghafecdjplinkom,4,-1
8,9,2,4588,PUSH,-1,bchdgjlefkpianom,-4,1
8,9,3,4588,DEL_CUTOFF,4
8,9,4,4588,DEL_CUTOFF,-4
8,9,0,4589,DEL_EXPLORED,-4
8,9,1,4589,DEL_EXPLORED,-1
8,9,2,4589,DEL_EXPLORED,1
8,9,3,4589,DEL_EXPLORED,-4
8,9,4,4589,POP,1,bchdfgilpaoejnkm
8,9,0,4590,POP,4,bgchfpldjaoenkmi
8,9,1,4590,DEL_CUTOFF,4
8,9,2,4590,PUSH,-4,bchdgjleakpifnom,-4,4,1
8,9,3,4590,POP,4,fbhdacgejplmnkio
8,9,4,4590,DEL_EXPLORED,4
8,9,0,4591,DEL_EXPLORED,-4
8,9,1,4591,POP,1,bghafecdjplinkom
8,9,2,4591,PUSH,1,bchdgjlekapifnom,-4,4,-1,1
8,9,3,4591,POP,-1,abhdfcgejplmnkio
8,9,4,4591,PUSH,-4,bchdagilfpoejnkm,-4,4,1
8,9,0,4592,POP,4,bgchfaldjpoenkmi
8,9,1,4592,PUSH,-1,baghfecdjplinkom,4,-1,1
8,9,2,4592,DEL_CUTOFF,1
8,9,3,4592,DEL_EXPLORED,4
8,9,4,4592,DEL_CUTOFF,1
8,9,0,4593,POP,-1,bachfgldjpoenkmi
8,9,1,4593,DEL_EXPLORED,1
8,9,2,4593,DEL_EXPLORED,-1
8,9,3,4593,POP,-4,bahdfcgejplmnkio
8,9,4,4593,DEL_EXPLORED,4
8,9,0,4594,PUSH,4,bclhfgadjpoenkmi,-4,4,-1,1
8,9,1,4594,DEL_CUTOFF,-1
8,9,2,4594,DEL_CUTOFF,4
8,9,3,4594,POP,-1,bchdfagejplmnkio
8,9,4,4594,DEL_CUTOFF,-4
8,9,0,4595,PUSH,1,bclhfgdajpoenkmi,-4,4,-1
8,9,1,4595,DEL_CUTOFF,4
8,9,2,4595,DEL_CUTOFF,-4
8,9,3,4595,DEL_EXPLORED,4
8,9,4,4595,POP,-4,bchdagilfpoejnkm
8,9,0,4596,DEL_EXPLORED,-1
8,9,1,4596,POP,-1,baghfecdjplinkom
8,9,2,4596,POP,1,bchdgjlekapifnom
8,9,3,4596,PUSH,-4,bcadfghejplmnkio,4,-1,1
8,9,4,4596,POP,-4,bchdfgilapoejnkm
8,9,0,4597,PUSH,4,bclhfgdejpoankmi,-4,4,-1
8,9,1,4597,DEL_EXPLORED,4
8,9,2,4597,DEL_EXPLORED,4
8,9,3,4597,PUSH,1,bcdafghejplmnkio,4,-1
8,9,4,4597,POP,-1,bchdfgiljpoeankm
8,9,0,4598,DEL_CUTOFF,-1
8,9,1,4598,POP,-4,bgahfecdjplinkom
8,9,2,4598,PUSH,-4,bchdajlegkpifnom,-4,4,1
8,9,3,4598,DEL_EXPLORED,-1
8,9,4,4598,PUSH,-4,bchdfgiljaoenpkm,-4,4,-1,1
8,9,0,4599,DEL_CUTOFF,4
8,9,1,4599,POP,1,bgchfeadjplinkom
8,9,2,4599,DEL_CUTOFF,1
8,9,3,4599,PUSH,4,bcdefghajplmnkio,-4,4,-1
8,9,4,4599,PUSH,1,bchdfgiljoaenpkm,-4,4,-1,1
8,9,0,4600,DEL_EXPLORED,-4
8,9,1,4600,PUSH,-1,bgchafedjplinkom,-4,4,1
8,9,2,4600,DEL_EXPLORED,4
8,9,3,4600,PUSH,-1,bcdefgahjplmnkio,-4,4,-1,1
8,9,4,4600,PUSH,1,bchdfgiljoeanpkm,-4,4,-1
8,9,0,4601,POP,4,bclhfgdejpoankmi
8,9,1,4601,DEL_EXPLORED,1
8,9,2,4601,DEL_CUTOFF,-4
8,9,3,4601,DEL_EXPLORED,1
8,9,4,4601,DEL_EXPLORED,-1
8,9,0,4602,PUSH,-4,bclafgdhjpoenkmi,4,-1
8,9,1,4602,PUSH,4,bgchjfedaplinkom,-4,4,1
8,9,2,4602,POP,-4,bchdajlegkpifnom
8,9,3,4602,DEL_CUTOFF,-1
8,9,4,4602,DEL_CUTOFF,4
8,9,0,4603,DEL_CUTOFF,-1
8,9,1,4603,PUSH,1,bgchjfedpalinkom,-4,4,-1,1
8,9,2,4603,POP,-4,bchdgjleakpifnom
8,9,3,4603,DEL_CUTOFF,4
8,9,4,4603,DEL_CUTOFF,-4
8,9,0,4604,DEL_EXPLORED,4
8,9,1,4604,DEL_CUTOFF,1
8,9,2,4604,POP,-1,bchdgjlefkpianom
8,9,3,4604,DEL_CUTOFF,-4
8,9,4,4604,POP,1,bchdfgiljoeanpkm
8,9,0,4605,POP,-4,bclafgdhjpoenkmi
8,9,1,4605,DEL_EXPLORED,-1
8,9,2,4605,DEL_EXPLORED,-4
8,9,3,4605,POP,-1,bcdefgahjplmnkio
8,9,4,4605,DEL_EXPLORED,-1
8,9,0,4606,POP,1,bclhfgdajpoenkmi
8,9,1,4606,DEL_CUTOFF,4
8,9,2,4606,POP,4,bchdgjlefkpinaom
8,9,3,4606,PUSH,4,bcdefghmjplankio,-4,4,-1
8,9,4,4606,PUSH,4,bchdfgiljokenpam,-4,-1,1
8,9,0,4607,PUSH,-1,bclhfagdjpoenkmi,-4,4,-1,1
8,9,1,4607,DEL_CUTOFF,-4
8,9,2,4607,DEL_EXPLORED,-4
8,9,3,4607,DEL_CUTOFF,-1
8,9,4,4607,DEL_CUTOFF,1
8,9,0,4608,DEL_EXPLORED,1
8,9,1,4608,POP,1,bgchjfedpalinkom
8,9,2,4608,POP,4,bchdgjlefapinkom
8,9,3,4608,DEL_CUTOFF,4
8,9,4,4608,DEL_CUTOFF,-1
8,9,0,4609,PUSH,-1,bclhafgdjpoenkmi,-4,4,1
8,9,1,4609,PUSH,4,bgchjfednpliakom,-4,1
8,9,2,4609,PUSH,-4,bahdgclefjpinkom,4,-1,1
8,9,3,4609,DEL_EXPLORED,-4
8,9,4,4609,DEL_EXPLORED,-4
8,9,0,4610,DEL_EXPLORED,1
8,9,1,4610,DEL_CUTOFF,1
8,9,2,4610,PUSH,1,bhadgclefjpinkom,4,-1,1
8,9,3,4610,POP,4,bcdefghmjplankio
8,9,4,4610,POP,4,bchdfgiljokenpam
8,9,0,4611,DEL_CUTOFF,4
8,9,1,4611,DEL_EXPLORED,-4
8,9,2,4611,PUSH,1,bhdagclefjpinkom,4,-1
8,9,3,4611,DEL_EXPLORED,-4
8,9,4,4611,PUSH,-4,bchdfgaljoienpkm,-4,4,-1,1
8,9,0,4612,DEL_CUTOFF,-4
8,9,1,4612,POP,4,bgchjfednpliakom
8,9,2,4612,DEL_EXPLORED,-1
8,9,3,4612,POP,4,bcdefghajplmnkio
8,9,4,4612,DEL_CUTOFF,1
8,9,0,4613,POP,-1,bclhafgdjpoenkmi
8,9,1,4613,DEL_EXPLORED,-4
8,9,2,4613,PUSH,4,bhdegclafjpinkom,-4,4,-1
8,9,3,4613,POP,1,bcdafghejplmnkio
8,9,4,4613,DEL_CUTOFF,-1
8,9,0,4614,PUSH,4,bclhfpgdjaoenkmi,-4,4,-1,1
8,9,1,4614,POP,4,bgchjfedaplinkom
8,9,2,4614,PUSH,-1,bhdegcalfjpinkom,-4,4,-1,1
8,9,3,4614,PUSH,-1,bacdfghejplmnkio,4,-1,1
8,9,4,4614,DEL_EXPLORED,4
8,9,0,4615,DEL_CUTOFF,1
8,9,1,4615,PUSH,-4,agchbfedjplinkom,4,1
8,9,2,4615,DEL_EXPLORED,1
8,9,3,4615,DEL_EXPLORED,1
8,9,4,4615,DEL_CUTOFF,-4
8,9,0,4616,DEL_CUTOFF,-1
8,9,1,4616,PUSH,1,gachbfedjplinkom,4,-1,1
8,9,2,4616,DEL_CUTOFF,-1
8,9,3,4616,PUSH,-1,abcdfghejplmnkio,4,1
8,9,4,4616,POP,-4,bchdfgaljoienpkm
8,9,0,4617,DEL_CUTOFF,4
8,9,1,4617,DEL_CUTOFF,1
8,9,2,4617,DEL_CUTOFF,4
8,9,3,4617,DEL_EXPLORED,1
8,9,4,4617,POP,1,bchdfgiljoaenpkm
8,9,0,4618,DEL_EXPLORED,-4
8,9,1,4618,DEL_EXPLORED,-1
8,9,2,4618,DEL_CUTOFF,-4
8,9,3,4618,PUSH,4,fbcdaghejplmnkio,-4,4,1
8,9,4,4618,PUSH,-1,bchdfgilajoenpkm,-4,4,1
8,9,0,4619,POP,4,bclhfpgdjaoenkmi
8,9,1,4619,DEL_CUTOFF,4
8,9,2,4619,POP,-1,bhdegcalfjpinkom
8,9,3,4619,DEL_CUTOFF,1
8,9,4,4619,DEL_EXPLORED,1
8,9,0,4620,PUSH,-4,balhfcgdjpoenkmi,4,-1,1
8,9,1,4620,POP,1,gachbfedjplinkom
8,9,2,4620,PUSH,4,bhdegclifjpankom,-4,4,-1
8,9,3,4620,DEL_CUTOFF,4
8,9,4,4620,PUSH,4,bchdfgilnjoeapkm,-4,1
8,9,0,4621,DEL_CUTOFF,1
8,9,1,4621,DEL_EXPLORED,4
8,9,2,4621,DEL_CUTOFF,-1
8,9,3,4621,DEL_EXPLORED,-4
8,9,4,4621,DEL_CUTOFF,1
8,9,0,4622,DEL_CUTOFF,-1
8,9,1,4622,POP,-4,agchbfedjplinkom
8,9,2,4622,DEL_CUTOFF,4
8,9,3,4622,POP,4,fbcdaghejplmnkio
8,9,4,4622,DEL_EXPLORED,-4
8,9,0,4623,DEL_EXPLORED,4
8,9,1,4623,POP,-1,bgchafedjplinkom
8,9,2,4623,DEL_EXPLORED,-4
8,9,3,4623,POP,-1,abcdfghejplmnkio
8,9,4,4623,POP,4,bchdfgilnjoeapkm
8,9,0,4624,POP,-4,balhfcgdjpoenkmi
8,9,1,4624,PUSH,4,bgchfpedjalinkom,-4,4,-1,1
8,9,2,4624,POP,4,bhdegclifjpankom
8,9,3,4624,PUSH,4,bgcdfahejplmnkio,-4,4,-1,1
8,9,4,4624,PUSH,-4,bchdagilfjoenpkm,-4,4,1
8,9,0,4625,POP,-1,bclhfagdjpoenkmi
8,9,1,4625,PUSH,1,bgchfpedjlainkom,-4,4,-1,1
8,9,2,4625,DEL_EXPLORED,-4
8,9,3,4625,PUSH,1,bgcdfhaejplmnkio,-4,4,-1,1
8,9,4,4625,DEL_CUTOFF,1
8,9,0,4626,PUSH,4,bclhfgodjpaenkmi,-4,4,-1,1
8,9,1,4626,PUSH,1,bgchfpedjliankom,-4,4,-1
8,9,2,4626,POP,4,bhdegclafjpinkom
8,9,3,4626,DEL_CUTOFF,1
8,9,4,4626,DEL_EXPLORED,4
8,9,0,4627,PUSH,1,bclhfgodjpeankmi,-4,4,-1
8,9,1,4627,DEL_EXPLORED,-1
8,9,2,4627,POP,1,bhdagclefjpinkom
8,9,3,4627,DEL_EXPLORED,-1
8,9,4,4627,DEL_CUTOFF,-4
8,9,0,4628,DEL_EXPLORED,-1
8,9,1,4628,DEL_CUTOFF,4
8,9,2,4628,DEL_EXPLORED,-1
8,9,3,4628,DEL_CUTOFF,4
8,9,4,4628,POP,-4,bchdagilfjoenpkm
8,9,0,4629,DEL_CUTOFF,4
8,9,1,4629,DEL_CUTOFF,-4
8,9,2,4629,PUSH,4,bhldgcaefjpinkom,-4,4,-1,1
8,9,3,4629,DEL_CUTOFF,-4
8,9,4,4629,POP,-1,bchdfgilajoenpkm
8,9,0,4630,DEL_CUTOFF,-4
8,9,1,4630,POP,1,bgchfpedjliankom
8,9,2,4630,PUSH,1,bhldgceafjpinkom,-4,4,-1
8,9,3,4630,POP,1,bgcdfhaejplmnkio
8,9,4,4630,DEL_EXPLORED,4
8,9,0,4631,POP,1,bclhfgodjpeankmi
8,9,1,4631,DEL_EXPLORED,-1
8,9,2,4631,DEL_EXPLORED,-1
8,9,3,4631,PUSH,-1,bgcdafhejplmnkio,-4,4,1
8,9,4,4631,PUSH,-4,bchdfailjgoenpkm,-4,4,-1,1
8,9,0,4632,PUSH,-1,bclhfgodjapenkmi,-4,4,-1,1
8,9,1,4632,PUSH,4,bgchfpedjloinkam,-4,-1,1
8,9,2,4632,PUSH,4,bhldgceifjpankom,-4,4,-1
8,9,3,4632,DEL_EXPLORED,1
8,9,4,4632,PUSH,1,bchdfialjgoenpkm,-4,4,-1,1
8,9,0,4633,DEL_EXPLORED,1
8,9,1,4633,DEL_CUTOFF,1
8,9,2,4633,DEL_CUTOFF,-1
8,9,3,4633,DEL_CUTOFF,4
8,9,4,4633,DEL_CUTOFF,1
8,9,0,4634,DEL_CUTOFF,-1
8,9,1,4634,DEL_CUTOFF,-1
8,9,2,4634,DEL_CUTOFF,4
8,9,3,4634,DEL_CUTOFF,-4
8,9,4,4634,DEL_EXPLORED,-1
8,9,0,4635,DEL_CUTOFF,4
8,9,1,4635,DEL_EXPLORED,-4
8,9,2,4635,DEL_EXPLORED,-4
8,9,3,4635,POP,-1,bgcdafhejplmnkio
8,9,4,4635,DEL_CUTOFF,4
8,9,0,4636,DEL_CUTOFF,-4
8,9,1,4636,POP,4,bgchfpedjloinkam
8,9,2,4636,POP,4,bhldgceifjpankom
8,9,3,4636,PUSH,4,bgcdfphejalmnkio,-4,4,-1,1
8,9,4,4636,DEL_CUTOFF,-4
8,9,0,4637,POP,-1,bclhfgodjapenkmi
8,9,1,4637,PUSH,-4,bgchfpadjleinkom,-4,4,-1,1
8,9,2,4637,PUSH,-4,bhlagcedfjpinkom,4,-1
8,9,3,4637,DEL_CUTOFF,1
8,9,4,4637,POP,1,bchdfialjgoenpkm
8,9,0,4638,PUSH,4,bclhfgodjpmenkai,-4,-1,1
8,9,1,4638,DEL_CUTOFF,1
8,9,2,4638,DEL_CUTOFF,-1
8,9,3,4638,DEL_CUTOFF,-1
8,9,4,4638,PUSH,-1,bchdafiljgoenpkm,-4,4,1
8,9,0,4639,DEL_CUTOFF,1
8,9,1,4639,DEL_CUTOFF,-1
8,9,2,4639,DEL_EXPLORED,4
8,9,3,4639,DEL_CUTOFF,4
8,9,4,4639,DEL_EXPLORED,1
8,9,0,4640,DEL_CUTOFF,-1
8,9,1,4640,DEL_EXPLORED,4
8,9,2,4640,POP,-4,bhlagcedfjpinkom
8,9,3,4640,DEL_EXPLORED,-4
8,9,4,4640,DEL_CUTOFF,4
8,9,0,4641,DEL_EXPLORED,-4
8,9,1,4641,DEL_CUTOFF,-4
8,9,2,4641,POP,1,bhldgceafjpinkom
8,9,3,4641,POP,4,bgcdfphejalmnkio
8,9,4,4641,DEL_CUTOFF,-4
8,9,0,4642,POP,4,bclhfgodjpmenkai
8,9,1,4642,POP,-4,bgchfpadjleinkom
8,9,2,4642,PUSH,-1,bhldgacefjpinkom,-4,4,-1,1
8,9,3,4642,DEL_EXPLORED,-4
8,9,4,4642,POP,-1,bchdafiljgoenpkm
8,9,0,4643,DEL_EXPLORED,-4
8,9,1,4643,POP,1,bgchfpedjlainkom
8,9,2,4643,DEL_EXPLORED,1
8,9,3,4643,POP,4,bgcdfahejplmnkio
8,9,4,4643,DEL_EXPLORED,4
8,9,0,4644,POP,4,bclhfgodjpaenkmi
8,9,1,4644,PUSH,-1,bgchfpedajlinkom,-4,4,1
8,9,2,4644,PUSH,-1,bhldagcefjpinkom,-4,4,1
8,9,3,4644,POP,-1,bacdfghejplmnkio
8,9,4,4644,PUSH,-4,bahdfciljgoenpkm,4,-1,1
8,9,0,4645,DEL_EXPLORED,-4
8,9,1,4645,DEL_EXPLORED,1
8,9,2,4645,DEL_EXPLORED,1
8,9,3,4645,DEL_EXPLORED,4
8,9,4,4645,DEL_CUTOFF,1
8,9,0,4646,POP,4,bclhfgadjpoenkmi
8,9,1,4646,PUSH,4,bgchfpednjliakom,-4,1
8,9,2,4646,DEL_CUTOFF,4
8,9,3,4646,POP,-4,bcadfghejplmnkio
8,9,4,4646,DEL_CUTOFF,-1
8,9,0,4647,POP,-1,bcahfgldjpoenkmi
8,9,1,4647,DEL_CUTOFF,1
8,9,2,4647,DEL_CUTOFF,-4
8,9,3,4647,POP,-4,bchdfgaejplmnkio
8,9,4,4647,DEL_EXPLORED,4
8,9,0,4648,DEL_EXPLORED,4
8,9,1,4648,DEL_EXPLORED,-4
8,9,2,4648,POP,-1,bhldagcefjpinkom
8,9,3,4648,POP,-4,bchdfglejpamnkio
8,9,4,4648,POP,-4,bahdfciljgoenpkm
8,9,0,4649,POP,-4,bchafgldjpoenkmi
8,9,1,4649,POP,4,bgchfpednjliakom
8,9,2,4649,PUSH,4,bhldgjcefapinkom,-4,4,-1,1
8,9,3,4649,POP,-1,bchdfglejpimnkao
8,9,4,4649,POP,-4,bchdfailjgoenpkm
8,9,0,4650,POP,-4,bchdfglajpoenkmi
8,9,1,4650,PUSH,-4,bgchapedfjlinkom,-4,4,1
8,9,2,4650,DEL_CUTOFF,1
8,9,3,4650,DEL_EXPLORED,-4
8,9,4,4650,POP,-4,bchdfgiljaoenpkm
8,9,0,4651,POP,-4,bchdfglejpoankmi
8,9,1,4651,DEL_CUTOFF,1
8,9,2,4651,DEL_CUTOFF,-1
8,9,3,4651,POP,4,bchdfglejpimnkoa
8,9,4,4651,POP,-1,bchdfgiljpoenakm
8,9,0,4652,POP,1,bchdfglejpoinkma
8,9,1,4652,DEL_EXPLORED,4
8,9,2,4652,DEL_CUTOFF,4
8,9,3,4652,POP,1,bchdfglejpiankom
8,9,4,4652,DEL_EXPLORED,-4
8,9,0,4653,PUSH,-1,bchdfglejpoinakm,-4,-1,1
8,9,1,4653,DEL_CUTOFF,-4
8,9,2,4653,DEL_EXPLORED,-4
8,9,3,4653,POP,0,bchdfglejpainkom
8,9,4,4653,POP,4,bchdfgiljpoenkam
8,9,0,4654,DEL_EXPLORED,1
8,9,1,4654,POP,-4,bgchapedfjlinkom
8,9,2,4654,POP,4,bhldgjcefapinkom
8,9,4,4654,DEL_EXPLORED,-4
8,9,0,4655,PUSH,-1,bchdfglejpoiankm,-4,1
8,9,1,4655,POP,-1,bgchfpedajlinkom
8,9,2,4655,PUSH,-4,baldghcefjpinkom,4,-1,1
8,9,4,4655,POP,4,bchdfgiljpaenkom
8,9,0,4656,DEL_EXPLORED,1
8,9,1,4656,PUSH,4,bgchfpedjklinaom,-4,-1,1
8,9,2,4656,DEL_CUTOFF,1
8,9,4,4656,PUSH,-4,bcadfghljpienkom,4,-1,1
8,9,0,4657,PUSH,-4,bchdfgleapoijnkm,-4,4,1
8,9,1,4657,PUSH,1,bgchfpedjklinoam,-4,-1,1
8,9,2,4657,DEL_CUTOFF,-1
8,9,4,4657,PUSH,1,bcdafghljpienkom,4,-1
8,9,0,4658,PUSH,1,bchdfglepaoijnkm,-4,4,-1,1
8,9,1,4658,DEL_CUTOFF,1
8,9,2,4658,DEL_EXPLORED,4
8,9,4,4658,DEL_EXPLORED,-1
8,9,0,4659,PUSH,1,bchdfglepoaijnkm,-4,4,-1,1
8,9,1,4659,DEL_EXPLORED,-1
8,9,2,4659,POP,-4,baldghcefjpinkom
8,9,4,4659,PUSH,4,bcdlfghajpienkom,-4,4,-1
8,9,0,4660,PUSH,1,bchdfglepoiajnkm,-4,4,-1
8,9,1,4660,DEL_CUTOFF,-4
8,9,2,4660,POP,-1,bhldgacefjpinkom
8,9,4,4660,PUSH,-1,bcdlfgahjpienkom,-4,4,-1,1
8,9,0,4661,DEL_EXPLORED,-1
8,9,1,4661,POP,1,bgchfpedjklinoam
8,9,2,4661,PUSH,4,bhldgcpefjainkom,-4,4,-1,1
8,9,4,4661,DEL_EXPLORED,1
8,9,0,4662,PUSH,4,bchdfglepoimjnka,-4,-1
8,9,1,4662,PUSH,-1,bgchfpedjklianom,-4,1
8,9,2,4662,PUSH,1,bhldgcpefjiankom,-4,4,-1
8,9,4,4662,PUSH,-1,bcdlfaghjpienkom,-4,4,-1,1
8,9,0,4663,PUSH,-1,bchdfglepoimjnak,-4,-1,1
8,9,1,4663,DEL_EXPLORED,1
8,9,2,4663,DEL_EXPLORED,-1
8,9,4,4663,DEL_EXPLORED,1
8,9,0,4664,DEL_EXPLORED,1
8,9,1,4664,DEL_CUTOFF,-4
8,9,2,4664,DEL_CUTOFF,4
8,9,4,4664,PUSH,-1,bcdlafghjpienkom,-4,4,1
8,9,0,4665,DEL_CUTOFF,-1
8,9,1,4665,POP,-1,bgchfpedjklianom
8,9,2,4665,DEL_CUTOFF,-4
8,9,4,4665,DEL_EXPLORED,1
8,9,0,4666,DEL_CUTOFF,-4
8,9,1,4666,DEL_EXPLORED,-4
8,9,2,4666,POP,1,bhldgcpefjiankom
8,9,4,4666,DEL_CUTOFF,4
8,9,0,4667,POP,-1,bchdfglepoimjnak
8,9,1,4667,POP,4,bgchfpedjklinaom
8,9,2,4667,PUSH,-1,bhldgcpefajinkom,-4,4,-1,1
8,9,4,4667,DEL_CUTOFF,-4
8,9,0,4668,DEL_EXPLORED,-4
8,9,1,4668,DEL_EXPLORED,-4
8,9,2,4668,DEL_EXPLORED,1
8,9,4,4668,POP,-1,bcdlafghjpienkom
8,9,0,4669,POP,4,bchdfglepoimjnka
8,9,1,4669,POP,4,bgchfpedjalinkom
8,9,2,4669,DEL_CUTOFF,-1
8,9,4,4669,PUSH,4,bcdlfpghjaienkom,-4,4,-1,1
8,9,0,4670,PUSH,-4,bchdfglapoiejnkm,-4,4,-1
8,9,1,4670,DEL_EXPLORED,-4
8,9,2,4670,DEL_CUTOFF,4
8,9,4,4670,DEL_CUTOFF,1
8,9,0,4671,PUSH,-1,bchdfgalpoiejnkm,-4,4,-1,1
8,9,1,4671,POP,4,bgchfaedjplinkom
8,9,2,4671,DEL_CUTOFF,-4
8,9,4,4671,DEL_CUTOFF,-1
8,9,0,4672,DEL_EXPLORED,1
8,9,1,4672,POP,-1,bachfgedjplinkom
8,9,2,4672,POP,-1,bhldgcpefajinkom
8,9,4,4672,DEL_CUTOFF,4
8,9,0,4673,DEL_CUTOFF,-1
8,9,1,4673,PUSH,4,bcehfgadjplinkom,-4,4,-1,1
8,9,2,4673,PUSH,4,bhldgcpefjoinkam,-4,-1,1
8,9,4,4673,DEL_EXPLORED,-4
8,9,0,4674,DEL_CUTOFF,4
8,9,1,4674,PUSH,1,bcehfgdajplinkom,-4,4,-1
8,9,2,4674,DEL_CUTOFF,1
8,9,4,4674,POP,4,bcdlfpghjaienkom
8,9,0,4675,DEL_CUTOFF,-4
8,9,1,4675,DEL_EXPLORED,-1
8,9,2,4675,DEL_CUTOFF,-1
8,9,4,4675,PUSH,-4,badlfcghjpienkom,4,-1,1
8,9,0,4676,POP,-1,bchdfgalpoiejnkm
8,9,1,4676,PUSH,4,bcehfgdijplankom,-4,4,-1
8,9,2,4676,DEL_EXPLORED,-4
8,9,4,4676,DEL_CUTOFF,1
8,9,0,4677,DEL_EXPLORED,4
8,9,1,4677,PUSH,-1,bcehfgdijpalnkom,-4,4,-1,1
8,9,2,4677,POP,4,bhldgcpefjoinkam
8,9,4,4677,DEL_CUTOFF,-1
8,9,0,4678,PUSH,-4,bchafgldpoiejnkm,4,-1
8,9,1,4678,DEL_EXPLORED,1
8,9,2,4678,DEL_EXPLORED,-4
8,9,4,4678,DEL_EXPLORED,4
8,9,0,4679,DEL_CUTOFF,-1
8,9,1,4679,PUSH,-1,bcehfgdijaplnkom,-4,4,-1,1
8,9,2,4679,POP,4,bhldgcpefjainkom
8,9,4,4679,POP,-4,badlfcghjpienkom
8,9,0,4680,DEL_EXPLORED,4
8,9,1,4680,DEL_EXPLORED,1
8,9,2,4680,DEL_EXPLORED,-4
8,9,4,4680,POP,-1,bcdlfaghjpienkom
8,9,0,4681,POP,-4,bchafgldpoiejnkm
8,9,1,4681,DEL_CUTOFF,-1
8,9,2,4681,POP,4,bhldgcaefjpinkom
8,9,4,4681,PUSH,4,bcdlfgihjpaenkom,-4,4,-1,1
8,9,0,4682,POP,-4,bchdfglapoiejnkm
8,9,1,4682,DEL_CUTOFF,4
8,9,2,4682,POP,1,bhadgclefjpinkom
8,9,4,4682,PUSH,1,bcdlfgihjpeankom,-4,4,-1
8,9,0,4683,POP,1,bchdfglepoiajnkm
8,9,1,4683,DEL_CUTOFF,-4
8,9,2,4683,PUSH,-1,abhdgclefjpinkom,4,1
8,9,4,4683,DEL_EXPLORED,-1
8,9,0,4684,DEL_EXPLORED,-1
8,9,1,4684,POP,-1,bcehfgdijaplnkom
8,9,2,4684,DEL_EXPLORED,1
8,9,4,4684,DEL_CUTOFF,4
8,9,0,4685,PUSH,4,bchdfglepokijnam,-4,-1,1
8,9,1,4685,PUSH,4,bcehfgdijpolnkam,-4,-1,1
8,9,2,4685,PUSH,4,gbhdaclefjpinkom,-4,4,1
8,9,4,4685,DEL_CUTOFF,-4
8,9,0,4686,PUSH,1,bchdfglepokijnma,-4,-1
8,9,1,4686,DEL_CUTOFF,1
8,9,2,4686,PUSH,1,gbhdcalefjpinkom,-4,4,-1,1
8,9,4,4686,POP,1,bcdlfgihjpeankom
8,9,0,4687,DEL_EXPLORED,-1
8,9,1,4687,DEL_CUTOFF,-1
8,9,2,4687,PUSH,1,gbhdclaefjpinkom,-4,4,-1,1
8,9,4,4687,PUSH,-1,bcdlfgihjapenkom,-4,4,-1,1
8,9,0,4688,PUSH,-4,bchdfglepokajnmi,-4,4,-1
8,9,1,4688,DEL_EXPLORED,-4
8,9,2,4688,DEL_CUTOFF,1
8,9,4,4688,DEL_EXPLORED,1
8,9,0,4689,DEL_CUTOFF,-1
8,9,1,4689,POP,4,bcehfgdijpolnkam
8,9,2,4689,DEL_EXPLORED,-1
8,9,4,4689,DEL_CUTOFF,-1
8,9,0,4690,DEL_EXPLORED,4
8,9,1,4690,PUSH,-4,bcehfgaijpdlnkom,-4,4,-1,1
8,9,2,4690,DEL_CUTOFF,4
8,9,4,4690,DEL_CUTOFF,4
8,9,0,4691,DEL_CUTOFF,-4
8,9,1,4691,DEL_CUTOFF,1
8,9,2,4691,DEL_CUTOFF,-4
8,9,4,4691,DEL_CUTOFF,-4
8,9,0,4692,POP,-4,bchdfglepokajnmi
8,9,1,4692,DEL_CUTOFF,-1
8,9,2,4692,POP,1,gbhdclaefjpinkom
8,9,4,4692,POP,-1,bcdlfgihjapenkom
8,9,0,4693,POP,1,bchdfglepokijnma
8,9,1,4693,DEL_EXPLORED,4
8,9,2,4693,DEL_EXPLORED,-1
8,9,4,4693,PUSH,4,bcdlfgihjpoenkam,-4,-1,1
8,9,0,4694,PUSH,-1,bchdfglepokijanm,-4,-1,1
8,9,1,4694,DEL_CUTOFF,-4
8,9,2,4694,PUSH,4,gbhdcjlefapinkom,-4,4,-1,1
8,9,4,4694,DEL_CUTOFF,1
8,9,0,4695,DEL_EXPLORED,1
8,9,1,4695,POP,-4,bcehfgaijpdlnkom
8,9,2,4695,DEL_CUTOFF,1
8,9,4,4695,DEL_CUTOFF,-1
8,9,0,4696,PUSH,-1,bchdfglepokiajnm,-4,1
8,9,1,4696,POP,-1,bcehfgdijpalnkom
8,9,2,4696,DEL_CUTOFF,-1
8,9,4,4696,DEL_EXPLORED,-4
8,9,0,4697,DEL_EXPLORED,1
8,9,1,4697,PUSH,4,bcehfgdijplmnkoa,-4,-1
8,9,2,4697,DEL_CUTOFF,4
8,9,4,4697,POP,4,bcdlfgihjpoenkam
8,9,0,4698,DEL_CUTOFF,-4
8,9,1,4698,PUSH,-1,bcehfgdijplmnkao,-4,-1,1
8,9,2,4698,DEL_EXPLORED,-4
8,9,4,4698,DEL_EXPLORED,-4
8,9,0,4699,POP,-1,bchdfglepokiajnm
8,9,1,4699,DEL_EXPLORED,1
8,9,2,4699,POP,4,gbhdcjlefapinkom
8,9,4,4699,POP,4,bcdlfgihjpaenkom
8,9,0,4700,PUSH,-4,bchdfglepakijonm,-4,4,-1,1
8,9,1,4700,DEL_CUTOFF,-1
8,9,2,4700,PUSH,-4,gahdcblefjpinkom,4,-1,1
8,9,4,4700,PUSH,-4,bcalfgdhjpienkom,4,-1,1
8,9,0,4701,DEL_CUTOFF,1
8,9,1,4701,DEL_CUTOFF,-4
8,9,2,4701,DEL_CUTOFF,1
8,9,4,4701,PUSH,1,bclafgdhjpienkom,4,-1
8,9,0,4702,DEL_CUTOFF,-1
8,9,1,4702,POP,-1,bcehfgdijplmnkao
8,9,2,4702,DEL_CUTOFF,-1
8,9,4,4702,DEL_EXPLORED,-1
8,9,0,4703,DEL_EXPLORED,4
8,9,1,4703,DEL_EXPLORED,-4
8,9,2,4703,DEL_EXPLORED,4
8,9,4,4703,DEL_CUTOFF,4
8,9,0,4704,DEL_CUTOFF,-4
8,9,1,4704,POP,4,bcehfgdijplmnkoa
8,9,2,4704,POP,-4,gahdcblefjpinkom
8,9,4,4704,POP,1,bclafgdhjpienkom
8,9,0,4705,POP,-4,bchdfglepakijonm
8,9,1,4705,DEL_EXPLORED,-4
8,9,2,4705,POP,1,gbhdcalefjpinkom
8,9,4,4705,PUSH,-1,baclfgdhjpienkom,4,-1,1
8,9,0,4706,POP,-1,bchdfglepokijanm
8,9,1,4706,POP,4,bcehfgdijplankom
8,9,2,4706,PUSH,4,gbhdfcleajpinkom,-4,4,1
8,9,4,4706,DEL_EXPLORED,1
8,9,0,4707,DEL_EXPLORED,-4
8,9,1,4707,PUSH,-4,bceafgdhjplinkom,4,-1
8,9,2,4707,PUSH,1,gbhdfclejapinkom,-4,4,-1,1
8,9,4,4707,DEL_CUTOFF,-1
8,9,0,4708,POP,4,bchdfglepokijnam
8,9,1,4708,PUSH,-1,bcaefgdhjplinkom,4,-1,1
8,9,2,4708,DEL_CUTOFF,1
8,9,4,4708,DEL_CUTOFF,4
8,9,0,4709,PUSH,-4,bchdfgaepolijnkm,-4,4,-1,1
8,9,1,4709,DEL_EXPLORED,1
8,9,2,4709,DEL_EXPLORED,-1
8,9,4,4709,POP,-1,baclfgdhjpienkom
8,9,0,4710,PUSH,1,bchdfgeapolijnkm,-4,4,-1
8,9,1,4710,PUSH,-1,bacefgdhjplinkom,4,-1,1
8,9,2,4710,DEL_CUTOFF,4
8,9,4,4710,DEL_EXPLORED,4
8,9,0,4711,DEL_EXPLORED,-1
8,9,1,4711,DEL_EXPLORED,1
8,9,2,4711,DEL_CUTOFF,-4
8,9,4,4711,POP,-4,bcalfgdhjpienkom
8,9,0,4712,PUSH,4,bchdfgeipolajnkm,-4,4,-1
8,9,1,4712,DEL_CUTOFF,-1
8,9,2,4712,POP,1,gbhdfclejapinkom
8,9,4,4712,POP,-1,bcdlfgahjpienkom
8,9,0,4713,DEL_CUTOFF,-1
8,9,1,4713,DEL_CUTOFF,4
8,9,2,4713,PUSH,4,gbhdfclenjpiakom,-4,1
8,9,4,4713,PUSH,4,bcdlfghejpiankom,-4,4,-1
8,9,0,4714,DEL_CUTOFF,4
8,9,1,4714,POP,-1,bacefgdhjplinkom
8,9,2,4714,DEL_CUTOFF,1
8,9,4,4714,PUSH,-1,bcdlfghejpainkom,-4,4,-1,1
8,9,0,4715,DEL_EXPLORED,-4
8,9,1,4715,PUSH,4,bcdefgahjplinkom,-4,4,-1,1
8,9,2,4715,DEL_EXPLORED,-4
8,9,4,4715,DEL_EXPLORED,1
8,9,0,4716,POP,4,bchdfgeipolajnkm
8,9,1,4716,DEL_CUTOFF,1
8,9,2,4716,POP,4,gbhdfclenjpiakom
8,9,4,4716,PUSH,-1,bcdlfghejapinkom,-4,4,-1,1
8,9,0,4717,PUSH,-4,bchafgedpolijnkm,4,-1
8,9,1,4717,DEL_CUTOFF,-1
8,9,2,4717,DEL_EXPLORED,-4
8,9,4,4717,DEL_EXPLORED,1
8,9,0,4718,DEL_CUTOFF,-1
8,9,1,4718,DEL_CUTOFF,4
8,9,2,4718,POP,4,gbhdfcleajpinkom
8,9,4,4718,DEL_CUTOFF,-1
8,9,0,4719,DEL_EXPLORED,4
8,9,1,4719,DEL_EXPLORED,-4
8,9,2,4719,DEL_EXPLORED,-4
8,9,4,4719,DEL_CUTOFF,4
8,9,0,4720,POP,-4,bchafgedpolijnkm
8,9,1,4720,POP,4,bcdefgahjplinkom
8,9,2,4720,POP,4,gbhdaclefjpinkom
8,9,4,4720,DEL_CUTOFF,-4
8,9,0,4721,POP,1,bchdfgeapolijnkm
8,9,1,4721,POP,-1,bcaefgdhjplinkom
8,9,2,4721,POP,-1,abhdgclefjpinkom
8,9,4,4721,POP,-1,bcdlfghejapinkom
8,9,0,4722,PUSH,-1,bchdfagepolijnkm,-4,4,-1,1
8,9,1,4722,DEL_EXPLORED,4
8,9,2,4722,DEL_EXPLORED,4
8,9,4,4722,PUSH,4,bcdlfghejpoinkam,-4,-1,1
8,9,0,4723,DEL_EXPLORED,1
8,9,1,4723,POP,-4,bceafgdhjplinkom
8,9,2,4723,POP,-4,bahdgclefjpinkom
8,9,4,4723,DEL_CUTOFF,1
8,9,0,4724,PUSH,-1,bchdafgepolijnkm,-4,4,1
8,9,1,4724,POP,1,bcehfgdajplinkom
8,9,2,4724,POP,1,bchdgalefjpinkom
8,9,4,4724,DEL_CUTOFF,-1
8,9,0,4725,DEL_EXPLORED,1
8,9,1,4725,PUSH,-1,bcehfagdjplinkom,-4,4,-1,1
8,9,2,4725,DEL_EXPLORED,4
8,9,4,4725,DEL_EXPLORED,-4
8,9,0,4726,DEL_CUTOFF,4
8,9,1,4726,DEL_EXPLORED,1
8,9,2,4726,PUSH,-4,achdbglefjpinkom,4,1
8,9,4,4726,POP,4,bcdlfghejpoinkam
8,9,0,4727,DEL_CUTOFF,-4
8,9,1,4727,PUSH,-1,bcehafgdjplinkom,-4,4,1
8,9,2,4727,PUSH,1,cahdbglefjpinkom,4,-1,1
8,9,4,4727,PUSH,-4,bcdlfgaejphinkom,-4,4,-1,1
8,9,0,4728,POP,-1,bchdafgepolijnkm
8,9,1,4728,DEL_EXPLORED,1
8,9,2,4728,PUSH,1,chadbglefjpinkom,4,-1,1
8,9,4,4728,DEL_CUTOFF,1
8,9,0,4729,PUSH,4,bchdfogepalijnkm,-4,4,-1,1
8,9,1,4729,PUSH,4,bcehjfgdaplinkom,-4,4,1
8,9,2,4729,PUSH,1,chdabglefjpinkom,4,-1
8,9,4,4729,DEL_CUTOFF,-1
8,9,0,4730,DEL_CUTOFF,1
8,9,1,4730,PUSH,1,bcehjfgdpalinkom,-4,4,-1,1
8,9,2,4730,DEL_EXPLORED,-1
8,9,4,4730,DEL_EXPLORED,4
8,9,0,4731,DEL_CUTOFF,-1
8,9,1,4731,DEL_CUTOFF,1
8,9,2,4731,PUSH,4,chdebglafjpinkom,-4,4,-1
8,9,4,4731,DEL_CUTOFF,-4
8,9,0,4732,DEL_CUTOFF,4
8,9,1,4732,DEL_EXPLORED,-1
8,9,2,4732,PUSH,-1,chdebgalfjpinkom,-4,4,-1,1
8,9,4,4732,POP,-4,bcdlfgaejphinkom
8,9,0,4733,DEL_EXPLORED,-4
8,9,1,4733,DEL_CUTOFF,4
8,9,2,4733,DEL_EXPLORED,1
8,9,4,4733,POP,-1,bcdlfghejpainkom
8,9,0,4734,POP,4,bchdfogepalijnkm
8,9,1,4734,DEL_CUTOFF,-4
8,9,2,4734,DEL_CUTOFF,-1
8,9,4,4734,PUSH,4,bcdlfghejpimnkoa,-4,-1
8,9,0,4735,PUSH,-4,bahdfcgepolijnkm,4,-1,1
8,9,1,4735,POP,1,bcehjfgdpalinkom
8,9,2,4735,DEL_CUTOFF,4
8,9,4,4735,PUSH,-1,bcdlfghejpimnkao,-4,-1,1
8,9,0,4736,DEL_CUTOFF,1
8,9,1,4736,PUSH,4,bcehjfgdnpliakom,-4,1
8,9,2,4736,DEL_CUTOFF,-4
8,9,4,4736,DEL_EXPLORED,1
8,9,0,4737,DEL_CUTOFF,-1
8,9,1,4737,DEL_CUTOFF,1
8,9,2,4737,POP,-1,chdebgalfjpinkom
8,9,4,4737,DEL_CUTOFF,-1
8,9,0,4738,DEL_EXPLORED,4
8,9,1,4738,DEL_EXPLORED,-4
8,9,2,4738,PUSH,4,chdebglifjpankom,-4,4,-1
8,9,4,4738,DEL_CUTOFF,-4
8,9,0,4739,POP,-4,bahdfcgepolijnkm
8,9,1,4739,POP,4,bcehjfgdnpliakom
8,9,2,4739,DEL_CUTOFF,-1
8,9,4,4739,POP,-1,bcdlfghejpimnkao
8,9,0,4740,POP,-1,bchdfagepolijnkm
8,9,1,4740,DEL_EXPLORED,-4
8,9,2,4740,DEL_CUTOFF,4
8,9,4,4740,DEL_EXPLORED,-4
8,9,0,4741,DEL_EXPLORED,4
8,9,1,4741,POP,4,bcehjfgdaplinkom
8,9,2,4741,DEL_EXPLORED,-4
8,9,4,4741,POP,4,bcdlfghejpimnkoa
8,9,0,4742,PUSH,-4,bcadfghepolijnkm,4,-1,1
8,9,1,4742,PUSH,-4,acehbfgdjplinkom,4,1
8,9,2,4742,POP,4,chdebglifjpankom
8,9,4,4742,DEL_EXPLORED,-4
8,9,0,4743,PUSH,1,bcdafghepolijnkm,4,-1
8,9,1,4743,PUSH,1,caehbfgdjplinkom,4,-1,1
8,9,2,4743,DEL_EXPLORED,-4
8,9,4,4743,POP,4,bcdlfghejpiankom
8,9,0,4744,DEL_EXPLORED,-1
8,9,1,4744,DEL_CUTOFF,1
8,9,2,4744,POP,4,chdebglafjpinkom
8,9,4,4744,DEL_EXPLORED,-4
8,9,0,4745,DEL_CUTOFF,4
8,9,1,4745,DEL_EXPLORED,-1
8,9,2,4745,POP,1,chdabglefjpinkom
8,9,4,4745,POP,4,bcdlfghajpienkom
8,9,0,4746,POP,1,bcdafghepolijnkm
8,9,1,4746,DEL_CUTOFF,4
8,9,2,4746,DEL_EXPLORED,-1
8,9,4,4746,POP,1,bcdafghljpienkom
8,9,0,4747,PUSH,-1,bacdfghepolijnkm,4,-1,1
8,9,1,4747,POP,1,caehbfgdjplinkom
8,9,2,4747,PUSH,4,chldbgaefjpinkom,-4,4,-1,1
8,9,4,4747,PUSH,-1,bacdfghljpienkom,4,-1,1
8,9,0,4748,DEL_EXPLORED,1
8,9,1,4748,DEL_EXPLORED,4
8,9,2,4748,PUSH,1,chldbgeafjpinkom,-4,4,-1
8,9,4,4748,DEL_EXPLORED,1
8,9,0,4749,DEL_CUTOFF,-1
8,9,1,4749,POP,-4,acehbfgdjplinkom
8,9,2,4749,DEL_EXPLORED,-1
8,9,4,4749,PUSH,-1,abcdfghljpienkom,4,1
8,9,0,4750,DEL_CUTOFF,4
8,9,1,4750,POP,-1,bcehafgdjplinkom
8,9,2,4750,PUSH,4,chldbgeifjpankom,-4,4,-1
8,9,4,4750,DEL_EXPLORED,1
8,9,0,4751,POP,-1,bacdfghepolijnkm
8,9,1,4751,PUSH,4,bcehfpgdjalinkom,-4,4,-1,1
8,9,2,4751,DEL_CUTOFF,-1
8,9,4,4751,PUSH,4,fbcdaghljpienkom,-4,4,1
8,9,0,4752,DEL_EXPLORED,4
8,9,1,4752,PUSH,1,bcehfpgdjlainkom,-4,4,-1,1
8,9,2,4752,DEL_CUTOFF,4
8,9,4,4752,PUSH,1,fbcdgahljpienkom,-4,4,-1,1
8,9,0,4753,POP,-4,bcadfghepolijnkm
8,9,1,4753,PUSH,1,bcehfpgdjliankom,-4,4,-1
8,9,2,4753,DEL_EXPLORED,-4
8,9,4,4753,PUSH,1,fbcdghaljpienkom,-4,4,-1,1
8,9,0,4754,POP,-4,bchdfgaepolijnkm
8,9,1,4754,DEL_EXPLORED,-1
8,9,2,4754,POP,4,chldbgeifjpankom
8,9,4,4754,DEL_CUTOFF,1
8,9,0,4755,POP,1,bchdfglepoaijnkm
8,9,1,4755,DEL_CUTOFF,4
8,9,2,4755,PUSH,-4,chlabgedfjpinkom,4,-1
8,9,4,4755,DEL_EXPLORED,-1
8,9,0,4756,DEL_EXPLORED,-1
8,9,1,4756,DEL_CUTOFF,-4
8,9,2,4756,DEL_CUTOFF,-1
8,9,4,4756,DEL_CUTOFF,4
8,9,0,4757,PUSH,4,bchdfglepnoijakm,-4,-1,1
8,9,1,4757,POP,1,bcehfpgdjliankom
8,9,2,4757,DEL_EXPLORED,4
8,9,4,4757,DEL_CUTOFF,-4
8,9,0,4758,PUSH,1,bchdfglepnoijkam,-4,-1,1
8,9,1,4758,DEL_EXPLORED,-1
8,9,2,4758,POP,-4,chlabgedfjpinkom
8,9,4,4758,POP,1,fbcdghaljpienkom
8,9,0,4759,PUSH,1,bchdfglepnoijkma,-4,-1
8,9,1,4759,PUSH,4,bcehfpgdjloinkam,-4,-1,1
8,9,2,4759,POP,1,chldbgeafjpinkom
8,9,4,4759,DEL_EXPLORED,-1
8,9,0,4760,DEL_EXPLORED,-1
8,9,1,4760,DEL_CUTOFF,1
8,9,2,4760,PUSH,-1,chldbagefjpinkom,-4,4,-1,1
8,9,4,4760,PUSH,4,fbcdgphljaienkom,-4,4,-1,1
8,9,0,4761,PUSH,-4,bchdfglepnoajkmi,-4,4,-1
8,9,1,4761,DEL_CUTOFF,-1
8,9,2,4761,DEL_EXPLORED,1
8,9,4,4761,DEL_CUTOFF,1
8,9,0,4762,DEL_CUTOFF,-1
8,9,1,4762,DEL_EXPLORED,-4
8,9,2,4762,PUSH,-1,chldabgefjpinkom,-4,4,1
8,9,4,4762,DEL_CUTOFF,-1
8,9,0,4763,DEL_EXPLORED,4
8,9,1,4763,POP,4,bcehfpgdjloinkam
8,9,2,4763,DEL_EXPLORED,1
8,9,4,4763,DEL_CUTOFF,4
8,9,0,4764,DEL_CUTOFF,-4
8,9,1,4764,PUSH,-4,bcehfpadjlginkom,-4,4,-1,1
8,9,2,4764,DEL_CUTOFF,4
8,9,4,4764,DEL_EXPLORED,-4
8,9,0,4765,POP,-4,bchdfglepnoajkmi
8,9,1,4765,DEL_CUTOFF,1
8,9,2,4765,DEL_CUTOFF,-4
8,9,4,4765,POP,4,fbcdgphljaienkom
8,9,0,4766,POP,1,bchdfglepnoijkma
8,9,1,4766,DEL_CUTOFF,-1
8,9,2,4766,POP,-1,chldabgefjpinkom
8,9,4,4766,PUSH,-4,facdgbhljpienkom,4,-1,1
8,9,0,4767,DEL_EXPLORED,-1
8,9,1,4767,DEL_EXPLORED,4
8,9,2,4767,PUSH,4,chldbjgefapinkom,-4,4,-1,1
8,9,4,4767,DEL_CUTOFF,1
8,9,0,4768,PUSH,-4,bchdfglepnaijkom,-4,4,-1,1
8,9,1,4768,DEL_CUTOFF,-4
8,9,2,4768,DEL_CUTOFF,1
8,9,4,4768,DEL_CUTOFF,-1
8,9,0,4769,PUSH,1,bchdfglepniajkom,-4,4,-1
8,9,1,4769,POP,-4,bcehfpadjlginkom
8,9,2,4769,DEL_CUTOFF,-1
8,9,4,4769,DEL_EXPLORED,4
8,9,0,4770,DEL_EXPLORED,-1
8,9,1,4770,POP,1,bcehfpgdjlainkom
8,9,2,4770,DEL_CUTOFF,4
8,9,4,4770,POP,-4,facdgbhljpienkom
8,9,0,4771,DEL_CUTOFF,4
8,9,1,4771,PUSH,-1,bcehfpgdajlinkom,-4,4,1
8,9,2,4771,DEL_EXPLORED,-4
8,9,4,4771,POP,1,fbcdgahljpienkom
8,9,0,4772,DEL_CUTOFF,-4
8,9,1,4772,DEL_EXPLORED,1
8,9,2,4772,POP,4,chldbjgefapinkom
8,9,4,4772,PUSH,4,fbcdjghlapienkom,-4,4,1
8,9,0,4773,POP,1,bchdfglepniajkom
8,9,1,4773,PUSH,4,bcehfpgdnjliakom,-4,1
8,9,2,4773,PUSH,-4,caldbhgefjpinkom,4,-1,1
8,9,4,4773,PUSH,1,fbcdjghlpaienkom,-4,4,-1,1
8,9,0,4774,PUSH,-1,bchdfglepanijkom,-4,4,-1,1
8,9,1,4774,DEL_CUTOFF,1
8,9,2,4774,DEL_CUTOFF,1
8,9,4,4774,DEL_CUTOFF,1
8,9,0,4775,DEL_EXPLORED,1
8,9,1,4775,DEL_EXPLORED,-4
8,9,2,4775,DEL_CUTOFF,-1
8,9,4,4775,DEL_EXPLORED,-1
8,9,0,4776,DEL_CUTOFF,-1
8,9,1,4776,POP,4,bcehfpgdnjliakom
8,9,2,4776,DEL_EXPLORED,4
8,9,4,4776,DEL_CUTOFF,4
8,9,0,4777,DEL_CUTOFF,4
8,9,1,4777,PUSH,-4,bcehapgdfjlinkom,-4,4,1
8,9,2,4777,POP,-4,caldbhgefjpinkom
8,9,4,4777,DEL_CUTOFF,-4
8,9,0,4778,DEL_CUTOFF,-4
8,9,1,4778,DEL_CUTOFF,1
8,9,2,4778,POP,-1,chldbagefjpinkom
8,9,4,4778,POP,1,fbcdjghlpaienkom
8,9,0,4779,POP,-1,bchdfglepanijkom
8,9,1,4779,DEL_EXPLORED,4
8,9,2,4779,PUSH,4,chldbgpefjainkom,-4,4,-1,1
8,9,4,4779,PUSH,4,fbcdjghlnpieakom,-4,1
8,9,0,4780,DEL_EXPLORED,4
8,9,1,4780,DEL_CUTOFF,-4
8,9,2,4780,PUSH,1,chldbgpefjiankom,-4,4,-1
8,9,4,4780,DEL_CUTOFF,1
8,9,0,4781,PUSH,-4,bchdfgaepnlijkom,-4,4,-1,1
8,9,1,4781,POP,-4,bcehapgdfjlinkom
8,9,2,4781,DEL_EXPLORED,-1
8,9,4,4781,DEL_EXPLORED,-4
8,9,0,4782,DEL_CUTOFF,1
8,9,1,4782,POP,-1,bcehfpgdajlinkom
8,9,2,4782,DEL_CUTOFF,4
8,9,4,4782,POP,4,fbcdjghlnpieakom
8,9,0,4783,DEL_CUTOFF,-1
8,9,1,4783,PUSH,4,bcehfpgdjklinaom,-4,-1,1
8,9,2,4783,DEL_CUTOFF,-4
8,9,4,4783,DEL_EXPLORED,-4
8,9,0,4784,DEL_EXPLORED,4
8,9,1,4784,PUSH,1,bcehfpgdjklinoam,-4,-1,1
8,9,2,4784,POP,1,chldbgpefjiankom
8,9,4,4784,POP,4,fbcdjghlapienkom
8,9,0,4785,DEL_CUTOFF,-4
8,9,1,4785,DEL_CUTOFF,1
8,9,2,4785,PUSH,-1,chldbgpefajinkom,-4,4,-1,1
8,9,4,4785,DEL_EXPLORED,-4
8,9,0,4786,POP,-4,bchdfgaepnlijkom
8,9,1,4786,DEL_EXPLORED,-1
8,9,2,4786,DEL_EXPLORED,1
8,9,4,4786,POP,4,fbcdaghljpienkom
8,9,0,4787,POP,-4,bchdfglepnaijkom
8,9,1,4787,DEL_CUTOFF,-4
8,9,2,4787,DEL_CUTOFF,-1
8,9,4,4787,POP,-1,abcdfghljpienkom
8,9,0,4788,POP,1,bchdfglepnoijkam
8,9,1,4788,POP,1,bcehfpgdjklinoam
8,9,2,4788,DEL_CUTOFF,4
8,9,4,4788,PUSH,4,bgcdfahljpienkom,-4,4,-1,1
8,9,0,4789,PUSH,-1,bchdfglepnoiajkm,-4,1
8,9,1,4789,PUSH,-1,bcehfpgdjklianom,-4,1
8,9,2,4789,DEL_CUTOFF,-4
8,9,4,4789,PUSH,1,bgcdfhaljpienkom,-4,4,-1,1
8,9,0,4790,DEL_EXPLORED,1
8,9,1,4790,DEL_EXPLORED,1
8,9,2,4790,POP,-1,chldbgpefajinkom
8,9,4,4790,PUSH,1,bgcdfhlajpienkom,-4,4,-1
8,9,0,4791,PUSH,-4,bchdfgleanoipjkm,-4,4,1
8,9,1,4791,DEL_CUTOFF,-4
8,9,2,4791,PUSH,4,chldbgpefjoinkam,-4,-1,1
8,9,4,4791,DEL_EXPLORED,-1
8,9,0,4792,PUSH,1,bchdfglenaoipjkm,-4,4,-1,1
8,9,1,4792,POP,-1,bcehfpgdjklianom
8,9,2,4792,DEL_CUTOFF,1
8,9,4,4792,PUSH,4,bgcdfhlejpiankom,-4,4,-1
8,9,0,4793,DEL_CUTOFF,1
8,9,1,4793,DEL_EXPLORED,-4
8,9,2,4793,DEL_CUTOFF,-1
8,9,4,4793,DEL_CUTOFF,-1
8,9,0,4794,DEL_EXPLORED,-1
8,9,1,4794,POP,4,bcehfpgdjklinaom
8,9,2,4794,DEL_EXPLORED,-4
8,9,4,4794,DEL_CUTOFF,4
8,9,0,4795,DEL_CUTOFF,4
8,9,1,4795,DEL_EXPLORED,-4
8,9,2,4795,POP,4,chldbgpefjoinkam
8,9,4,4795,DEL_EXPLORED,-4
8,9,0,4796,DEL_CUTOFF,-4
8,9,1,4796,POP,4,bcehfpgdjalinkom
8,9,2,4796,DEL_EXPLORED,-4
8,9,4,4796,POP,4,bgcdfhlejpiankom
8,9,0,4797,POP,1,bchdfglenaoipjkm
8,9,1,4797,PUSH,-4,baehfcgdjplinkom,4,-1,1
8,9,2,4797,POP,4,chldbgpefjainkom
8,9,4,4797,PUSH,-4,bgcafhldjpienkom,4,-1
8,9,0,4798,DEL_EXPLORED,4
8,9,1,4798,PUSH,1,beahfcgdjplinkom,4,-1,1
8,9,2,4798,DEL_EXPLORED,-4
8,9,4,4798,DEL_CUTOFF,-1
8,9,0,4799,PUSH,-4,bchdaglefnoipjkm,-4,4,1
8,9,1,4799,PUSH,1,behafcgdjplinkom,4,-1
8,9,2,4799,POP,4,chldbgaefjpinkom
8,9,4,4799,DEL_EXPLORED,4
8,9,0,4800,DEL_CUTOFF,1
8,9,1,4800,DEL_EXPLORED,-1
8,9,2,4800,POP,1,chadbglefjpinkom
8,9,4,4800,POP,-4,bgcafhldjpienkom
8,9,0,4801,DEL_EXPLORED,4
8,9,1,4801,DEL_CUTOFF,4
8,9,2,4801,DEL_EXPLORED,-1
8,9,4,4801,POP,1,bgcdfhlajpienkom
8,9,0,4802,DEL_CUTOFF,-4
8,9,1,4802,POP,1,behafcgdjplinkom
8,9,2,4802,PUSH,4,cghdbalefjpinkom,-4,4,-1,1
8,9,4,4802,DEL_EXPLORED,-1
8,9,0,4803,POP,-4,bchdaglefnoipjkm
8,9,1,4803,DEL_EXPLORED,-1
8,9,2,4803,PUSH,1,cghdblaefjpinkom,-4,4,-1,1
8,9,4,4803,PUSH,4,bgcdfhiljpaenkom,-4,4,-1,1
8,9,0,4804,POP,-4,bchdfgleanoipjkm
8,9,1,4804,PUSH,4,beghfcadjplinkom,-4,4,-1,1
8,9,2,4804,PUSH,1,cghdbleafjpinkom,-4,4,-1
8,9,4,4804,PUSH,1,bgcdfhiljpeankom,-4,4,-1
8,9,0,4805,POP,-1,bchdfglepnoiajkm
8,9,1,4805,DEL_CUTOFF,1
8,9,2,4805,DEL_EXPLORED,-1
8,9,4,4805,DEL_EXPLORED,-1
8,9,0,4806,DEL_EXPLORED,-4
8,9,1,4806,DEL_CUTOFF,-1
8,9,2,4806,PUSH,4,cghdbleifjpankom,-4,4,-1
8,9,4,4806,DEL_CUTOFF,4
8,9,0,4807,POP,4,bchdfglepnoijakm
8,9,1,4807,DEL_CUTOFF,4
8,9,2,4807,DEL_CUTOFF,-1
8,9,4,4807,DEL_CUTOFF,-4
8,9,0,4808,PUSH,-4,bchdfalepgoijnkm,-4,4,-1,1
8,9,1,4808,DEL_EXPLORED,-4
8,9,2,4808,DEL_CUTOFF,4
8,9,4,4808,POP,1,bgcdfhiljpeankom
8,9,0,4809,PUSH,1,bchdflaepgoijnkm,-4,4,-1,1
8,9,1,4809,POP,4,beghfcadjplinkom
8,9,2,4809,DEL_EXPLORED,-4
8,9,4,4809,PUSH,-1,bgcdfhiljapenkom,-4,4,-1,1
8,9,0,4810,PUSH,1,bchdfleapgoijnkm,-4,4,-1
8,9,1,4810,POP,1,beahfcgdjplinkom
8,9,2,4810,POP,4,cghdbleifjpankom
8,9,4,4810,DEL_EXPLORED,1
8,9,0,4811,DEL_EXPLORED,-1
8,9,1,4811,PUSH,-1,abehfcgdjplinkom,4,1
8,9,2,4811,PUSH,-4,cghabledfjpinkom,4,-1
8,9,4,4811,DEL_CUTOFF,-1
8,9,0,4812,PUSH,4,bchdfleipgoajnkm,-4,4,-1
8,9,1,4812,DEL_EXPLORED,1
8,9,2,4812,DEL_CUTOFF,-1
8,9,4,4812,DEL_CUTOFF,4
8,9,0,4813,DEL_CUTOFF,-1
8,9,1,4813,PUSH,4,fbehacgdjplinkom,-4,4,1
8,9,2,4813,DEL_EXPLORED,4
8,9,4,4813,DEL_CUTOFF,-4
8,9,0,4814,DEL_CUTOFF,4
8,9,1,4814,DEL_CUTOFF,1
8,9,2,4814,POP,-4,cghabledfjpinkom
8,9,4,4814,POP,-1,bgcdfhiljapenkom
8,9,0,4815,DEL_EXPLORED,-4
8,9,1,4815,DEL_CUTOFF,4
8,9,2,4815,POP,1,cghdbleafjpinkom
8,9,4,4815,PUSH,4,bgcdfhiljpoenkam,-4,-1,1
8,9,0,4816,POP,4,bchdfleipgoajnkm
8,9,1,4816,DEL_EXPLORED,-4
8,9,2,4816,DEL_EXPLORED,-1
8,9,4,4816,DEL_CUTOFF,1
8,9,0,4817,PUSH,-4,bchafledpgoijnkm,4,-1
8,9,1,4817,POP,4,fbehacgdjplinkom
8,9,2,4817,PUSH,4,cghdblpefjainkom,-4,4,-1,1
8,9,4,4817,DEL_CUTOFF,-1
8,9,0,4818,DEL_CUTOFF,-1
8,9,1,4818,POP,-1,abehfcgdjplinkom
8,9,2,4818,PUSH,1,cghdblpefjiankom,-4,4,-1
8,9,4,4818,DEL_EXPLORED,-4
8,9,0,4819,DEL_EXPLORED,4
8,9,1,4819,DEL_EXPLORED,4
8,9,2,4819,DEL_EXPLORED,-1
8,9,4,4819,POP,4,bgcdfhiljpoenkam
8,9,0,4820,POP,-4,bchafledpgoijnkm
8,9,1,4820,POP,-4,baehfcgdjplinkom
8,9,2,4820,DEL_CUTOFF,4
8,9,4,4820,DEL_EXPLORED,-4
8,9,0,4821,POP,1,bchdfleapgoijnkm
8,9,1,4821,POP,-1,bcehfagdjplinkom
8,9,2,4821,DEL_CUTOFF,-4
8,9,4,4821,POP,4,bgcdfhiljpaenkom
8,9,0,4822,DEL_EXPLORED,-1
8,9,1,4822,PUSH,4,bcehfgldjpainkom,-4,4,-1,1
8,9,2,4822,POP,1,cghdblpefjiankom
8,9,4,4822,PUSH,-4,bgadfhcljpienkom,4,-1,1
8,9,0,4823,PUSH,4,bchdfloepgaijnkm,-4,4,-1,1
8,9,1,4823,PUSH,1,bcehfgldjpiankom,-4,4,-1
8,9,2,4823,PUSH,-1,cghdblpefajinkom,-4,4,-1,1
8,9,4,4823,PUSH,1,bgdafhcljpienkom,4,-1
8,9,0,4824,PUSH,1,bchdfloepgiajnkm,-4,4,-1
8,9,1,4824,DEL_EXPLORED,-1
8,9,2,4824,DEL_EXPLORED,1
8,9,4,4824,DEL_EXPLORED,-1
8,9,0,4825,DEL_EXPLORED,-1
8,9,1,4825,PUSH,4,bcehfgldjpimnkoa,-4,-1
8,9,2,4825,DEL_CUTOFF,-1
8,9,4,4825,DEL_CUTOFF,4
8,9,0,4826,DEL_CUTOFF,4
8,9,1,4826,PUSH,-1,bcehfgldjpimnkao,-4,-1,1
8,9,2,4826,DEL_CUTOFF,4
8,9,4,4826,POP,1,bgdafhcljpienkom
8,9,0,4827,DEL_CUTOFF,-4
8,9,1,4827,DEL_EXPLORED,1
8,9,2,4827,DEL_CUTOFF,-4
8,9,4,4827,PUSH,-1,bagdfhcljpienkom,4,-1,1
8,9,0,4828,POP,1,bchdfloepgiajnkm
8,9,1,4828,DEL_CUTOFF,-1
8,9,2,4828,POP,-1,cghdblpefajinkom
8,9,4,4828,DEL_EXPLORED,1
8,9,0,4829,PUSH,-1,bchdfloepagijnkm,-4,4,-1,1
8,9,1,4829,DEL_CUTOFF,-4
8,9,2,4829,PUSH,4,cghdblpefjoinkam,-4,-1,1
8,9,4,4829,DEL_CUTOFF,-1
8,9,0,4830,DEL_EXPLORED,1
8,9,1,4830,POP,-1,bcehfgldjpimnkao
8,9,2,4830,DEL_CUTOFF,1
8,9,4,4830,DEL_CUTOFF,4
8,9,0,4831,DEL_CUTOFF,-1
8,9,1,4831,DEL_EXPLORED,-4
8,9,2,4831,DEL_CUTOFF,-1
8,9,4,4831,POP,-1,bagdfhcljpienkom
8,9,0,4832,DEL_CUTOFF,4
8,9,1,4832,POP,4,bcehfgldjpimnkoa
8,9,2,4832,DEL_EXPLORED,-4
8,9,4,4832,DEL_EXPLORED,4
8,9,0,4833,DEL_CUTOFF,-4
8,9,1,4833,PUSH,-4,bcehfglajpidnkom,-4,4,-1
8,9,2,4833,POP,4,cghdblpefjoinkam
8,9,4,4833,POP,-4,bgadfhcljpienkom
8,9,0,4834,POP,-1,bchdfloepagijnkm
8,9,1,4834,PUSH,-1,bcehfgaljpidnkom,-4,4,-1,1
8,9,2,4834,DEL_EXPLORED,-4
8,9,4,4834,POP,1,bgcdfhaljpienkom
8,9,0,4835,PUSH,4,bchdfloepgkijnam,-4,-1,1
8,9,1,4835,DEL_EXPLORED,1
8,9,2,4835,POP,4,cghdblpefjainkom
8,9,4,4835,PUSH,-1,bgcdafhljpienkom,-4,4,1
8,9,0,4836,DEL_CUTOFF,1
8,9,1,4836,DEL_CUTOFF,-1
8,9,2,4836,PUSH,-4,cgadblhefjpinkom,4,-1,1
8,9,4,4836,DEL_EXPLORED,1
8,9,0,4837,DEL_CUTOFF,-1
8,9,1,4837,DEL_CUTOFF,4
8,9,2,4837,PUSH,1,cgdablhefjpinkom,4,-1
8,9,4,4837,PUSH,4,bgcdjfhlapienkom,-4,4,1
8,9,0,4838,DEL_EXPLORED,-4
8,9,1,4838,DEL_CUTOFF,-4
8,9,2,4838,DEL_EXPLORED,-1
8,9,4,4838,PUSH,1,bgcdjfhlpaienkom,-4,4,-1,1
8,9,0,4839,POP,4,bchdfloepgkijnam
8,9,1,4839,POP,-1,bcehfgaljpidnkom
8,9,2,4839,DEL_CUTOFF,4
8,9,4,4839,DEL_CUTOFF,1
8,9,0,4840,DEL_EXPLORED,-4
8,9,1,4840,DEL_EXPLORED,4
8,9,2,4840,POP,1,cgdablhefjpinkom
8,9,4,4840,DEL_EXPLORED,-1
8,9,0,4841,POP,4,bchdfloepgaijnkm
8,9,1,4841,PUSH,-4,bceafglhjpidnkom,4,-1
8,9,2,4841,PUSH,-1,cagdblhefjpinkom,4,-1,1
8,9,4,4841,DEL_CUTOFF,4
8,9,0,4842,PUSH,-4,bcadflhepgoijnkm,4,-1,1
8,9,1,4842,DEL_CUTOFF,-1
8,9,2,4842,DEL_EXPLORED,1
8,9,4,4842,DEL_CUTOFF,-4
8,9,0,4843,PUSH,1,bcdaflhepgoijnkm,4,-1
8,9,1,4843,DEL_EXPLORED,4
8,9,2,4843,DEL_CUTOFF,-1
8,9,4,4843,POP,1,bgcdjfhlpaienkom
8,9,0,4844,DEL_EXPLORED,-1
8,9,1,4844,POP,-4,bceafglhjpidnkom
8,9,2,4844,DEL_CUTOFF,4
8,9,4,4844,PUSH,4,bgcdjfhlnpieakom,-4,1
8,9,0,4845,DEL_CUTOFF,4
8,9,1,4845,POP,-4,bcehfglajpidnkom
8,9,2,4845,POP,-1,cagdblhefjpinkom
8,9,4,4845,DEL_CUTOFF,1
8,9,0,4846,POP,1,bcdaflhepgoijnkm
8,9,1,4846,POP,1,bcehfgldjpiankom
8,9,2,4846,DEL_EXPLORED,4
8,9,4,4846,DEL_EXPLORED,-4
8,9,0,4847,PUSH,-1,bacdflhepgoijnkm,4,-1,1
8,9,1,4847,PUSH,-1,bcehfgldjapinkom,-4,4,-1,1
8,9,2,4847,POP,-4,cgadblhefjpinkom
8,9,4,4847,POP,4,bgcdjfhlnpieakom
8,9,0,4848,DEL_EXPLORED,1
8,9,1,4848,DEL_EXPLORED,1
8,9,2,4848,POP,1,cghdblaefjpinkom
8,9,4,4848,DEL_EXPLORED,-4
8,9,0,4849,DEL_CUTOFF,-1
8,9,1,4849,PUSH,-1,bcehfgldajpinkom,-4,4,1
8,9,2,4849,PUSH,-1,cghdablefjpinkom,-4,4,1
8,9,4,4849,POP,4,bgcdjfhlapienkom
8,9,0,4850,DEL_CUTOFF,4
8,9,1,4850,DEL_EXPLORED,1
8,9,2,4850,DEL_EXPLORED,1
8,9,4,4850,PUSH,-4,agcdbfhljpienkom,4,1
8,9,0,4851,POP,-1,bacdflhepgoijnkm
8,9,1,4851,PUSH,4,bcehfgldnjpiakom,-4,1
8,9,2,4851,PUSH,4,cghdfbleajpinkom,-4,4,1
8,9,4,4851,PUSH,1,gacdbfhljpienkom,4,-1,1
8,9,0,4852,DEL_EXPLORED,4
8,9,1,4852,DEL_CUTOFF,1
8,9,2,4852,PUSH,1,cghdfblejapinkom,-4,4,-1,1
8,9,4,4852,DEL_CUTOFF,1
8,9,0,4853,POP,-4,bcadflhepgoijnkm
8,9,1,4853,DEL_EXPLORED,-4
8,9,2,4853,DEL_CUTOFF,1
8,9,4,4853,DEL_EXPLORED,-1
8,9,0,4854,POP,1,bchdflaepgoijnkm
8,9,1,4854,POP,4,bcehfgldnjpiakom
8,9,2,4854,DEL_EXPLORED,-1
8,9,4,4854,DEL_CUTOFF,4
8,9,0,4855,PUSH,-1,bchdaflepgoijnkm,-4,4,1
8,9,1,4855,PUSH,-4,bcehagldfjpinkom,-4,4,1
8,9,2,4855,DEL_CUTOFF,4
8,9,4,4855,POP,1,gacdbfhljpienkom
8,9,0,4856,DEL_EXPLORED,1
8,9,1,4856,DEL_CUTOFF,1
8,9,2,4856,DEL_CUTOFF,-4
8,9,4,4856,DEL_EXPLORED,4
8,9,0,4857,PUSH,4,bchdpfleagoijnkm,-4,4,1
8,9,1,4857,DEL_EXPLORED,4
8,9,2,4857,POP,1,cghdfblejapinkom
8,9,4,4857,POP,-4,agcdbfhljpienkom
8,9,0,4858,PUSH,1,bchdpflegaoijnkm,-4,4,-1,1
8,9,1,4858,DEL_CUTOFF,-4
8,9,2,4858,PUSH,4,cghdfblenjpiakom,-4,1
8,9,4,4858,POP,-1,bgcdafhljpienkom
8,9,0,4859,DEL_CUTOFF,1
8,9,1,4859,POP,-4,bcehagldfjpinkom
8,9,2,4859,DEL_CUTOFF,1
8,9,4,4859,PUSH,4,bgcdfphljaienkom,-4,4,-1,1
8,9,0,4860,DEL_EXPLORED,-1
8,9,1,4860,POP,-1,bcehfgldajpinkom
8,9,2,4860,DEL_EXPLORED,-4
8,9,4,4860,PUSH,1,bgcdfphljiaenkom,-4,4,-1,1
8,9,0,4861,DEL_CUTOFF,4
8,9,1,4861,PUSH,4,bcehfgldjkpinaom,-4,-1,1
8,9,2,4861,POP,4,cghdfblenjpiakom
8,9,4,4861,PUSH,1,bgcdfphljieankom,-4,4,-1
8,9,0,4862,DEL_CUTOFF,-4
8,9,1,4862,PUSH,1,bcehfgldjkpinoam,-4,-1,1
8,9,2,4862,DEL_EXPLORED,-4
8,9,4,4862,DEL_EXPLORED,-1
8,9,0,4863,POP,1,bchdpflegaoijnkm
8,9,1,4863,DEL_CUTOFF,1
8,9,2,4863,POP,4,cghdfbleajpinkom
8,9,4,4863,DEL_CUTOFF,4
8,9,0,4864,PUSH,4,bchdpflejgoiankm,-4,1
8,9,1,4864,DEL_EXPLORED,-1
8,9,2,4864,PUSH,-4,aghdcblefjpinkom,4,1
8,9,4,4864,DEL_CUTOFF,-4
8,9,0,4865,DEL_CUTOFF,1
8,9,1,4865,DEL_CUTOFF,-4
8,9,2,4865,PUSH,1,gahdcblefjpinkom,4,-1,1
8,9,4,4865,POP,1,bgcdfphljieankom
8,9,0,4866,DEL_EXPLORED,-4
8,9,1,4866,POP,1,bcehfgldjkpinoam
8,9,2,4866,DEL_CUTOFF,1
8,9,4,4866,DEL_EXPLORED,-1
8,9,0,4867,POP,4,bchdpflejgoiankm
8,9,1,4867,PUSH,-1,bcehfgldjkpianom,-4,1
8,9,2,4867,DEL_EXPLORED,-1
8,9,4,4867,PUSH,4,bgcdfphljioenkam,-4,-1,1
8,9,0,4868,DEL_EXPLORED,-4
8,9,1,4868,DEL_EXPLORED,1
8,9,2,4868,DEL_CUTOFF,4
8,9,4,4868,DEL_CUTOFF,1
8,9,0,4869,POP,4,bchdpfleagoijnkm
8,9,1,4869,DEL_CUTOFF,-4
8,9,2,4869,POP,1,gahdcblefjpinkom
8,9,4,4869,DEL_CUTOFF,-1
8,9,0,4870,PUSH,-4,achdbflepgoijnkm,4,1
8,9,1,4870,POP,-1,bcehfgldjkpianom
8,9,2,4870,DEL_EXPLORED,4
8,9,4,4870,DEL_EXPLORED,-4
8,9,0,4871,PUSH,1,cahdbflepgoijnkm,4,-1,1
8,9,1,4871,DEL_EXPLORED,-4
8,9,2,4871,POP,-4,aghdcblefjpinkom
8,9,4,4871,POP,4,bgcdfphljioenkam
8,9,0,4872,DEL_CUTOFF,1
8,9,1,4872,POP,4,bcehfgldjkpinaom
8,9,2,4872,POP,-1,cghdablefjpinkom
8,9,4,4872,PUSH,-4,bgcdfpaljihenkom,-4,4,-1,1
8,9,0,4873,DEL_EXPLORED,-1
8,9,1,4873,PUSH,-4,bcehfaldjgpinkom,-4,4,-1,1
8,9,2,4873,PUSH,4,cghdbjlefapinkom,-4,4,-1,1
8,9,4,4873,DEL_CUTOFF,1
8,9,0,4874,DEL_CUTOFF,4
8,9,1,4874,PUSH,1,bcehfladjgpinkom,-4,4,-1,1
8,9,2,4874,PUSH,1,cghdbjlefpainkom,-4,4,-1,1
8,9,4,4874,DEL_CUTOFF,-1
8,9,0,4875,POP,1,cahdbflepgoijnkm
8,9,1,4875,DEL_CUTOFF,1
8,9,2,4875,PUSH,1,cghdbjlefpiankom,-4,4,-1
8,9,4,4875,DEL_EXPLORED,4
8,9,0,4876,DEL_EXPLORED,4
8,9,1,4876,DEL_EXPLORED,-1
8,9,2,4876,DEL_EXPLORED,-1
8,9,4,4876,DEL_CUTOFF,-4
8,9,0,4877,POP,-4,achdbflepgoijnkm
8,9,1,4877,DEL_CUTOFF,4
8,9,2,4877,DEL_CUTOFF,4
8,9,4,4877,POP,-4,bgcdfpaljihenkom
8,9,0,4878,POP,-1,bchdaflepgoijnkm
8,9,1,4878,DEL_CUTOFF,-4
8,9,2,4878,DEL_CUTOFF,-4
8,9,4,4878,POP,1,bgcdfphljiaenkom
8,9,0,4879,DEL_EXPLORED,4
8,9,1,4879,POP,1,bcehfladjgpinkom
8,9,2,4879,POP,1,cghdbjlefpiankom
8,9,4,4879,PUSH,-1,bgcdfphlajienkom,-4,4,1
8,9,0,4880,PUSH,-4,bahdfclepgoijnkm,4,-1,1
8,9,1,4880,PUSH,-1,bcehafldjgpinkom,-4,4,1
8,9,2,4880,DEL_EXPLORED,-1
8,9,4,4880,DEL_EXPLORED,1
8,9,0,4881,PUSH,1,bhadfclepgoijnkm,4,-1,1
8,9,1,4881,DEL_EXPLORED,1
8,9,2,4881,PUSH,4,cghdbjlefpoinkam,-4,-1,1
8,9,4,4881,PUSH,4,bgcdfphlnjieakom,-4,1
8,9,0,4882,PUSH,1,bhdafclepgoijnkm,4,-1
8,9,1,4882,DEL_CUTOFF,4
8,9,2,4882,DEL_CUTOFF,1
8,9,4,4882,DEL_CUTOFF,1
8,9,0,4883,DEL_EXPLORED,-1
8,9,1,4883,DEL_CUTOFF,-4
8,9,2,4883,DEL_CUTOFF,-1
8,9,4,4883,DEL_EXPLORED,-4
8,9,0,4884,DEL_CUTOFF,4
8,9,1,4884,POP,-1,bcehafldjgpinkom
8,9,2,4884,DEL_EXPLORED,-4
8,9,4,4884,POP,4,bgcdfphlnjieakom
8,9,0,4885,POP,1,bhdafclepgoijnkm
8,9,1,4885,DEL_EXPLORED,4
8,9,2,4885,POP,4,cghdbjlefpoinkam
8,9,4,4885,PUSH,-4,bgcdaphlfjienkom,-4,4,1
8,9,0,4886,DEL_EXPLORED,-1
8,9,1,4886,PUSH,-4,baehfcldjgpinkom,4,-1,1
8,9,2,4886,PUSH,-4,cghdbjaefplinkom,-4,4,-1,1
8,9,4,4886,DEL_CUTOFF,1
8,9,0,4887,PUSH,4,bhldfcaepgoijnkm,-4,4,-1,1
8,9,1,4887,DEL_CUTOFF,1
8,9,2,4887,DEL_CUTOFF,1
8,9,4,4887,DEL_EXPLORED,4
8,9,0,4888,DEL_CUTOFF,1
8,9,1,4888,DEL_CUTOFF,-1
8,9,2,4888,DEL_CUTOFF,-1
8,9,4,4888,DEL_CUTOFF,-4
8,9,0,4889,DEL_CUTOFF,-1
8,9,1,4889,DEL_EXPLORED,4
8,9,2,4889,DEL_EXPLORED,4
8,9,4,4889,POP,-4,bgcdaphlfjienkom
8,9,0,4890,DEL_CUTOFF,4
8,9,1,4890,POP,-4,baehfcldjgpinkom
8,9,2,4890,DEL_CUTOFF,-4
8,9,4,4890,POP,-1,bgcdfphlajienkom
8,9,0,4891,DEL_EXPLORED,-4
8,9,1,4891,POP,-4,bcehfaldjgpinkom
8,9,2,4891,POP,-4,cghdbjaefplinkom
8,9,4,4891,PUSH,4,bgcdfphljkienaom,-4,-1,1
8,9,0,4892,POP,4,bhldfcaepgoijnkm
8,9,1,4892,POP,-1,bcehfgldjapinkom
8,9,2,4892,POP,1,cghdbjlefpainkom
8,9,4,4892,PUSH,1,bgcdfphljkienoam,-4,-1,1
8,9,0,4893,POP,1,bhadfclepgoijnkm
8,9,1,4893,PUSH,4,bcehfgldjpoinkam,-4,-1,1
8,9,2,4893,PUSH,-1,cghdbjleafpinkom,-4,4,1
8,9,4,4893,DEL_CUTOFF,1
8,9,0,4894,PUSH,-1,abhdfclepgoijnkm,4,1
8,9,1,4894,PUSH,1,bcehfgldjpoinkma,-4,-1
8,9,2,4894,DEL_EXPLORED,1
8,9,4,4894,DEL_EXPLORED,-1
8,9,0,4895,DEL_EXPLORED,1
8,9,1,4895,DEL_EXPLORED,-1
8,9,2,4895,PUSH,4,cghdbjlenfpiakom,-4,1
8,9,4,4895,DEL_CUTOFF,-4
8,9,0,4896,PUSH,4,fbhdaclepgoijnkm,-4,4,1
8,9,1,4896,PUSH,-4,bcehfgldjpoankmi,-4,4,-1
8,9,2,4896,DEL_CUTOFF,1
8,9,4,4896,POP,1,bgcdfphljkienoam
8,9,0,4897,DEL_CUTOFF,1
8,9,1,4897,DEL_CUTOFF,-1
8,9,2,4897,DEL_EXPLORED,-4
8,9,4,4897,PUSH,-1,bgcdfphljkieanom,-4,1
8,9,0,4898,DEL_CUTOFF,4
8,9,1,4898,DEL_EXPLORED,4
8,9,2,4898,POP,4,cghdbjlenfpiakom
8,9,4,4898,DEL_EXPLORED,1
8,9,0,4899,DEL_EXPLORED,-4
8,9,1,4899,DEL_CUTOFF,-4
8,9,2,4899,PUSH,-4,cghdajlebfpinkom,-4,4,1
8,9,4,4899,DEL_CUTOFF,-4
8,9,0,4900,POP,4,fbhdaclepgoijnkm
8,9,1,4900,POP,-4,bcehfgldjpoankmi
8,9,2,4900,DEL_CUTOFF,1
8,9,4,4900,POP,-1,bgcdfphljkieanom
8,9,0,4901,POP,-1,abhdfclepgoijnkm
8,9,1,4901,POP,1,bcehfgldjpoinkma
8,9,2,4901,DEL_EXPLORED,4
8,9,4,4901,DEL_EXPLORED,-4
8,9,0,4902,DEL_EXPLORED,4
8,9,1,4902,PUSH,-1,bcehfgldjpoinakm,-4,-1,1
8,9,2,4902,DEL_CUTOFF,-4
8,9,4,4902,POP,4,bgcdfphljkienaom
8,9,0,4903,POP,-4,bahdfclepgoijnkm
8,9,1,4903,DEL_EXPLORED,1
8,9,2,4903,POP,-4,cghdajlebfpinkom
8,9,4,4903,DEL_EXPLORED,-4
8,9,0,4904,POP,-4,bchdfalepgoijnkm
8,9,1,4904,PUSH,-1,bcehfgldjpoiankm,-4,1
8,9,2,4904,POP,-1,cghdbjleafpinkom
8,9,4,4904,POP,4,bgcdfphljaienkom
8,9,0,4905,POP,1,bchdfglepaoijnkm
8,9,1,4905,DEL_EXPLORED,1
8,9,2,4905,PUSH,4,cghdbjlefkpinaom,-4,-1,1
8,9,4,4905,DEL_EXPLORED,-4
8,9,0,4906,DEL_EXPLORED,4
8,9,1,4906,DEL_CUTOFF,-4
8,9,2,4906,PUSH,1,cghdbjlefkpinoam,-4,-1,1
8,9,4,4906,POP,4,bgcdfahljpienkom
8,9,0,4907,PUSH,-4,bchdaglefpoijnkm,-4,4,1
8,9,1,4907,POP,-1,bcehfgldjpoiankm
8,9,2,4907,DEL_CUTOFF,1
8,9,4,4907,POP,-1,bacdfghljpienkom
8,9,0,4908,PUSH,1,bchdgalefpoijnkm,-4,4,-1,1
8,9,1,4908,PUSH,-4,bcehfgldjaoinpkm,-4,4,-1,1
8,9,2,4908,DEL_EXPLORED,-1
8,9,4,4908,DEL_EXPLORED,4
8,9,0,4909,PUSH,1,bchdglaefpoijnkm,-4,4,-1,1
8,9,1,4909,DEL_CUTOFF,1
8,9,2,4909,DEL_CUTOFF,-4
8,9,4,4909,POP,-4,bcadfghljpienkom
8,9,0,4910,PUSH,1,bchdgleafpoijnkm,-4,4,-1
8,9,1,4910,DEL_CUTOFF,-1
8,9,2,4910,POP,1,cghdbjlefkpinoam
8,9,4,4910,POP,-1,bchdfgaljpienkom
8,9,0,4911,DEL_EXPLORED,-1
8,9,1,4911,DEL_EXPLORED,4
8,9,2,4911,PUSH,-1,cghdbjlefkpianom,-4,1
8,9,4,4911,DEL_EXPLORED,4
8,9,0,4912,PUSH,4,bchdgleifpoajnkm,-4,4,-1
8,9,1,4912,DEL_CUTOFF,-4
8,9,2,4912,DEL_EXPLORED,1
8,9,4,4912,PUSH,-4,bchafgldjpienkom,4,-1
8,9,0,4913,DEL_CUTOFF,-1
8,9,1,4913,POP,-4,bcehfgldjaoinpkm
8,9,2,4913,DEL_CUTOFF,-4
8,9,4,4913,PUSH,-1,bcahfgldjpienkom,4,-1,1
8,9,0,4914,DEL_CUTOFF,4
8,9,1,4914,POP,-1,bcehfgldjpoinakm
8,9,2,4914,POP,-1,cghdbjlefkpianom
8,9,4,4914,DEL_EXPLORED,1
8,9,0,4915,DEL_EXPLORED,-4
8,9,1,4915,DEL_EXPLORED,-4
8,9,2,4915,DEL_EXPLORED,-4
8,9,4,4915,PUSH,-1,bachfgldjpienkom,4,-1,1
8,9,0,4916,POP,4,bchdgleifpoajnkm
8,9,1,4916,POP,4,bcehfgldjpoinkam
8,9,2,4916,POP,4,cghdbjlefkpinaom
8,9,4,4916,DEL_EXPLORED,1
8,9,0,4917,PUSH,-4,bchagledfpoijnkm,4,-1
8,9,1,4917,DEL_EXPLORED,-4
8,9,2,4917,DEL_EXPLORED,-4
8,9,4,4917,PUSH,-1,abchfgldjpienkom,4,1
8,9,0,4918,DEL_CUTOFF,-1
8,9,1,4918,POP,4,bcehfgldjpainkom
8,9,2,4918,POP,4,cghdbjlefapinkom
8,9,4,4918,DEL_EXPLORED,1
8,9,0,4919,DEL_EXPLORED,4
8,9,1,4919,DEL_EXPLORED,-4
8,9,2,4919,DEL_EXPLORED,-4
8,9,4,4919,PUSH,4,fbchagldjpienkom,-4,4,1
8,9,0,4920,POP,-4,bchagledfpoijnkm
8,9,1,4920,POP,4,bcehfgadjplinkom
8,9,2,4920,POP,4,cghdbalefjpinkom
8,9,4,4920,PUSH,1,fbchgaldjpienkom,-4,4,-1,1
8,9,0,4921,POP,1,bchdgleafpoijnkm
8,9,1,4921,POP,-1,bcahfgedjplinkom
8,9,2,4921,POP,1,cahdbglefjpinkom
8,9,4,4921,PUSH,1,fbchgladjpienkom,-4,4,-1,1
8,9,0,4922,DEL_EXPLORED,-1
8,9,1,4922,DEL_EXPLORED,4
8,9,2,4922,DEL_EXPLORED,4
8,9,4,4922,DEL_CUTOFF,1
8,9,0,4923,PUSH,4,bchdgloefpaijnkm,-4,4,-1,1
8,9,1,4923,POP,-4,bchafgedjplinkom
8,9,2,4923,POP,-4,achdbglefjpinkom
8,9,4,4923,DEL_EXPLORED,-1
8,9,0,4924,PUSH,1,bchdgloefpiajnkm,-4,4,-1
8,9,1,4924,POP,1,bchdfgeajplinkom
8,9,2,4924,POP,-4,bchdaglefjpinkom
8,9,4,4924,DEL_CUTOFF,4
8,9,0,4925,DEL_EXPLORED,-1
8,9,1,4925,PUSH,-1,bchdfagejplinkom,-4,4,-1,1
8,9,2,4925,POP,-1,bchdfgleajpinkom
8,9,4,4925,DEL_CUTOFF,-4
8,9,0,4926,DEL_CUTOFF,4
8,9,1,4926,DEL_EXPLORED,1
8,9,2,4926,PUSH,4,bchdfglejkpinaom,-4,-1,1
8,9,4,4926,POP,1,fbchgladjpienkom
8,9,0,4927,DEL_CUTOFF,-4
8,9,1,4927,PUSH,-1,bchdafgejplinkom,-4,4,1
8,9,2,4927,PUSH,1,bchdfglejkpinoam,-4,-1,1
8,9,4,4927,DEL_EXPLORED,-1
8,9,0,4928,POP,1,bchdgloefpiajnkm
8,9,1,4928,DEL_EXPLORED,1
8,9,2,4928,PUSH,1,bchdfglejkpinoma,-4,-1
8,9,4,4928,PUSH,4,fbchgpldjaienkom,-4,4,-1,1
8,9,0,4929,PUSH,-1,bchdgloefapijnkm,-4,4,-1,1
8,9,1,4929,PUSH,4,bchdjfgeaplinkom,-4,4,1
8,9,2,4929,DEL_EXPLORED,-1
8,9,4,4929,DEL_CUTOFF,1
8,9,0,4930,DEL_EXPLORED,1
8,9,1,4930,PUSH,1,bchdjfgepalinkom,-4,4,-1,1
8,9,2,4930,PUSH,-4,bchdfglejkpanomi,-4,4,-1
8,9,4,4930,DEL_CUTOFF,-1
8,9,0,4931,DEL_CUTOFF,-1
8,9,1,4931,PUSH,1,bchdjfgeplainkom,-4,4,-1,1
8,9,2,4931,PUSH,-1,bchdfglejkapnomi,-4,4,-1,1
8,9,4,4931,DEL_CUTOFF,4
8,9,0,4932,DEL_CUTOFF,4
8,9,1,4932,PUSH,1,bchdjfgepliankom,-4,4,-1
8,9,2,4932,DEL_EXPLORED,1
8,9,4,4932,DEL_EXPLORED,-4
8,9,0,4933,DEL_CUTOFF,-4
8,9,1,4933,DEL_EXPLORED,-1
8,9,2,4933,PUSH,-1,bchdfglejakpnomi,-4,4,-1,1
8,9,4,4933,POP,4,fbchgpldjaienkom
8,9,0,4934,POP,-1,bchdgloefapijnkm
8,9,1,4934,PUSH,4,bchdjfgeplimnkoa,-4,-1
8,9,2,4934,DEL_EXPLORED,1
8,9,4,4934,PUSH,-4,fachgbldjpienkom,4,-1,1
8,9,0,4935,PUSH,4,bchdgloefpkijnam,-4,-1,1
8,9,1,4935,PUSH,-1,bchdjfgeplimnkao,-4,-1,1
8,9,2,4935,PUSH,-1,bchdfgleajkpnomi,-4,4,1
8,9,4,4935,DEL_CUTOFF,1
8,9,0,4936,DEL_CUTOFF,1
8,9,1,4936,DEL_EXPLORED,1
8,9,2,4936,DEL_EXPLORED,1
8,9,4,4936,DEL_CUTOFF,-1
8,9,0,4937,DEL_CUTOFF,-1
8,9,1,4937,DEL_CUTOFF,-1
8,9,2,4937,PUSH,4,bchdfglenjkpaomi,-4,1
8,9,4,4937,DEL_EXPLORED,4
8,9,0,4938,DEL_EXPLORED,-4
8,9,1,4938,DEL_CUTOFF,-4
8,9,2,4938,DEL_CUTOFF,1
8,9,4,4938,POP,-4,fachgbldjpienkom
8,9,0,4939,POP,4,bchdgloefpkijnam
8,9,1,4939,POP,-1,bchdjfgeplimnkao
8,9,2,4939,DEL_EXPLORED,-4
8,9,4,4939,POP,1,fbchgaldjpienkom
8,9,0,4940,DEL_EXPLORED,-4
8,9,1,4940,DEL_EXPLORED,-4
8,9,2,4940,POP,4,bchdfglenjkpaomi
8,9,4,4940,PUSH,4,fbchjgldapienkom,-4,4,1
8,9,0,4941,POP,4,bchdgloefpaijnkm
8,9,1,4941,POP,4,bchdjfgeplimnkoa
8,9,2,4941,PUSH,-4,bchdaglefjkpnomi,-4,4,1
8,9,4,4941,PUSH,1,fbchjgldpaienkom,-4,4,-1,1
8,9,0,4942,PUSH,-4,bcadglhefpoijnkm,4,-1,1
8,9,1,4942,PUSH,-4,bchdjfgaplienkom,-4,4,-1
8,9,2,4942,DEL_CUTOFF,1
8,9,4,4942,DEL_CUTOFF,1
8,9,0,4943,PUSH,1,bcdaglhefpoijnkm,4,-1
8,9,1,4943,PUSH,-1,bchdjfagplienkom,-4,4,-1,1
8,9,2,4943,DEL_EXPLORED,4
8,9,4,4943,DEL_EXPLORED,-1
8,9,0,4944,DEL_EXPLORED,-1
8,9,1,4944,DEL_EXPLORED,1
8,9,2,4944,DEL_CUTOFF,-4
8,9,4,4944,DEL_CUTOFF,4
8,9,0,4945,DEL_CUTOFF,4
8,9,1,4945,DEL_CUTOFF,-1
8,9,2,4945,POP,-4,bchdaglefjkpnomi
8,9,4,4945,DEL_CUTOFF,-4
8,9,0,4946,POP,1,bcdaglhefpoijnkm
8,9,1,4946,DEL_CUTOFF,4
8,9,2,4946,POP,-1,bchdfgleajkpnomi
8,9,4,4946,POP,1,fbchjgldpaienkom
8,9,0,4947,PUSH,-1,bacdglhefpoijnkm,4,-1,1
8,9,1,4947,DEL_CUTOFF,-4
8,9,2,4947,PUSH,4,bchdfglejokpnami,-4,-1,1
8,9,4,4947,PUSH,4,fbchjgldnpieakom,-4,1
8,9,0,4948,DEL_EXPLORED,1
8,9,1,4948,POP,-1,bchdjfagplienkom
8,9,2,4948,PUSH,1,bchdfglejokpnmai,-4,-1,1
8,9,4,4948,DEL_CUTOFF,1
8,9,0,4949,DEL_CUTOFF,-1
8,9,1,4949,DEL_EXPLORED,4
8,9,2,4949,DEL_CUTOFF,1
8,9,4,4949,DEL_EXPLORED,-4
8,9,0,4950,DEL_CUTOFF,4
8,9,1,4950,PUSH,-4,bchajfgdplienkom,4,-1
8,9,2,4950,DEL_EXPLORED,-1
8,9,4,4950,POP,4,fbchjgldnpieakom
8,9,0,4951,POP,-1,bacdglhefpoijnkm
8,9,1,4951,DEL_CUTOFF,-1
8,9,2,4951,DEL_CUTOFF,-4
8,9,4,4951,DEL_EXPLORED,-4
8,9,0,4952,DEL_EXPLORED,4
8,9,1,4952,DEL_EXPLORED,4
8,9,2,4952,POP,1,bchdfglejokpnmai
8,9,4,4952,POP,4,fbchjgldapienkom
8,9,0,4953,POP,-4,bcadglhefpoijnkm
8,9,1,4953,POP,-4,bchajfgdplienkom
8,9,2,4953,PUSH,-1,bchdfglejokpanmi,-4,1
8,9,4,4953,DEL_EXPLORED,-4
8,9,0,4954,POP,1,bchdglaefpoijnkm
8,9,1,4954,POP,-4,bchdjfgaplienkom
8,9,2,4954,DEL_EXPLORED,1
8,9,4,4954,POP,4,fbchagldjpienkom
8,9,0,4955,DEL_EXPLORED,-1
8,9,1,4955,POP,1,bchdjfgepliankom
8,9,2,4955,DEL_CUTOFF,-4
8,9,4,4955,POP,-1,abchfgldjpienkom
8,9,0,4956,PUSH,4,bchdgplefaoijnkm,-4,4,-1,1
8,9,1,4956,DEL_EXPLORED,-1
8,9,2,4956,POP,-1,bchdfglejokpanmi
8,9,4,4956,PUSH,4,bgchfaldjpienkom,-4,4,-1,1
8,9,0,4957,PUSH,1,bchdgplefoaijnkm,-4,4,-1,1
8,9,1,4957,PUSH,4,bchdjfgeploinkam,-4,-1,1
8,9,2,4957,DEL_EXPLORED,-4
8,9,4,4957,PUSH,1,bgchfladjpienkom,-4,4,-1,1
8,9,0,4958,PUSH,1,bchdgplefoiajnkm,-4,4,-1
8,9,1,4958,PUSH,1,bchdjfgeploinkma,-4,-1
8,9,2,4958,POP,4,bchdfglejokpnami
8,9,4,4958,PUSH,1,bgchfldajpienkom,-4,4,-1
8,9,0,4959,DEL_EXPLORED,-1
8,9,1,4959,DEL_EXPLORED,-1
8,9,2,4959,PUSH,-4,bchdfalejgkpnomi,-4,4,-1,1
8,9,4,4959,DEL_EXPLORED,-1
8,9,0,4960,DEL_CUTOFF,4
8,9,1,4960,PUSH,-4,bchdjfgeploankmi,-4,4,-1
8,9,2,4960,PUSH,1,bchdflaejgkpnomi,-4,4,-1,1
8,9,4,4960,PUSH,4,bgchfldejpiankom,-4,4,-1
8,9,0,4961,DEL_CUTOFF,-4
8,9,1,4961,DEL_CUTOFF,-1
8,9,2,4961,DEL_CUTOFF,1
8,9,4,4961,DEL_CUTOFF,-1
8,9,0,4962,POP,1,bchdgplefoiajnkm
8,9,1,4962,DEL_EXPLORED,4
8,9,2,4962,DEL_EXPLORED,-1
8,9,4,4962,DEL_CUTOFF,4
8,9,0,4963,DEL_EXPLORED,-1
8,9,1,4963,DEL_CUTOFF,-4
8,9,2,4963,DEL_CUTOFF,4
8,9,4,4963,DEL_EXPLORED,-4
8,9,0,4964,PUSH,4,bchdgplefokijnam,-4,-1,1
8,9,1,4964,POP,-4,bchdjfgeploankmi
8,9,2,4964,DEL_CUTOFF,-4
8,9,4,4964,POP,4,bgchfldejpiankom
8,9,0,4965,DEL_CUTOFF,1
8,9,1,4965,POP,1,bchdjfgeploinkma
8,9,2,4965,POP,1,bchdflaejgkpnomi
8,9,4,4965,PUSH,-4,bgcafldhjpienkom,4,-1
8,9,0,4966,DEL_CUTOFF,-1
8,9,1,4966,PUSH,-1,bchdjfgeploinakm,-4,-1,1
8,9,2,4966,PUSH,-1,bchdaflejgkpnomi,-4,4,1
8,9,4,4966,DEL_CUTOFF,-1
8,9,0,4967,DEL_EXPLORED,-4
8,9,1,4967,DEL_EXPLORED,1
8,9,2,4967,DEL_EXPLORED,1
8,9,4,4967,DEL_EXPLORED,4
8,9,0,4968,POP,4,bchdgplefokijnam
8,9,1,4968,PUSH,-1,bchdjfgeploiankm,-4,1
8,9,2,4968,DEL_CUTOFF,4
8,9,4,4968,POP,-4,bgcafldhjpienkom
8,9,0,4969,PUSH,-4,bchdgpaefolijnkm,-4,4,-1,1
8,9,1,4969,DEL_EXPLORED,1
8,9,2,4969,DEL_CUTOFF,-4
8,9,4,4969,POP,1,bgchfldajpienkom
8,9,0,4970,DEL_CUTOFF,1
8,9,1,4970,DEL_CUTOFF,-4
8,9,2,4970,POP,-1,bchdaflejgkpnomi
8,9,4,4970,DEL_EXPLORED,-1
8,9,0,4971,DEL_CUTOFF,-1
8,9,1,4971,POP,-1,bchdjfgeploiankm
8,9,2,4971,DEL_EXPLORED,4
8,9,4,4971,PUSH,4,bgchflidjpaenkom,-4,4,-1,1
8,9,0,4972,DEL_EXPLORED,4
8,9,1,4972,PUSH,-4,bchdjfgepaoinlkm,-4,4,-1,1
8,9,2,4972,PUSH,-4,bahdfclejgkpnomi,4,-1,1
8,9,4,4972,PUSH,1,bgchflidjpeankom,-4,4,-1
8,9,0,4973,DEL_CUTOFF,-4
8,9,1,4973,DEL_CUTOFF,1
8,9,2,4973,DEL_CUTOFF,1
8,9,4,4973,DEL_EXPLORED,-1
8,9,0,4974,POP,-4,bchdgpaefolijnkm
8,9,1,4974,DEL_CUTOFF,-1
8,9,2,4974,DEL_CUTOFF,-1
8,9,4,4974,DEL_CUTOFF,4
8,9,0,4975,POP,1,bchdgplefoaijnkm
8,9,1,4975,DEL_EXPLORED,4
8,9,2,4975,DEL_EXPLORED,4
8,9,4,4975,DEL_CUTOFF,-4
8,9,0,4976,PUSH,-1,bchdgpleafoijnkm,-4,4,1
8,9,1,4976,DEL_CUTOFF,-4
8,9,2,4976,POP,-4,bahdfclejgkpnomi
8,9,4,4976,POP,1,bgchflidjpeankom
8,9,0,4977,DEL_EXPLORED,1
8,9,1,4977,POP,-4,bchdjfgepaoinlkm
8,9,2,4977,POP,-4,bchdfalejgkpnomi
8,9,4,4977,PUSH,-1,bgchflidjapenkom,-4,4,-1,1
8,9,0,4978,PUSH,4,bchdgplejfoiankm,-4,1
8,9,1,4978,POP,-1,bchdjfgeploinakm
8,9,2,4978,POP,-1,bchdfglejakpnomi
8,9,4,4978,DEL_EXPLORED,1
8,9,0,4979,DEL_CUTOFF,1
8,9,1,4979,DEL_EXPLORED,-4
8,9,2,4979,PUSH,4,bchdfglejkmpnoai,-4,-1,1
8,9,4,4979,DEL_CUTOFF,-1
8,9,0,4980,DEL_EXPLORED,-4
8,9,1,4980,POP,4,bchdjfgeploinkam
8,9,2,4980,PUSH,1,bchdfglejkmpnoia,-4,-1
8,9,4,4980,DEL_CUTOFF,4
8,9,0,4981,POP,4,bchdgplejfoiankm
8,9,1,4981,PUSH,-4,bchdjfaeplginkom,-4,4,-1,1
8,9,2,4981,DEL_EXPLORED,-1
8,9,4,4981,DEL_CUTOFF,-4
8,9,0,4982,PUSH,-4,bchdaplegfoijnkm,-4,4,1
8,9,1,4982,PUSH,1,bchdjfeaplginkom,-4,4,-1
8,9,2,4982,PUSH,-4,bchdfglejkmanoip,-4,4,-1
8,9,4,4982,POP,-1,bgchflidjapenkom
8,9,0,4983,DEL_CUTOFF,1
8,9,1,4983,DEL_EXPLORED,-1
8,9,2,4983,DEL_CUTOFF,-1
8,9,4,4983,PUSH,4,bgchflidjpoenkam,-4,-1,1
8,9,0,4984,DEL_EXPLORED,4
8,9,1,4984,PUSH,4,bchdjfeiplgankom,-4,4,-1
8,9,2,4984,DEL_EXPLORED,4
8,9,4,4984,DEL_CUTOFF,1
8,9,0,4985,DEL_CUTOFF,-4
8,9,1,4985,DEL_CUTOFF,-1
8,9,2,4985,DEL_CUTOFF,-4
8,9,4,4985,DEL_CUTOFF,-1
8,9,0,4986,POP,-4,bchdaplegfoijnkm
8,9,1,4986,DEL_CUTOFF,4
8,9,2,4986,POP,-4,bchdfglejkmanoip
8,9,4,4986,DEL_EXPLORED,-4
8,9,0,4987,POP,-1,bchdgpleafoijnkm
8,9,1,4987,DEL_EXPLORED,-4
8,9,2,4987,POP,1,bchdfglejkmpnoia
8,9,4,4987,POP,4,bgchflidjpoenkam
8,9,0,4988,PUSH,4,bchdgplefnoijakm,-4,-1,1
8,9,1,4988,POP,4,bchdjfeiplgankom
8,9,2,4988,PUSH,-1,bchdfglejkmpnaoi,-4,-1,1
8,9,4,4988,DEL_EXPLORED,-4
8,9,0,4989,PUSH,1,bchdgplefnoijkam,-4,-1,1
8,9,1,4989,PUSH,-4,bchajfedplginkom,4,-1
8,9,2,4989,DEL_EXPLORED,1
8,9,4,4989,POP,4,bgchflidjpaenkom
8,9,0,4990,DEL_CUTOFF,1
8,9,1,4990,DEL_CUTOFF,-1
8,9,2,4990,PUSH,-1,bchdfglejkmpanoi,-4,1
8,9,4,4990,PUSH,-4,bgahflcdjpienkom,4,-1,1
8,9,0,4991,DEL_EXPLORED,-1
8,9,1,4991,DEL_EXPLORED,4
8,9,2,4991,DEL_EXPLORED,1
8,9,4,4991,PUSH,1,bghaflcdjpienkom,4,-1
8,9,0,4992,DEL_CUTOFF,-4
8,9,1,4992,POP,-4,bchajfedplginkom
8,9,2,4992,DEL_CUTOFF,-4
8,9,4,4992,DEL_EXPLORED,-1
8,9,0,4993,POP,1,bchdgplefnoijkam
8,9,1,4993,POP,1,bchdjfeaplginkom
8,9,2,4993,POP,-1,bchdfglejkmpanoi
8,9,4,4993,DEL_CUTOFF,4
8,9,0,4994,PUSH,-1,bchdgplefnoiajkm,-4,1
8,9,1,4994,PUSH,-1,bchdjafeplginkom,-4,4,-1,1
8,9,2,4994,PUSH,-4,bchdfglejampnkoi,-4,4,-1,1
8,9,4,4994,POP,1,bghaflcdjpienkom
8,9,0,4995,DEL_EXPLORED,1
8,9,1,4995,DEL_EXPLORED,1
8,9,2,4995,DEL_CUTOFF,1
8,9,4,4995,PUSH,-1,baghflcdjpienkom,4,-1,1
8,9,0,4996,DEL_CUTOFF,-4
8,9,1,4996,PUSH,-1,bchdajfeplginkom,-4,4,1
8,9,2,4996,DEL_CUTOFF,-1
8,9,4,4996,DEL_EXPLORED,1
8,9,0,4997,POP,-1,bchdgplefnoiajkm
8,9,1,4997,DEL_EXPLORED,1
8,9,2,4997,DEL_EXPLORED,4
8,9,4,4997,DEL_CUTOFF,-1
8,9,0,4998,DEL_EXPLORED,-4
8,9,1,4998,DEL_CUTOFF,4
8,9,2,4998,DEL_CUTOFF,-4
8,9,4,4998,DEL_CUTOFF,4
8,9,0,4999,POP,4,bchdgplefnoijakm
8,9,1,4999,DEL_CUTOFF,-4
8,9,2,4999,POP,-4,bchdfglejampnkoi
8,9,4,4999,POP,-1,baghflcdjpienkom
8,9,0,5000,DEL_EXPLORED,-4
8,9,1,5000,POP,-1,bchdajfeplginkom
8,9,2,5000,POP,-1,bchdfglejkmpnaoi
8,9,4,5000,DEL_EXPLORED,4
8,9,0,5001,POP,4,bchdgplefaoijnkm
8,9,1,5001,PUSH,4,bchdjlfepaginkom,-4,4,-1,1
8,9,2,5001,DEL_EXPLORED,-4
8,9,4,5001,POP,-4,bgahflcdjpienkom
8,9,0,5002,PUSH,-4,bahdgclefpoijnkm,4,-1,1
8,9,1,5002,DEL_CUTOFF,1
8,9,2,5002,POP,4,bchdfglejkmpnoai
8,9,4,5002,POP,1,bgchfladjpienkom
8,9,0,5003,PUSH,1,bhadgclefpoijnkm,4,-1,1
8,9,1,5003,DEL_CUTOFF,-1
8,9,2,5003,PUSH,-4,bchdfgaejklpnomi,-4,4,-1,1
8,9,4,5003,PUSH,-1,bgchafldjpienkom,-4,4,1
8,9,0,5004,PUSH,1,bhdagclefpoijnkm,4,-1
8,9,1,5004,DEL_CUTOFF,4
8,9,2,5004,PUSH,1,bchdfgeajklpnomi,-4,4,-1
8,9,4,5004,DEL_EXPLORED,1
8,9,0,5005,DEL_EXPLORED,-1
8,9,1,5005,DEL_EXPLORED,-4
8,9,2,5005,DEL_EXPLORED,-1
8,9,4,5005,PUSH,4,bgchjfldapienkom,-4,4,1
8,9,0,5006,DEL_CUTOFF,4
8,9,1,5006,POP,4,bchdjlfepaginkom
8,9,2,5006,PUSH,4,bchdfgepjklanomi,-4,4,-1
8,9,4,5006,PUSH,1,bgchjfldpaienkom,-4,4,-1,1
8,9,0,5007,POP,1,bhdagclefpoijnkm
8,9,1,5007,PUSH,-4,bahdjcfeplginkom,4,-1,1
8,9,2,5007,DEL_CUTOFF,-1
8,9,4,5007,DEL_CUTOFF,1
8,9,0,5008,DEL_EXPLORED,-1
8,9,1,5008,DEL_CUTOFF,1
8,9,2,5008,DEL_CUTOFF,4
8,9,4,5008,DEL_EXPLORED,-1
8,9,0,5009,PUSH,4,bhldgcaefpoijnkm,-4,4,-1,1
8,9,1,5009,DEL_CUTOFF,-1
8,9,2,5009,DEL_EXPLORED,-4
8,9,4,5009,DEL_CUTOFF,4
8,9,0,5010,DEL_CUTOFF,1
8,9,1,5010,DEL_EXPLORED,4
8,9,2,5010,POP,4,bchdfgepjklanomi
8,9,4,5010,DEL_CUTOFF,-4
8,9,0,5011,DEL_CUTOFF,-1
8,9,1,5011,POP,-4,bahdjcfeplginkom
8,9,2,5011,PUSH,-4,bchafgedjklpnomi,4,-1
8,9,4,5011,POP,1,bgchjfldpaienkom
8,9,0,5012,DEL_CUTOFF,4
8,9,1,5012,POP,-1,bchdjafeplginkom
8,9,2,5012,DEL_CUTOFF,-1
8,9,4,5012,PUSH,4,bgchjfldnpieakom,-4,1
8,9,0,5013,DEL_EXPLORED,-4
8,9,1,5013,DEL_EXPLORED,4
8,9,2,5013,DEL_EXPLORED,4
8,9,4,5013,DEL_CUTOFF,1
8,9,0,5014,POP,4,bhldgcaefpoijnkm
8,9,1,5014,PUSH,-4,bcadjfheplginkom,4,-1,1
8,9,2,5014,POP,-4,bchafgedjklpnomi
8,9,4,5014,DEL_EXPLORED,-4
8,9,0,5015,POP,1,bhadgclefpoijnkm
8,9,1,5015,PUSH,1,bcdajfheplginkom,4,-1
8,9,2,5015,POP,1,bchdfgeajklpnomi
8,9,4,5015,POP,4,bgchjfldnpieakom
8,9,0,5016,PUSH,-1,abhdgclefpoijnkm,4,1
8,9,1,5016,DEL_EXPLORED,-1
8,9,2,5016,PUSH,-1,bchdfagejklpnomi,-4,4,-1,1
8,9,4,5016,DEL_EXPLORED,-4
8,9,0,5017,DEL_EXPLORED,1
8,9,1,5017,DEL_CUTOFF,4
8,9,2,5017,DEL_EXPLORED,1
8,9,4,5017,POP,4,bgchjfldapienkom
8,9,0,5018,PUSH,4,gbhdaclefpoijnkm,-4,4,1
8,9,1,5018,POP,1,bcdajfheplginkom
8,9,2,5018,PUSH,-1,bchdafgejklpnomi,-4,4,1
8,9,4,5018,PUSH,-4,agchbfldjpienkom,4,1
8,9,0,5019,DEL_CUTOFF,1
8,9,1,5019,PUSH,-1,bacdjfheplginkom,4,-1,1
8,9,2,5019,DEL_EXPLORED,1
8,9,4,5019,PUSH,1,gachbfldjpienkom,4,-1,1
8,9,0,5020,DEL_CUTOFF,4
8,9,1,5020,DEL_EXPLORED,1
8,9,2,5020,DEL_CUTOFF,4
8,9,4,5020,DEL_CUTOFF,1
8,9,0,5021,DEL_EXPLORED,-4
8,9,1,5021,DEL_CUTOFF,-1
8,9,2,5021,DEL_CUTOFF,-4
8,9,4,5021,DEL_EXPLORED,-1
8,9,0,5022,POP,4,gbhdaclefpoijnkm
8,9,1,5022,DEL_CUTOFF,4
8,9,2,5022,POP,-1,bchdafgejklpnomi
8,9,4,5022,DEL_CUTOFF,4
8,9,0,5023,POP,-1,abhdgclefpoijnkm
8,9,1,5023,POP,-1,bacdjfheplginkom
8,9,2,5023,PUSH,4,bchdfkgejalpnomi,-4,4,-1,1
8,9,4,5023,POP,1,gachbfldjpienkom
8,9,0,5024,DEL_EXPLORED,4
8,9,1,5024,DEL_EXPLORED,4
8,9,2,5024,DEL_CUTOFF,1
8,9,4,5024,DEL_EXPLORED,4
8,9,0,5025,POP,-4,bahdgclefpoijnkm
8,9,1,5025,POP,-4,bcadjfheplginkom
8,9,2,5025,DEL_CUTOFF,-1
8,9,4,5025,POP,-4,agchbfldjpienkom
8,9,0,5026,POP,1,bchdgalefpoijnkm
8,9,1,5026,POP,-4,bchdjfaeplginkom
8,9,2,5026,DEL_CUTOFF,4
8,9,4,5026,POP,-1,bgchafldjpienkom
8,9,0,5027,DEL_EXPLORED,4
8,9,1,5027,POP,1,bchdjfgeplainkom
8,9,2,5027,DEL_EXPLORED,-4
8,9,4,5027,PUSH,4,bgchfpldjaienkom,-4,4,-1,1
8,9,0,5028,PUSH,-4,achdbglefpoijnkm,4,1
8,9,1,5028,DEL_EXPLORED,-1
8,9,2,5028,POP,4,bchdfkgejalpnomi
8,9,4,5028,PUSH,1,bgchfpldjiaenkom,-4,4,-1,1
8,9,0,5029,PUSH,1,cahdbglefpoijnkm,4,-1,1
8,9,1,5029,PUSH,4,bchdjfgepklinaom,-4,-1,1
8,9,2,5029,PUSH,-4,bahdfcgejklpnomi,4,-1,1
8,9,4,5029,PUSH,1,bgchfpldjieankom,-4,4,-1
8,9,0,5030,PUSH,1,chadbglefpoijnkm,4,-1,1
8,9,1,5030,PUSH,1,bchdjfgepklinoam,-4,-1,1
8,9,2,5030,DEL_CUTOFF,1
8,9,4,5030,DEL_EXPLORED,-1
8,9,0,5031,PUSH,1,chdabglefpoijnkm,4,-1
8,9,1,5031,PUSH,1,bchdjfgepklinoma,-4,-1
8,9,2,5031,DEL_CUTOFF,-1
8,9,4,5031,DEL_CUTOFF,4
8,9,0,5032,DEL_EXPLORED,-1
8,9,1,5032,DEL_EXPLORED,-1
8,9,2,5032,DEL_EXPLORED,4
8,9,4,5032,DEL_CUTOFF,-4
8,9,0,5033,DEL_CUTOFF,4
8,9,1,5033,PUSH,-4,bchdjfgepklanomi,-4,4,-1
8,9,2,5033,POP,-4,bahdfcgejklpnomi
8,9,4,5033,POP,1,bgchfpldjieankom
8,9,0,5034,POP,1,chdabglefpoijnkm
8,9,1,5034,DEL_CUTOFF,-1
8,9,2,5034,POP,-1,bchdfagejklpnomi
8,9,4,5034,DEL_EXPLORED,-1
8,9,0,5035,DEL_EXPLORED,-1
8,9,1,5035,DEL_EXPLORED,4
8,9,2,5035,DEL_EXPLORED,4
8,9,4,5035,PUSH,4,bgchfpldjioenkam,-4,-1,1
8,9,0,5036,PUSH,4,chldbgaefpoijnkm,-4,4,-1,1
8,9,1,5036,DEL_CUTOFF,-4
8,9,2,5036,PUSH,-4,bcadfghejklpnomi,4,-1,1
8,9,4,5036,DEL_CUTOFF,1
8,9,0,5037,DEL_CUTOFF,1
8,9,1,5037,POP,-4,bchdjfgepklanomi
8,9,2,5037,PUSH,1,bcdafghejklpnomi,4,-1
8,9,4,5037,DEL_CUTOFF,-1
8,9,0,5038,DEL_CUTOFF,-1
8,9,1,5038,POP,1,bchdjfgepklinoma
8,9,2,5038,DEL_EXPLORED,-1
8,9,4,5038,DEL_EXPLORED,-4
8,9,0,5039,DEL_CUTOFF,4
8,9,1,5039,DEL_EXPLORED,-1
8,9,2,5039,DEL_CUTOFF,4
8,9,4,5039,POP,4,bgchfpldjioenkam
8,9,0,5040,DEL_EXPLORED,-4
8,9,1,5040,PUSH,-4,bchdjfgepkainolm,-4,4,-1,1
8,9,2,5040,POP,1,bcdafghejklpnomi
8,9,4,5040,PUSH,-4,bgchfpadjilenkom,-4,4,-1,1
8,9,0,5041,POP,4,chldbgaefpoijnkm
8,9,1,5041,PUSH,1,bchdjfgepkianolm,-4,4,-1
8,9,2,5041,PUSH,-1,bacdfghejklpnomi,4,-1,1
8,9,4,5041,DEL_CUTOFF,1
8,9,0,5042,POP,1,chadbglefpoijnkm
8,9,1,5042,DEL_EXPLORED,-1
8,9,2,5042,DEL_EXPLORED,1
8,9,4,5042,DEL_CUTOFF,-1
8,9,0,5043,DEL_EXPLORED,-1
8,9,1,5043,DEL_CUTOFF,4
8,9,2,5043,DEL_CUTOFF,-1
8,9,4,5043,DEL_EXPLORED,4
8,9,0,5044,PUSH,4,cghdbalefpoijnkm,-4,4,-1,1
8,9,1,5044,DEL_CUTOFF,-4
8,9,2,5044,DEL_CUTOFF,4
8,9,4,5044,DEL_CUTOFF,-4
8,9,0,5045,PUSH,1,cghdblaefpoijnkm,-4,4,-1,1
8,9,1,5045,POP,1,bchdjfgepkianolm
8,9,2,5045,POP,-1,bacdfghejklpnomi
8,9,4,5045,POP,-4,bgchfpadjilenkom
8,9,0,5046,DEL_CUTOFF,1
8,9,1,5046,PUSH,-1,bchdjfgepakinolm,-4,4,-1,1
8,9,2,5046,DEL_EXPLORED,4
8,9,4,5046,POP,1,bgchfpldjiaenkom
8,9,0,5047,DEL_EXPLORED,-1
8,9,1,5047,DEL_EXPLORED,1
8,9,2,5047,POP,-4,bcadfghejklpnomi
8,9,4,5047,PUSH,-1,bgchfpldajienkom,-4,4,1
8,9,0,5048,DEL_CUTOFF,4
8,9,1,5048,DEL_CUTOFF,-1
8,9,2,5048,POP,-4,bchdfgaejklpnomi
8,9,4,5048,DEL_EXPLORED,1
8,9,0,5049,DEL_CUTOFF,-4
8,9,1,5049,DEL_CUTOFF,4
8,9,2,5049,POP,-1,bchdfglejkapnomi
8,9,4,5049,PUSH,4,bgchfpldnjieakom,-4,1
8,9,0,5050,POP,1,cghdblaefpoijnkm
8,9,1,5050,DEL_CUTOFF,-4
8,9,2,5050,DEL_EXPLORED,4
8,9,4,5050,DEL_CUTOFF,1
8,9,0,5051,PUSH,-1,cghdablefpoijnkm,-4,4,1
8,9,1,5051,POP,-1,bchdjfgepakinolm
8,9,2,5051,PUSH,-4,bchdfglajkpenomi,-4,4,-1
8,9,4,5051,DEL_EXPLORED,-4
8,9,0,5052,DEL_EXPLORED,1
8,9,1,5052,DEL_EXPLORED,4
8,9,2,5052,PUSH,-1,bchdfgaljkpenomi,-4,4,-1,1
8,9,4,5052,POP,4,bgchfpldnjieakom
8,9,0,5053,DEL_CUTOFF,4
8,9,1,5053,PUSH,-4,bchdjfaepkginolm,-4,4,-1,1
8,9,2,5053,DEL_EXPLORED,1
8,9,4,5053,PUSH,-4,bgchapldfjienkom,-4,4,1
8,9,0,5054,DEL_CUTOFF,-4
8,9,1,5054,DEL_CUTOFF,1
8,9,2,5054,PUSH,-1,bchdfagljkpenomi,-4,4,-1,1
8,9,4,5054,DEL_CUTOFF,1
8,9,0,5055,POP,-1,cghdablefpoijnkm
8,9,1,5055,DEL_CUTOFF,-1
8,9,2,5055,DEL_EXPLORED,1
8,9,4,5055,DEL_EXPLORED,4
8,9,0,5056,PUSH,4,cghdbplefaoijnkm,-4,4,-1,1
8,9,1,5056,DEL_EXPLORED,4
8,9,2,5056,PUSH,-1,bchdafgljkpenomi,-4,4,1
8,9,4,5056,DEL_CUTOFF,-4
8,9,0,5057,DEL_CUTOFF,1
8,9,1,5057,DEL_CUTOFF,-4
8,9,2,5057,DEL_EXPLORED,1
8,9,4,5057,POP,-4,bgchapldfjienkom
8,9,0,5058,DEL_CUTOFF,-1
8,9,1,5058,POP,-4,bchdjfaepkginolm
8,9,2,5058,DEL_CUTOFF,4
8,9,4,5058,POP,-1,bgchfpldajienkom
8,9,0,5059,DEL_CUTOFF,4
8,9,1,5059,POP,-4,bchdjfgepkainolm
8,9,2,5059,DEL_CUTOFF,-4
8,9,4,5059,PUSH,4,bgchfpldjkienaom,-4,-1,1
8,9,0,5060,DEL_EXPLORED,-4
8,9,1,5060,POP,1,bchdjfgepklinoam
8,9,2,5060,POP,-1,bchdafgljkpenomi
8,9,4,5060,PUSH,1,bgchfpldjkienoam,-4,-1,1
8,9,0,5061,POP,4,cghdbplefaoijnkm
8,9,1,5061,PUSH,-1,bchdjfgepklianom,-4,1
8,9,2,5061,PUSH,4,bchdfkgljapenomi,-4,4,-1,1
8,9,4,5061,DEL_CUTOFF,1
8,9,0,5062,DEL_EXPLORED,-4
8,9,1,5062,DEL_EXPLORED,1
8,9,2,5062,DEL_CUTOFF,1
8,9,4,5062,DEL_EXPLORED,-1
8,9,0,5063,POP,4,cghdbalefpoijnkm
8,9,1,5063,PUSH,-4,bchdjfgeaklipnom,-4,4,1
8,9,2,5063,DEL_CUTOFF,-1
8,9,4,5063,DEL_CUTOFF,-4
8,9,0,5064,POP,1,cahdbglefpoijnkm
8,9,1,5064,PUSH,1,bchdjfgekalipnom,-4,4,-1,1
8,9,2,5064,DEL_CUTOFF,4
8,9,4,5064,POP,1,bgchfpldjkienoam
8,9,0,5065,DEL_EXPLORED,4
8,9,1,5065,DEL_CUTOFF,1
8,9,2,5065,DEL_EXPLORED,-4
8,9,4,5065,PUSH,-1,bgchfpldjkieanom,-4,1
8,9,0,5066,POP,-4,achdbglefpoijnkm
8,9,1,5066,DEL_EXPLORED,-1
8,9,2,5066,POP,4,bchdfkgljapenomi
8,9,4,5066,DEL_EXPLORED,1
8,9,0,5067,POP,-4,bchdaglefpoijnkm
8,9,1,5067,DEL_CUTOFF,4
8,9,2,5067,PUSH,-4,bahdfcgljkpenomi,4,-1,1
8,9,4,5067,DEL_CUTOFF,-4
8,9,0,5068,POP,-4,bchdfgleapoijnkm
8,9,1,5068,DEL_CUTOFF,-4
8,9,2,5068,DEL_CUTOFF,1
8,9,4,5068,POP,-1,bgchfpldjkieanom
8,9,0,5069,POP,-1,bchdfglejpoiankm
8,9,1,5069,POP,1,bchdjfgekalipnom
8,9,2,5069,DEL_CUTOFF,-1
8,9,4,5069,DEL_EXPLORED,-4
8,9,0,5070,PUSH,-4,bchdfglejaoinpkm,-4,4,-1,1
8,9,1,5070,DEL_EXPLORED,4
8,9,2,5070,DEL_EXPLORED,4
8,9,4,5070,POP,4,bgchfpldjkienaom
8,9,0,5071,PUSH,1,bchdfglejoainpkm,-4,4,-1,1
8,9,1,5071,PUSH,-4,bchdafgejklipnom,-4,4,1
8,9,2,5071,POP,-4,bahdfcgljkpenomi
8,9,4,5071,DEL_EXPLORED,-4
8,9,0,5072,PUSH,1,bchdfglejoianpkm,-4,4,-1
8,9,1,5072,DEL_CUTOFF,1
8,9,2,5072,POP,-1,bchdfagljkpenomi
8,9,4,5072,POP,4,bgchfpldjaienkom
8,9,0,5073,DEL_EXPLORED,-1
8,9,1,5073,DEL_EXPLORED,4
8,9,2,5073,PUSH,4,bchdfgpljkaenomi,-4,4,-1,1
8,9,4,5073,DEL_EXPLORED,-4
8,9,0,5074,PUSH,4,bchdfglejoimnpka,-4,-1
8,9,1,5074,DEL_CUTOFF,-4
8,9,2,5074,PUSH,1,bchdfgpljkeanomi,-4,4,-1
8,9,4,5074,POP,4,bgchfaldjpienkom
8,9,0,5075,PUSH,-1,bchdfglejoimnpak,-4,-1,1
8,9,1,5075,POP,-4,bchdafgejklipnom
8,9,2,5075,DEL_EXPLORED,-1
8,9,4,5075,POP,-1,bachfgldjpienkom
8,9,0,5076,DEL_EXPLORED,1
8,9,1,5076,POP,-4,bchdjfgeaklipnom
8,9,2,5076,DEL_CUTOFF,4
8,9,4,5076,PUSH,4,bclhfgadjpienkom,-4,4,-1,1
8,9,0,5077,PUSH,-1,bchdfglejoimnapk,-4,-1,1
8,9,1,5077,POP,-1,bchdjfgepklianom
8,9,2,5077,DEL_CUTOFF,-4
8,9,4,5077,PUSH,1,bclhfgdajpienkom,-4,4,-1
8,9,0,5078,DEL_EXPLORED,1
8,9,1,5078,DEL_EXPLORED,-4
8,9,2,5078,POP,1,bchdfgpljkeanomi
8,9,4,5078,DEL_EXPLORED,-1
8,9,0,5079,PUSH,-1,bchdfglejoimanpk,-4,1
8,9,1,5079,POP,4,bchdjfgepklinaom
8,9,2,5079,PUSH,-1,bchdfgpljakenomi,-4,4,-1,1
8,9,4,5079,PUSH,4,bclhfgdejpiankom,-4,4,-1
8,9,0,5080,DEL_EXPLORED,1
8,9,1,5080,PUSH,-4,bchdjagepflinkom,-4,4,-1,1
8,9,2,5080,DEL_EXPLORED,1
8,9,4,5080,PUSH,-1,bclhfgdejpainkom,-4,4,-1,1
8,9,0,5081,DEL_CUTOFF,-4
8,9,1,5081,PUSH,1,bchdjgaepflinkom,-4,4,-1,1
8,9,2,5081,DEL_CUTOFF,-1
8,9,4,5081,DEL_EXPLORED,1
8,9,0,5082,POP,-1,bchdfglejoimanpk
8,9,1,5082,PUSH,1,bchdjgeapflinkom,-4,4,-1
8,9,2,5082,DEL_CUTOFF,4
8,9,4,5082,PUSH,-1,bclhfgdejapinkom,-4,4,-1,1
8,9,0,5083,PUSH,-4,bchdfglejaimnopk,-4,4,-1,1
8,9,1,5083,DEL_EXPLORED,-1
8,9,2,5083,DEL_CUTOFF,-4
8,9,4,5083,DEL_EXPLORED,1
8,9,0,5084,DEL_CUTOFF,1
8,9,1,5084,PUSH,4,bchdjgeipflankom,-4,4,-1
8,9,2,5084,POP,-1,bchdfgpljakenomi
8,9,4,5084,DEL_CUTOFF,-1
8,9,0,5085,DEL_CUTOFF,-1
8,9,1,5085,DEL_CUTOFF,-1
8,9,2,5085,PUSH,4,bchdfgpljkmenoai,-4,-1,1
8,9,4,5085,DEL_CUTOFF,4
8,9,0,5086,DEL_EXPLORED,4
8,9,1,5086,DEL_CUTOFF,4
8,9,2,5086,DEL_CUTOFF,1
8,9,4,5086,DEL_CUTOFF,-4
8,9,0,5087,DEL_CUTOFF,-4
8,9,1,5087,DEL_EXPLORED,-4
8,9,2,5087,DEL_CUTOFF,-1
8,9,4,5087,POP,-1,bclhfgdejapinkom
8,9,0,5088,POP,-4,bchdfglejaimnopk
8,9,1,5088,POP,4,bchdjgeipflankom
8,9,2,5088,DEL_EXPLORED,-4
8,9,4,5088,PUSH,4,bclhfgdejpoinkam,-4,-1,1
8,9,0,5089,POP,-1,bchdfglejoimnapk
8,9,1,5089,PUSH,-4,bchajgedpflinkom,4,-1
8,9,2,5089,POP,4,bchdfgpljkmenoai
8,9,4,5089,DEL_CUTOFF,1
8,9,0,5090,PUSH,-4,bchdfglejoamnpik,-4,4,-1,1
8,9,1,5090,DEL_CUTOFF,-1
8,9,2,5090,DEL_EXPLORED,-4
8,9,4,5090,DEL_CUTOFF,-1
8,9,0,5091,PUSH,1,bchdfglejomanpik,-4,4,-1
8,9,1,5091,DEL_EXPLORED,4
8,9,2,5091,POP,4,bchdfgpljkaenomi
8,9,4,5091,DEL_EXPLORED,-4
8,9,0,5092,DEL_EXPLORED,-1
8,9,1,5092,POP,-4,bchajgedpflinkom
8,9,2,5092,PUSH,-4,bcadfghljkpenomi,4,-1,1
8,9,4,5092,POP,4,bclhfgdejpoinkam
8,9,0,5093,DEL_CUTOFF,4
8,9,1,5093,POP,1,bchdjgeapflinkom
8,9,2,5093,PUSH,1,bcdafghljkpenomi,4,-1
8,9,4,5093,PUSH,-4,bclhfgaejpdinkom,-4,4,-1,1
8,9,0,5094,DEL_CUTOFF,-4
8,9,1,5094,DEL_EXPLORED,-1
8,9,2,5094,DEL_EXPLORED,-1
8,9,4,5094,DEL_CUTOFF,1
8,9,0,5095,POP,1,bchdfglejomanpik
8,9,1,5095,PUSH,4,bchdjglepfainkom,-4,4,-1,1
8,9,2,5095,DEL_CUTOFF,4
8,9,4,5095,DEL_CUTOFF,-1
8,9,0,5096,PUSH,-1,bchdfglejaomnpik,-4,4,-1,1
8,9,1,5096,PUSH,1,bchdjglepfiankom,-4,4,-1
8,9,2,5096,POP,1,bcdafghljkpenomi
8,9,4,5096,DEL_EXPLORED,4
8,9,0,5097,DEL_EXPLORED,1
8,9,1,5097,DEL_EXPLORED,-1
8,9,2,5097,PUSH,-1,bacdfghljkpenomi,4,-1,1
8,9,4,5097,DEL_CUTOFF,-4
8,9,0,5098,DEL_CUTOFF,-1
8,9,1,5098,DEL_CUTOFF,4
8,9,2,5098,DEL_EXPLORED,1
8,9,4,5098,POP,-4,bclhfgaejpdinkom
8,9,0,5099,DEL_CUTOFF,4
8,9,1,5099,DEL_CUTOFF,-4
8,9,2,5099,DEL_CUTOFF,-1
8,9,4,5099,POP,-1,bclhfgdejpainkom
8,9,0,5100,DEL_CUTOFF,-4
8,9,1,5100,POP,1,bchdjglepfiankom
8,9,2,5100,DEL_CUTOFF,4
8,9,4,5100,PUSH,4,bclhfgdejpimnkoa,-4,-1
8,9,0,5101,POP,-1,bchdfglejaomnpik
8,9,1,5101,PUSH,-1,bchdjglepafinkom,-4,4,-1,1
8,9,2,5101,POP,-1,bacdfghljkpenomi
8,9,4,5101,PUSH,-1,bclhfgdejpimnkao,-4,-1,1
8,9,0,5102,DEL_EXPLORED,4
8,9,1,5102,DEL_EXPLORED,1
8,9,2,5102,DEL_EXPLORED,4
8,9,4,5102,DEL_EXPLORED,1
8,9,0,5103,PUSH,-4,bchdfgaejolmnpik,-4,4,-1,1
8,9,1,5103,DEL_CUTOFF,-1
8,9,2,5103,POP,-4,bcadfghljkpenomi
8,9,4,5103,DEL_CUTOFF,-1
8,9,0,5104,DEL_CUTOFF,1
8,9,1,5104,DEL_CUTOFF,4
8,9,2,5104,POP,-1,bchdfgaljkpenomi
8,9,4,5104,DEL_CUTOFF,-4
8,9,0,5105,DEL_CUTOFF,-1
8,9,1,5105,DEL_CUTOFF,-4
8,9,2,5105,DEL_EXPLORED,4
8,9,4,5105,POP,-1,bclhfgdejpimnkao
8,9,0,5106,DEL_EXPLORED,4
8,9,1,5106,POP,-1,bchdjglepafinkom
8,9,2,5106,PUSH,-4,bchafgldjkpenomi,4,-1
8,9,4,5106,DEL_EXPLORED,-4
8,9,0,5107,DEL_CUTOFF,-4
8,9,1,5107,PUSH,4,bchdjglepfoinkam,-4,-1,1
8,9,2,5107,PUSH,-1,bcahfgldjkpenomi,4,-1,1
8,9,4,5107,POP,4,bclhfgdejpimnkoa
8,9,0,5108,POP,-4,bchdfgaejolmnpik
8,9,1,5108,DEL_CUTOFF,1
8,9,2,5108,DEL_EXPLORED,1
8,9,4,5108,DEL_EXPLORED,-4
8,9,0,5109,POP,-4,bchdfglejoamnpik
8,9,1,5109,DEL_CUTOFF,-1
8,9,2,5109,PUSH,-1,bachfgldjkpenomi,4,-1,1
8,9,4,5109,POP,4,bclhfgdejpiankom
8,9,0,5110,POP,-1,bchdfglejoimnpak
8,9,1,5110,DEL_EXPLORED,-4
8,9,2,5110,DEL_EXPLORED,1
8,9,4,5110,PUSH,-4,bclafgdhjpienkom,4,-1
8,9,0,5111,DEL_EXPLORED,-4
8,9,1,5111,POP,4,bchdjglepfoinkam
8,9,2,5111,DEL_CUTOFF,-1
8,9,4,5111,PUSH,-1,bcalfgdhjpienkom,4,-1,1
8,9,0,5112,POP,4,bchdfglejoimnpka
8,9,1,5112,DEL_EXPLORED,-4
8,9,2,5112,DEL_CUTOFF,4
8,9,4,5112,DEL_EXPLORED,1
8,9,0,5113,PUSH,-4,bchdfglajoienpkm,-4,4,-1
8,9,1,5113,POP,4,bchdjglepfainkom
8,9,2,5113,POP,-1,bachfgldjkpenomi
8,9,4,5113,PUSH,-1,baclfgdhjpienkom,4,-1,1
8,9,0,5114,PUSH,-1,bchdfgaljoienpkm,-4,4,-1,1
8,9,1,5114,PUSH,-4,bcadjghepflinkom,4,-1,1
8,9,2,5114,PUSH,4,bclhfgadjkpenomi,-4,4,-1,1
8,9,4,5114,DEL_EXPLORED,1
8,9,0,5115,DEL_EXPLORED,1
8,9,1,5115,PUSH,1,bcdajghepflinkom,4,-1
8,9,2,5115,DEL_CUTOFF,1
8,9,4,5115,DEL_CUTOFF,-1
8,9,0,5116,PUSH,-1,bchdfagljoienpkm,-4,4,-1,1
8,9,1,5116,DEL_EXPLORED,-1
8,9,2,5116,DEL_CUTOFF,-1
8,9,4,5116,DEL_CUTOFF,4
8,9,0,5117,DEL_EXPLORED,1
8,9,1,5117,DEL_CUTOFF,4
8,9,2,5117,DEL_CUTOFF,4
8,9,4,5117,POP,-1,baclfgdhjpienkom
8,9,0,5118,PUSH,-1,bchdafgljoienpkm,-4,4,1
8,9,1,5118,POP,1,bcdajghepflinkom
8,9,2,5118,DEL_EXPLORED,-4
8,9,4,5118,PUSH,4,bcdlfgahjpienkom,-4,4,-1,1
8,9,0,5119,DEL_EXPLORED,1
8,9,1,5119,PUSH,-1,bacdjghepflinkom,4,-1,1
8,9,2,5119,POP,4,bclhfgadjkpenomi
8,9,4,5119,DEL_CUTOFF,1
8,9,0,5120,DEL_CUTOFF,4
8,9,1,5120,DEL_EXPLORED,1
8,9,2,5120,POP,-1,bcahfgldjkpenomi
8,9,4,5120,DEL_CUTOFF,-1
8,9,0,5121,DEL_CUTOFF,-4
8,9,1,5121,DEL_CUTOFF,-1
8,9,2,5121,DEL_EXPLORED,4
8,9,4,5121,DEL_CUTOFF,4
8,9,0,5122,POP,-1,bchdafgljoienpkm
8,9,1,5122,DEL_CUTOFF,4
8,9,2,5122,POP,-4,bchafgldjkpenomi
8,9,4,5122,DEL_EXPLORED,-4
8,9,0,5123,PUSH,4,bchdfogljaienpkm,-4,4,-1,1
8,9,1,5123,POP,-1,bacdjghepflinkom
8,9,2,5123,POP,-4,bchdfglajkpenomi
8,9,4,5123,POP,4,bcdlfgahjpienkom
8,9,0,5124,DEL_CUTOFF,1
8,9,1,5124,DEL_EXPLORED,4
8,9,2,5124,POP,-4,bchdfglejkpanomi
8,9,4,5124,POP,-1,bcalfgdhjpienkom
8,9,0,5125,DEL_CUTOFF,-1
8,9,1,5125,POP,-4,bcadjghepflinkom
8,9,2,5125,POP,1,bchdfglejkpinoma
8,9,4,5125,DEL_EXPLORED,4
8,9,0,5126,DEL_CUTOFF,4
8,9,1,5126,POP,1,bchdjgaepflinkom
8,9,2,5126,DEL_EXPLORED,-1
8,9,4,5126,POP,-4,bclafgdhjpienkom
8,9,0,5127,DEL_EXPLORED,-4
8,9,1,5127,PUSH,-1,bchdajgepflinkom,-4,4,1
8,9,2,5127,PUSH,-4,bchdfglejkainopm,-4,4,-1,1
8,9,4,5127,POP,1,bclhfgdajpienkom
8,9,0,5128,POP,4,bchdfogljaienpkm
8,9,1,5128,DEL_EXPLORED,1
8,9,2,5128,PUSH,1,bchdfglejkianopm,-4,4,-1
8,9,4,5128,PUSH,-1,bclhfagdjpienkom,-4,4,-1,1
8,9,0,5129,PUSH,-4,bahdfcgljoienpkm,4,-1,1
8,9,1,5129,PUSH,4,bchdpjgeaflinkom,-4,4,1
8,9,2,5129,DEL_EXPLORED,-1
8,9,4,5129,DEL_EXPLORED,1
8,9,0,5130,DEL_CUTOFF,1
8,9,1,5130,PUSH,1,bchdpjgefalinkom,-4,4,-1,1
8,9,2,5130,PUSH,4,bchdfglejkimnopa,-4,-1
8,9,4,5130,PUSH,-1,bclhafgdjpienkom,-4,4,1
8,9,0,5131,DEL_CUTOFF,-1
8,9,1,5131,DEL_CUTOFF,1
8,9,2,5131,PUSH,-1,bchdfglejkimnoap,-4,-1,1
8,9,4,5131,DEL_EXPLORED,1
8,9,0,5132,DEL_EXPLORED,4
8,9,1,5132,DEL_EXPLORED,-1
8,9,2,5132,DEL_EXPLORED,1
8,9,4,5132,PUSH,4,bclhjfgdapienkom,-4,4,1
8,9,0,5133,POP,-4,bahdfcgljoienpkm
8,9,1,5133,DEL_CUTOFF,4
8,9,2,5133,PUSH,-1,bchdfglejkimnaop,-4,-1,1
8,9,4,5133,PUSH,1,bclhjfgdpaienkom,-4,4,-1,1
8,9,0,5134,POP,-1,bchdfagljoienpkm
8,9,1,5134,DEL_CUTOFF,-4
8,9,2,5134,DEL_EXPLORED,1
8,9,4,5134,DEL_CUTOFF,1
8,9,0,5135,PUSH,4,bchdfgiljoaenpkm,-4,4,-1,1
8,9,1,5135,POP,1,bchdpjgefalinkom
8,9,2,5135,PUSH,-1,bchdfglejkimanop,-4,1
8,9,4,5135,DEL_EXPLORED,-1
8,9,0,5136,PUSH,1,bchdfgiljoeanpkm,-4,4,-1
8,9,1,5136,PUSH,4,bchdpjgenfliakom,-4,1
8,9,2,5136,DEL_EXPLORED,1
8,9,4,5136,DEL_CUTOFF,4
8,9,0,5137,DEL_EXPLORED,-1
8,9,1,5137,DEL_CUTOFF,1
8,9,2,5137,DEL_CUTOFF,-4
8,9,4,5137,DEL_CUTOFF,-4
8,9,0,5138,DEL_CUTOFF,4
8,9,1,5138,DEL_EXPLORED,-4
8,9,2,5138,POP,-1,bchdfglejkimanop
8,9,4,5138,POP,1,bclhjfgdpaienkom
8,9,0,5139,DEL_CUTOFF,-4
8,9,1,5139,POP,4,bchdpjgenfliakom
8,9,2,5139,PUSH,-4,bchdfglejaimnkop,-4,4,-1,1
8,9,4,5139,PUSH,4,bclhjfgdnpieakom,-4,1
8,9,0,5140,POP,1,bchdfgiljoeanpkm
8,9,1,5140,DEL_EXPLORED,-4
8,9,2,5140,DEL_CUTOFF,1
8,9,4,5140,DEL_CUTOFF,1
8,9,0,5141,PUSH,-1,bchdfgiljaoenpkm,-4,4,-1,1
8,9,1,5141,POP,4,bchdpjgeaflinkom
8,9,2,5141,DEL_CUTOFF,-1
8,9,4,5141,DEL_EXPLORED,-4
8,9,0,5142,DEL_EXPLORED,1
8,9,1,5142,PUSH,-4,achdbjgepflinkom,4,1
8,9,2,5142,DEL_EXPLORED,4
8,9,4,5142,POP,4,bclhjfgdnpieakom
8,9,0,5143,DEL_CUTOFF,-1
8,9,1,5143,PUSH,1,cahdbjgepflinkom,4,-1,1
8,9,2,5143,DEL_CUTOFF,-4
8,9,4,5143,DEL_EXPLORED,-4
8,9,0,5144,DEL_CUTOFF,4
8,9,1,5144,DEL_CUTOFF,1
8,9,2,5144,POP,-4,bchdfglejaimnkop
8,9,4,5144,POP,4,bclhjfgdapienkom
8,9,0,5145,DEL_CUTOFF,-4
8,9,1,5145,DEL_EXPLORED,-1
8,9,2,5145,POP,-1,bchdfglejkimnaop
8,9,4,5145,PUSH,-4,aclhbfgdjpienkom,4,1
8,9,0,5146,POP,-1,bchdfgiljaoenpkm
8,9,1,5146,DEL_CUTOFF,4
8,9,2,5146,PUSH,-4,bchdfglejkamnoip,-4,4,-1,1
8,9,4,5146,PUSH,1,calhbfgdjpienkom,4,-1,1
8,9,0,5147,PUSH,4,bchdfgiljokenpam,-4,-1,1
8,9,1,5147,POP,1,cahdbjgepflinkom
8,9,2,5147,PUSH,1,bchdfglejkmanoip,-4,4,-1
8,9,4,5147,DEL_CUTOFF,1
8,9,0,5148,DEL_CUTOFF,1
8,9,1,5148,DEL_EXPLORED,4
8,9,2,5148,DEL_EXPLORED,-1
8,9,4,5148,DEL_EXPLORED,-1
8,9,0,5149,DEL_CUTOFF,-1
8,9,1,5149,POP,-4,achdbjgepflinkom
8,9,2,5149,DEL_CUTOFF,4
8,9,4,5149,DEL_CUTOFF,4
8,9,0,5150,DEL_EXPLORED,-4
8,9,1,5150,POP,-1,bchdajgepflinkom
8,9,2,5150,DEL_CUTOFF,-4
8,9,4,5150,POP,1,calhbfgdjpienkom
8,9,0,5151,POP,4,bchdfgiljokenpam
8,9,1,5151,DEL_EXPLORED,4
8,9,2,5151,POP,1,bchdfglejkmanoip
8,9,4,5151,DEL_EXPLORED,4
8,9,0,5152,DEL_EXPLORED,-4
8,9,1,5152,PUSH,-4,bahdjcgepflinkom,4,-1,1
8,9,2,5152,PUSH,-1,bchdfglejakmnoip,-4,4,-1,1
8,9,4,5152,POP,-4,aclhbfgdjpienkom
8,9,0,5153,POP,4,bchdfgiljoaenpkm
8,9,1,5153,PUSH,1,bhadjcgepflinkom,4,-1,1
8,9,2,5153,DEL_EXPLORED,1
8,9,4,5153,POP,-1,bclhafgdjpienkom
8,9,0,5154,PUSH,-4,bcadfghljoienpkm,4,-1,1
8,9,1,5154,PUSH,1,bhdajcgepflinkom,4,-1
8,9,2,5154,DEL_CUTOFF,-1
8,9,4,5154,PUSH,4,bclhfpgdjaienkom,-4,4,-1,1
8,9,0,5155,PUSH,1,bcdafghljoienpkm,4,-1
8,9,1,5155,DEL_EXPLORED,-1
8,9,2,5155,DEL_CUTOFF,4
8,9,4,5155,PUSH,1,bclhfpgdjiaenkom,-4,4,-1,1
8,9,0,5156,DEL_EXPLORED,-1
8,9,1,5156,DEL_CUTOFF,4
8,9,2,5156,DEL_CUTOFF,-4
8,9,4,5156,PUSH,1,bclhfpgdjieankom,-4,4,-1
8,9,0,5157,DEL_CUTOFF,4
8,9,1,5157,POP,1,bhdajcgepflinkom
8,9,2,5157,POP,-1,bchdfglejakmnoip
8,9,4,5157,DEL_EXPLORED,-1
8,9,0,5158,POP,1,bcdafghljoienpkm
8,9,1,5158,DEL_EXPLORED,-1
8,9,2,5158,DEL_EXPLORED,4
8,9,4,5158,DEL_CUTOFF,4
8,9,0,5159,PUSH,-1,bacdfghljoienpkm,4,-1,1
8,9,1,5159,PUSH,4,bhgdjcaepflinkom,-4,4,-1,1
8,9,2,5159,PUSH,-4,bchdfgaejklmnoip,-4,4,-1,1
8,9,4,5159,DEL_CUTOFF,-4
8,9,0,5160,DEL_EXPLORED,1
8,9,1,5160,DEL_CUTOFF,1
8,9,2,5160,DEL_CUTOFF,1
8,9,4,5160,POP,1,bclhfpgdjieankom
8,9,0,5161,DEL_CUTOFF,-1
8,9,1,5161,DEL_CUTOFF,-1
8,9,2,5161,DEL_CUTOFF,-1
8,9,4,5161,DEL_EXPLORED,-1
8,9,0,5162,DEL_CUTOFF,4
8,9,1,5162,DEL_CUTOFF,4
8,9,2,5162,DEL_EXPLORED,4
8,9,4,5162,PUSH,4,bclhfpgdjioenkam,-4,-1,1
8,9,0,5163,POP,-1,bacdfghljoienpkm
8,9,1,5163,DEL_EXPLORED,-4
8,9,2,5163,DEL_CUTOFF,-4
8,9,4,5163,DEL_CUTOFF,1
8,9,0,5164,DEL_EXPLORED,4
8,9,1,5164,POP,4,bhgdjcaepflinkom
8,9,2,5164,POP,-4,bchdfgaejklmnoip
8,9,4,5164,DEL_CUTOFF,-1
8,9,0,5165,POP,-4,bcadfghljoienpkm
8,9,1,5165,POP,1,bhadjcgepflinkom
8,9,2,5165,POP,-4,bchdfglejkamnoip
8,9,4,5165,DEL_EXPLORED,-4
8,9,0,5166,POP,-1,bchdfgaljoienpkm
8,9,1,5166,PUSH,-1,abhdjcgepflinkom,4,1
8,9,2,5166,POP,-1,bchdfglejkimnoap
8,9,4,5166,POP,4,bclhfpgdjioenkam
8,9,0,5167,DEL_EXPLORED,4
8,9,1,5167,DEL_EXPLORED,1
8,9,2,5167,DEL_EXPLORED,-4
8,9,4,5167,PUSH,-4,bclhfpadjigenkom,-4,4,-1,1
8,9,0,5168,PUSH,-4,bchafgldjoienpkm,4,-1
8,9,1,5168,PUSH,4,jbhdacgepflinkom,-4,4,1
8,9,2,5168,POP,4,bchdfglejkimnopa
8,9,4,5168,DEL_CUTOFF,1
8,9,0,5169,PUSH,-1,bcahfgldjoienpkm,4,-1,1
8,9,1,5169,DEL_CUTOFF,1
8,9,2,5169,PUSH,-4,bchdfglajkienopm,-4,4,-1
8,9,4,5169,DEL_CUTOFF,-1
8,9,0,5170,DEL_EXPLORED,1
8,9,1,5170,DEL_CUTOFF,4
8,9,2,5170,PUSH,-1,bchdfgaljkienopm,-4,4,-1,1
8,9,4,5170,DEL_EXPLORED,4
8,9,0,5171,PUSH,-1,bachfgldjoienpkm,4,-1,1
8,9,1,5171,DEL_EXPLORED,-4
8,9,2,5171,DEL_EXPLORED,1
8,9,4,5171,DEL_CUTOFF,-4
8,9,0,5172,DEL_EXPLORED,1
8,9,1,5172,POP,4,jbhdacgepflinkom
8,9,2,5172,PUSH,-1,bchdfagljkienopm,-4,4,-1,1
8,9,4,5172,POP,-4,bclhfpadjigenkom
8,9,0,5173,DEL_CUTOFF,-1
8,9,1,5173,POP,-1,abhdjcgepflinkom
8,9,2,5173,DEL_EXPLORED,1
8,9,4,5173,POP,1,bclhfpgdjiaenkom
8,9,0,5174,DEL_CUTOFF,4
8,9,1,5174,DEL_EXPLORED,4
8,9,2,5174,PUSH,-1,bchdafgljkienopm,-4,4,1
8,9,4,5174,PUSH,-1,bclhfpgdajienkom,-4,4,1
8,9,0,5175,POP,-1,bachfgldjoienpkm
8,9,1,5175,POP,-4,bahdjcgepflinkom
8,9,2,5175,DEL_EXPLORED,1
8,9,4,5175,DEL_EXPLORED,1
8,9,0,5176,PUSH,4,bclhfgadjoienpkm,-4,4,-1,1
8,9,1,5176,POP,-4,bchdjagepflinkom
8,9,2,5176,DEL_CUTOFF,4
8,9,4,5176,PUSH,4,bclhfpgdnjieakom,-4,1
8,9,0,5177,DEL_CUTOFF,1
8,9,1,5177,POP,1,bchdjfgepalinkom
8,9,2,5177,DEL_CUTOFF,-4
8,9,4,5177,DEL_CUTOFF,1
8,9,0,5178,DEL_CUTOFF,-1
8,9,1,5178,PUSH,4,bchdjfgenpliakom,-4,1
8,9,2,5178,POP,-1,bchdafgljkienopm
8,9,4,5178,DEL_EXPLORED,-4
8,9,0,5179,DEL_CUTOFF,4
8,9,1,5179,PUSH,1,bchdjfgenplikaom,-4,-1,1
8,9,2,5179,PUSH,4,bchdfkgljaienopm,-4,4,-1,1
8,9,4,5179,POP,4,bclhfpgdnjieakom
8,9,0,5180,DEL_EXPLORED,-4
8,9,1,5180,PUSH,1,bchdjfgenplikoam,-4,-1,1
8,9,2,5180,DEL_CUTOFF,1
8,9,4,5180,PUSH,-4,bclhapgdfjienkom,-4,4,1
8,9,0,5181,POP,4,bclhfgadjoienpkm
8,9,1,5181,PUSH,1,bchdjfgenplikoma,-4,-1
8,9,2,5181,DEL_CUTOFF,-1
8,9,4,5181,DEL_CUTOFF,1
8,9,0,5182,POP,-1,bcahfgldjoienpkm
8,9,1,5182,DEL_EXPLORED,-1
8,9,2,5182,DEL_CUTOFF,4
8,9,4,5182,DEL_EXPLORED,4
8,9,0,5183,DEL_EXPLORED,4
8,9,1,5183,PUSH,-4,bchdjfgenplakomi,-4,4,-1
8,9,2,5183,DEL_EXPLORED,-4
8,9,4,5183,DEL_CUTOFF,-4
8,9,0,5184,POP,-4,bchafgldjoienpkm
8,9,1,5184,DEL_CUTOFF,-1
8,9,2,5184,POP,4,bchdfkgljaienopm
8,9,4,5184,POP,-4,bclhapgdfjienkom
8,9,0,5185,POP,-4,bchdfglajoienpkm
8,9,1,5185,DEL_EXPLORED,4
8,9,2,5185,PUSH,-4,bahdfcgljkienopm,4,-1,1
8,9,4,5185,POP,-1,bclhfpgdajienkom
8,9,0,5186,POP,1,bchdfglejoianpkm
8,9,1,5186,DEL_CUTOFF,-4
8,9,2,5186,DEL_CUTOFF,1
8,9,4,5186,PUSH,4,bclhfpgdjkienaom,-4,-1,1
8,9,0,5187,DEL_EXPLORED,-1
8,9,1,5187,POP,-4,bchdjfgenplakomi
8,9,2,5187,DEL_CUTOFF,-1
8,9,4,5187,PUSH,1,bclhfpgdjkienoam,-4,-1,1
8,9,0,5188,PUSH,4,bchdfglejokinpam,-4,-1,1
8,9,1,5188,POP,1,bchdjfgenplikoma
8,9,2,5188,DEL_EXPLORED,4
8,9,4,5188,DEL_CUTOFF,1
8,9,0,5189,PUSH,1,bchdfglejokinpma,-4,-1
8,9,1,5189,DEL_EXPLORED,-1
8,9,2,5189,POP,-4,bahdfcgljkienopm
8,9,4,5189,DEL_EXPLORED,-1
8,9,0,5190,DEL_EXPLORED,-1
8,9,1,5190,PUSH,-4,bchdjfgenpaikolm,-4,4,-1,1
8,9,2,5190,POP,-1,bchdfagljkienopm
8,9,4,5190,DEL_CUTOFF,-4
8,9,0,5191,PUSH,-4,bchdfglejokanpmi,-4,4,-1
8,9,1,5191,PUSH,1,bchdjfgenpiakolm,-4,4,-1
8,9,2,5191,PUSH,4,bchdfgiljkaenopm,-4,4,-1,1
8,9,4,5191,POP,1,bclhfpgdjkienoam
8,9,0,5192,PUSH,-1,bchdfglejoaknpmi,-4,4,-1,1
8,9,1,5192,DEL_EXPLORED,-1
8,9,2,5192,PUSH,1,bchdfgiljkeanopm,-4,4,-1
8,9,4,5192,PUSH,-1,bclhfpgdjkieanom,-4,1
8,9,0,5193,DEL_EXPLORED,1
8,9,1,5193,DEL_CUTOFF,4
8,9,2,5193,DEL_EXPLORED,-1
8,9,4,5193,DEL_EXPLORED,1
8,9,0,5194,PUSH,-1,bchdfglejaoknpmi,-4,4,-1,1
8,9,1,5194,DEL_CUTOFF,-4
8,9,2,5194,DEL_CUTOFF,4
8,9,4,5194,DEL_CUTOFF,-4
8,9,0,5195,DEL_EXPLORED,1
8,9,1,5195,POP,1,bchdjfgenpiakolm
8,9,2,5195,DEL_CUTOFF,-4
8,9,4,5195,POP,-1,bclhfpgdjkieanom
8,9,0,5196,DEL_CUTOFF,-1
8,9,1,5196,PUSH,-1,bchdjfgenapikolm,-4,4,-1,1
8,9,2,5196,POP,1,bchdfgiljkeanopm
8,9,4,5196,DEL_EXPLORED,-4
8,9,0,5197,DEL_CUTOFF,4
8,9,1,5197,DEL_EXPLORED,1
8,9,2,5197,PUSH,-1,bchdfgiljakenopm,-4,4,-1,1
8,9,4,5197,POP,4,bclhfpgdjkienaom
8,9,0,5198,DEL_CUTOFF,-4
8,9,1,5198,DEL_CUTOFF,-1
8,9,2,5198,DEL_EXPLORED,1
8,9,4,5198,DEL_EXPLORED,-4
8,9,0,5199,POP,-1,bchdfglejaoknpmi
8,9,1,5199,DEL_CUTOFF,4
8,9,2,5199,DEL_CUTOFF,-1
8,9,4,5199,POP,4,bclhfpgdjaienkom
8,9,0,5200,PUSH,4,bchdfglejomknpai,-4,-1,1
8,9,1,5200,DEL_CUTOFF,-4
8,9,2,5200,DEL_CUTOFF,4
8,9,4,5200,PUSH,-4,balhfcgdjpienkom,4,-1,1
8,9,0,5201,DEL_CUTOFF,1
8,9,1,5201,POP,-1,bchdjfgenapikolm
8,9,2,5201,DEL_CUTOFF,-4
8,9,4,5201,PUSH,1,blahfcgdjpienkom,4,-1,1
8,9,0,5202,DEL_CUTOFF,-1
8,9,1,5202,DEL_EXPLORED,4
8,9,2,5202,POP,-1,bchdfgiljakenopm
8,9,4,5202,PUSH,1,blhafcgdjpienkom,4,-1
8,9,0,5203,DEL_EXPLORED,-4
8,9,1,5203,PUSH,-4,bchdjfaenpgikolm,-4,4,-1,1
8,9,2,5203,PUSH,4,bchdfgiljkpenoam,-4,-1,1
8,9,4,5203,DEL_EXPLORED,-1
8,9,0,5204,POP,4,bchdfglejomknpai
8,9,1,5204,DEL_CUTOFF,1
8,9,2,5204,DEL_CUTOFF,1
8,9,4,5204,DEL_CUTOFF,4
8,9,0,5205,PUSH,-4,bchdfgaejolknpmi,-4,4,-1,1
8,9,1,5205,DEL_CUTOFF,-1
8,9,2,5205,DEL_CUTOFF,-1
8,9,4,5205,POP,1,blhafcgdjpienkom
8,9,0,5206,DEL_CUTOFF,1
8,9,1,5206,DEL_EXPLORED,4
8,9,2,5206,DEL_EXPLORED,-4
8,9,4,5206,DEL_EXPLORED,-1
8,9,0,5207,DEL_CUTOFF,-1
8,9,1,5207,DEL_CUTOFF,-4
8,9,2,5207,POP,4,bchdfgiljkpenoam
8,9,4,5207,PUSH,4,blghfcadjpienkom,-4,4,-1,1
8,9,0,5208,DEL_EXPLORED,4
8,9,1,5208,POP,-4,bchdjfaenpgikolm
8,9,2,5208,DEL_EXPLORED,-4
8,9,4,5208,DEL_CUTOFF,1
8,9,0,5209,DEL_CUTOFF,-4
8,9,1,5209,POP,-4,bchdjfgenpaikolm
8,9,2,5209,POP,4,bchdfgiljkaenopm
8,9,4,5209,DEL_CUTOFF,-1
8,9,0,5210,POP,-4,bchdfgaejolknpmi
8,9,1,5210,POP,1,bchdjfgenplikoam
8,9,2,5210,PUSH,-4,bcadfghljkienopm,4,-1,1
8,9,4,5210,DEL_CUTOFF,4
8,9,0,5211,POP,-1,bchdfglejoaknpmi
8,9,1,5211,DEL_EXPLORED,-1
8,9,2,5211,PUSH,1,bcdafghljkienopm,4,-1
8,9,4,5211,DEL_EXPLORED,-4
8,9,0,5212,DEL_EXPLORED,4
8,9,1,5212,PUSH,-4,bchdjfgenalikpom,-4,4,-1,1
8,9,2,5212,DEL_EXPLORED,-1
8,9,4,5212,POP,4,blghfcadjpienkom
8,9,0,5213,PUSH,-4,bchdfglajokenpmi,-4,4,-1
8,9,1,5213,PUSH,1,bchdjfgenlaikpom,-4,4,-1,1
8,9,2,5213,DEL_CUTOFF,4
8,9,4,5213,POP,1,blahfcgdjpienkom
8,9,0,5214,PUSH,-1,bchdfgaljokenpmi,-4,4,-1,1
8,9,1,5214,PUSH,1,bchdjfgenliakpom,-4,4,-1
8,9,2,5214,POP,1,bcdafghljkienopm
8,9,4,5214,PUSH,-1,ablhfcgdjpienkom,4,1
8,9,0,5215,DEL_EXPLORED,1
8,9,1,5215,DEL_EXPLORED,-1
8,9,2,5215,PUSH,-1,bacdfghljkienopm,4,-1,1
8,9,4,5215,DEL_EXPLORED,1
8,9,0,5216,DEL_CUTOFF,-1
8,9,1,5216,DEL_CUTOFF,4
8,9,2,5216,DEL_EXPLORED,1
8,9,4,5216,PUSH,4,fblhacgdjpienkom,-4,4,1
8,9,0,5217,DEL_CUTOFF,4
8,9,1,5217,DEL_CUTOFF,-4
8,9,2,5217,DEL_CUTOFF,-1
8,9,4,5217,DEL_CUTOFF,1
8,9,0,5218,DEL_CUTOFF,-4
8,9,1,5218,POP,1,bchdjfgenliakpom
8,9,2,5218,DEL_CUTOFF,4
8,9,4,5218,DEL_CUTOFF,4
8,9,0,5219,POP,-1,bchdfgaljokenpmi
8,9,1,5219,DEL_EXPLORED,-1
8,9,2,5219,POP,-1,bacdfghljkienopm
8,9,4,5219,DEL_EXPLORED,-4
8,9,0,5220,DEL_EXPLORED,4
8,9,1,5220,PUSH,4,bchdjfgenloikpam,-4,-1,1
8,9,2,5220,DEL_EXPLORED,4
8,9,4,5220,POP,4,fblhacgdjpienkom
8,9,0,5221,PUSH,-4,bchafgldjokenpmi,4,-1
8,9,1,5221,DEL_CUTOFF,1
8,9,2,5221,POP,-4,bcadfghljkienopm
8,9,4,5221,POP,-1,ablhfcgdjpienkom
8,9,0,5222,DEL_CUTOFF,-1
8,9,1,5222,DEL_CUTOFF,-1
8,9,2,5222,POP,-1,bchdfgaljkienopm
8,9,4,5222,DEL_EXPLORED,4
8,9,0,5223,DEL_EXPLORED,4
8,9,1,5223,DEL_EXPLORED,-4
8,9,2,5223,DEL_EXPLORED,4
8,9,4,5223,POP,-4,balhfcgdjpienkom
8,9,0,5224,POP,-4,bchafgldjokenpmi
8,9,1,5224,POP,4,bchdjfgenloikpam
8,9,2,5224,PUSH,-4,bchafgldjkienopm,4,-1
8,9,4,5224,POP,-1,bclhfagdjpienkom
8,9,0,5225,POP,-4,bchdfglajokenpmi
8,9,1,5225,PUSH,-4,bchdjfaenlgikpom,-4,4,-1,1
8,9,2,5225,PUSH,-1,bcahfgldjkienopm,4,-1,1
8,9,4,5225,PUSH,4,bclhfgidjpaenkom,-4,4,-1,1
8,9,0,5226,POP,-4,bchdfglejokanpmi
8,9,1,5226,DEL_CUTOFF,1
8,9,2,5226,DEL_EXPLORED,1
8,9,4,5226,PUSH,1,bclhfgidjpeankom,-4,4,-1
8,9,0,5227,POP,1,bchdfglejokinpma
8,9,1,5227,DEL_CUTOFF,-1
8,9,2,5227,PUSH,-1,bachfgldjkienopm,4,-1,1
8,9,4,5227,DEL_EXPLORED,-1
8,9,0,5228,PUSH,-1,bchdfglejokinapm,-4,-1,1
8,9,1,5228,DEL_EXPLORED,4
8,9,2,5228,DEL_EXPLORED,1
8,9,4,5228,PUSH,4,bclhfgidjpemnkoa,-4,-1
8,9,0,5229,DEL_EXPLORED,1
8,9,1,5229,DEL_CUTOFF,-4
8,9,2,5229,DEL_CUTOFF,-1
8,9,4,5229,PUSH,-1,bclhfgidjpemnkao,-4,-1,1
8,9,0,5230,PUSH,-1,bchdfglejokianpm,-4,1
8,9,1,5230,POP,-4,bchdjfaenlgikpom
8,9,2,5230,DEL_CUTOFF,4
8,9,4,5230,DEL_EXPLORED,1
8,9,0,5231,DEL_EXPLORED,1
8,9,1,5231,POP,1,bchdjfgenlaikpom
8,9,2,5231,POP,-1,bachfgldjkienopm
8,9,4,5231,DEL_CUTOFF,-1
8,9,0,5232,PUSH,-4,bchdfgleaokijnpm,-4,4,1
8,9,1,5232,PUSH,-1,bchdjfgeanlikpom,-4,4,1
8,9,2,5232,PUSH,4,bclhfgadjkienopm,-4,4,-1,1
8,9,4,5232,DEL_CUTOFF,-4
8,9,0,5233,PUSH,1,bchdfgleoakijnpm,-4,4,-1,1
8,9,1,5233,DEL_EXPLORED,1
8,9,2,5233,DEL_CUTOFF,1
8,9,4,5233,POP,-1,bclhfgidjpemnkao
8,9,0,5234,DEL_CUTOFF,1
8,9,1,5234,PUSH,4,bchdjfgeknliapom,-4,1
8,9,2,5234,DEL_CUTOFF,-1
8,9,4,5234,DEL_EXPLORED,-4
8,9,0,5235,DEL_EXPLORED,-1
8,9,1,5235,DEL_CUTOFF,1
8,9,2,5235,DEL_CUTOFF,4
8,9,4,5235,POP,4,bclhfgidjpemnkoa
8,9,0,5236,DEL_CUTOFF,4
8,9,1,5236,DEL_EXPLORED,-4
8,9,2,5236,DEL_EXPLORED,-4
8,9,4,5236,PUSH,-4,bclhfgiajpednkom,-4,4,-1
8,9,0,5237,DEL_CUTOFF,-4
8,9,1,5237,POP,4,bchdjfgeknliapom
8,9,2,5237,POP,4,bclhfgadjkienopm
8,9,4,5237,PUSH,-1,bclhfgaijpednkom,-4,4,-1,1
8,9,0,5238,POP,1,bchdfgleoakijnpm
8,9,1,5238,PUSH,-4,bchdafgejnlikpom,-4,4,1
8,9,2,5238,POP,-1,bcahfgldjkienopm
8,9,4,5238,DEL_EXPLORED,1
8,9,0,5239,DEL_EXPLORED,4
8,9,1,5239,DEL_CUTOFF,1
8,9,2,5239,DEL_EXPLORED,4
8,9,4,5239,DEL_CUTOFF,-1
8,9,0,5240,PUSH,-4,bchdaglefokijnpm,-4,4,1
8,9,1,5240,DEL_EXPLORED,4
8,9,2,5240,POP,-4,bchafgldjkienopm
8,9,4,5240,DEL_CUTOFF,4
8,9,0,5241,DEL_CUTOFF,1
8,9,1,5241,DEL_CUTOFF,-4
8,9,2,5241,POP,-4,bchdfglajkienopm
8,9,4,5241,DEL_CUTOFF,-4
8,9,0,5242,DEL_EXPLORED,4
8,9,1,5242,POP,-4,bchdafgejnlikpom
8,9,2,5242,POP,1,bchdfglejkianopm
8,9,4,5242,POP,-1,bclhfgaijpednkom
8,9,0,5243,DEL_CUTOFF,-4
8,9,1,5243,POP,-1,bchdjfgeanlikpom
8,9,2,5243,PUSH,-1,bchdfglejakinopm,-4,4,-1,1
8,9,4,5243,DEL_EXPLORED,4
8,9,0,5244,POP,-4,bchdaglefokijnpm
8,9,1,5244,DEL_EXPLORED,4
8,9,2,5244,DEL_EXPLORED,1
8,9,4,5244,PUSH,-4,bclafgihjpednkom,4,-1
8,9,0,5245,POP,-4,bchdfgleaokijnpm
8,9,1,5245,PUSH,-4,bchdjagenflikpom,-4,4,-1,1
8,9,2,5245,PUSH,-1,bchdfgleajkinopm,-4,4,1
8,9,4,5245,DEL_CUTOFF,-1
8,9,0,5246,POP,-1,bchdfglejokianpm
8,9,1,5246,PUSH,1,bchdjgaenflikpom,-4,4,-1,1
8,9,2,5246,DEL_EXPLORED,1
8,9,4,5246,DEL_EXPLORED,4
8,9,0,5247,PUSH,-4,bchdfglejakinopm,-4,4,-1,1
8,9,1,5247,DEL_CUTOFF,1
8,9,2,5247,PUSH,4,bchdfglenjkiaopm,-4,1
8,9,4,5247,POP,-4,bclafgihjpednkom
8,9,0,5248,PUSH,1,bchdfglejkainopm,-4,4,-1,1
8,9,1,5248,DEL_EXPLORED,-1
8,9,2,5248,PUSH,1,bchdfglenjkioapm,-4,-1,1
8,9,4,5248,POP,-4,bclhfgiajpednkom
8,9,0,5249,PUSH,1,bchdfglejkianopm,-4,4,-1
8,9,1,5249,DEL_CUTOFF,4
8,9,2,5249,PUSH,1,bchdfglenjkiopam,-4,-1,1
8,9,4,5249,POP,1,bclhfgidjpeankom
8,9,0,5250,DEL_EXPLORED,-1
8,9,1,5250,DEL_CUTOFF,-4
8,9,2,5250,DEL_CUTOFF,1
8,9,4,5250,PUSH,-1,bclhfgidjapenkom,-4,4,-1,1
8,9,0,5251,DEL_CUTOFF,4
8,9,1,5251,POP,1,bchdjgaenflikpom
8,9,2,5251,DEL_EXPLORED,-1
8,9,4,5251,DEL_EXPLORED,1
8,9,0,5252,DEL_CUTOFF,-4
8,9,1,5252,PUSH,-1,bchdajgenflikpom,-4,4,1
8,9,2,5252,DEL_CUTOFF,-4
8,9,4,5252,PUSH,-1,bclhfgidajpenkom,-4,4,1
8,9,0,5253,POP,1,bchdfglejkianopm
8,9,1,5253,DEL_EXPLORED,1
8,9,2,5253,POP,1,bchdfglenjkiopam
8,9,4,5253,DEL_EXPLORED,1
8,9,0,5254,DEL_EXPLORED,-1
8,9,1,5254,DEL_CUTOFF,4
8,9,2,5254,DEL_EXPLORED,-1
8,9,4,5254,PUSH,4,bclhfgidnjpeakom,-4,1
8,9,0,5255,PUSH,4,bchdfglejkpinoam,-4,-1,1
8,9,1,5255,DEL_CUTOFF,-4
8,9,2,5255,PUSH,-4,bchdfglenakiojpm,-4,4,-1,1
8,9,4,5255,DEL_CUTOFF,1
8,9,0,5256,DEL_CUTOFF,1
8,9,1,5256,POP,-1,bchdajgenflikpom
8,9,2,5256,DEL_CUTOFF,1
8,9,4,5256,DEL_EXPLORED,-4
8,9,0,5257,DEL_CUTOFF,-1
8,9,1,5257,DEL_EXPLORED,4
8,9,2,5257,DEL_CUTOFF,-1
8,9,4,5257,POP,4,bclhfgidnjpeakom
8,9,0,5258,DEL_EXPLORED,-4
8,9,1,5258,PUSH,-4,bahdjcgenflikpom,4,-1,1
8,9,2,5258,DEL_EXPLORED,4
8,9,4,5258,PUSH,-4,bclhagidfjpenkom,-4,4,1
8,9,0,5259,POP,4,bchdfglejkpinoam
8,9,1,5259,DEL_CUTOFF,1
8,9,2,5259,DEL_CUTOFF,-4
8,9,4,5259,DEL_CUTOFF,1
8,9,0,5260,PUSH,-4,bchdfgaejklinopm,-4,4,-1,1
8,9,1,5260,DEL_CUTOFF,-1
8,9,2,5260,POP,-4,bchdfglenakiojpm
8,9,4,5260,DEL_EXPLORED,4
8,9,0,5261,DEL_CUTOFF,1
8,9,1,5261,DEL_EXPLORED,4
8,9,2,5261,POP,1,bchdfglenjkioapm
8,9,4,5261,DEL_CUTOFF,-4
8,9,0,5262,DEL_CUTOFF,-1
8,9,1,5262,POP,-4,bahdjcgenflikpom
8,9,2,5262,DEL_EXPLORED,-4
8,9,4,5262,POP,-4,bclhagidfjpenkom
8,9,0,5263,DEL_EXPLORED,4
8,9,1,5263,POP,-4,bchdjagenflikpom
8,9,2,5263,POP,4,bchdfglenjkiaopm
8,9,4,5263,POP,-1,bclhfgidajpenkom
8,9,0,5264,DEL_CUTOFF,-4
8,9,1,5264,POP,-4,bchdjfgenalikpom
8,9,2,5264,PUSH,-4,bchdaglefjkinopm,-4,4,1
8,9,4,5264,PUSH,4,bclhfgidjkpenaom,-4,-1,1
8,9,0,5265,POP,-4,bchdfgaejklinopm
8,9,1,5265,POP,1,bchdjfgenplikaom
8,9,2,5265,PUSH,1,bchdgalefjkinopm,-4,4,-1,1
8,9,4,5265,PUSH,1,bclhfgidjkpenoam,-4,-1,1
8,9,0,5266,POP,1,bchdfglejkainopm
8,9,1,5266,DEL_EXPLORED,-4
8,9,2,5266,PUSH,1,bchdglaefjkinopm,-4,4,-1,1
8,9,4,5266,DEL_CUTOFF,1
8,9,0,5267,PUSH,-1,bchdfgleajkinopm,-4,4,1
8,9,1,5267,POP,4,bchdjfgenpliakom
8,9,2,5267,DEL_CUTOFF,1
8,9,4,5267,DEL_EXPLORED,-1
8,9,0,5268,DEL_EXPLORED,1
8,9,1,5268,DEL_EXPLORED,-4
8,9,2,5268,DEL_EXPLORED,-1
8,9,4,5268,DEL_CUTOFF,-4
8,9,0,5269,PUSH,4,bchdfglenjkiaopm,-4,1
8,9,1,5269,POP,4,bchdjfgeaplinkom
8,9,2,5269,DEL_CUTOFF,4
8,9,4,5269,POP,1,bclhfgidjkpenoam
8,9,0,5270,DEL_CUTOFF,1
8,9,1,5270,PUSH,-4,achdbfgejplinkom,4,1
8,9,2,5270,DEL_CUTOFF,-4
8,9,4,5270,PUSH,-1,bclhfgidjkpeanom,-4,1
8,9,0,5271,DEL_EXPLORED,-4
8,9,1,5271,PUSH,1,cahdbfgejplinkom,4,-1,1
8,9,2,5271,POP,1,bchdglaefjkinopm
8,9,4,5271,DEL_EXPLORED,1
8,9,0,5272,POP,4,bchdfglenjkiaopm
8,9,1,5272,PUSH,1,chadbfgejplinkom,4,-1,1
8,9,2,5272,DEL_EXPLORED,-1
8,9,4,5272,DEL_CUTOFF,-4
8,9,0,5273,PUSH,-4,bchdaglefjkinopm,-4,4,1
8,9,1,5273,PUSH,1,chdabfgejplinkom,4,-1
8,9,2,5273,PUSH,4,bchdgjlefakinopm,-4,4,-1,1
8,9,4,5273,POP,-1,bclhfgidjkpeanom
8,9,0,5274,DEL_CUTOFF,1
8,9,1,5274,DEL_EXPLORED,-1
8,9,2,5274,DEL_CUTOFF,1
8,9,4,5274,DEL_EXPLORED,-4
8,9,0,5275,DEL_EXPLORED,4
8,9,1,5275,PUSH,4,chdebfgajplinkom,-4,4,-1
8,9,2,5275,DEL_CUTOFF,-1
8,9,4,5275,POP,4,bclhfgidjkpenaom
8,9,0,5276,DEL_CUTOFF,-4
8,9,1,5276,PUSH,-1,chdebfagjplinkom,-4,4,-1,1
8,9,2,5276,DEL_CUTOFF,4
8,9,4,5276,PUSH,-4,bclhfaidjgpenkom,-4,4,-1,1
8,9,0,5277,POP,-4,bchdaglefjkinopm
8,9,1,5277,DEL_EXPLORED,1
8,9,2,5277,DEL_EXPLORED,-4
8,9,4,5277,PUSH,1,bclhfiadjgpenkom,-4,4,-1,1
8,9,0,5278,POP,-1,bchdfgleajkinopm
8,9,1,5278,DEL_CUTOFF,-1
8,9,2,5278,POP,4,bchdgjlefakinopm
8,9,4,5278,DEL_CUTOFF,1
8,9,0,5279,DEL_EXPLORED,4
8,9,1,5279,DEL_CUTOFF,4
8,9,2,5279,PUSH,-4,bahdgclefjkinopm,4,-1,1
8,9,4,5279,DEL_EXPLORED,-1
8,9,0,5280,PUSH,-4,bchdfalejgkinopm,-4,4,-1,1
8,9,1,5280,DEL_CUTOFF,-4
8,9,2,5280,DEL_CUTOFF,1
8,9,4,5280,DEL_CUTOFF,4
8,9,0,5281,PUSH,1,bchdflaejgkinopm,-4,4,-1,1
8,9,1,5281,POP,-1,chdebfagjplinkom
8,9,2,5281,DEL_CUTOFF,-1
8,9,4,5281,DEL_CUTOFF,-4
8,9,0,5282,DEL_CUTOFF,1
8,9,1,5282,PUSH,4,chdebfgijplankom,-4,4,-1
8,9,2,5282,DEL_EXPLORED,4
8,9,4,5282,POP,1,bclhfiadjgpenkom
8,9,0,5283,DEL_EXPLORED,-1
8,9,1,5283,DEL_CUTOFF,-1
8,9,2,5283,POP,-4,bahdgclefjkinopm
8,9,4,5283,PUSH,-1,bclhafidjgpenkom,-4,4,1
8,9,0,5284,DEL_CUTOFF,4
8,9,1,5284,DEL_CUTOFF,4
8,9,2,5284,POP,1,bchdgalefjkinopm
8,9,4,5284,DEL_EXPLORED,1
8,9,0,5285,DEL_CUTOFF,-4
8,9,1,5285,DEL_EXPLORED,-4
8,9,2,5285,DEL_EXPLORED,4
8,9,4,5285,DEL_CUTOFF,4
8,9,0,5286,POP,1,bchdflaejgkinopm
8,9,1,5286,POP,4,chdebfgijplankom
8,9,2,5286,PUSH,-4,achdbglefjkinopm,4,1
8,9,4,5286,DEL_CUTOFF,-4
8,9,0,5287,PUSH,-1,bchdaflejgkinopm,-4,4,1
8,9,1,5287,DEL_EXPLORED,-4
8,9,2,5287,PUSH,1,cahdbglefjkinopm,4,-1,1
8,9,4,5287,POP,-1,bclhafidjgpenkom
8,9,0,5288,DEL_EXPLORED,1
8,9,1,5288,POP,4,chdebfgajplinkom
8,9,2,5288,DEL_CUTOFF,1
8,9,4,5288,DEL_EXPLORED,4
8,9,0,5289,DEL_CUTOFF,4
8,9,1,5289,POP,1,chdabfgejplinkom
8,9,2,5289,DEL_EXPLORED,-1
8,9,4,5289,PUSH,-4,balhfcidjgpenkom,4,-1,1
8,9,0,5290,DEL_CUTOFF,-4
8,9,1,5290,DEL_EXPLORED,-1
8,9,2,5290,DEL_CUTOFF,4
8,9,4,5290,DEL_CUTOFF,1
8,9,0,5291,POP,-1,bchdaflejgkinopm
8,9,1,5291,PUSH,4,chgdbfaejplinkom,-4,4,-1,1
8,9,2,5291,POP,1,cahdbglefjkinopm
8,9,4,5291,DEL_CUTOFF,-1
8,9,0,5292,DEL_EXPLORED,4
8,9,1,5292,PUSH,1,chgdbfeajplinkom,-4,4,-1
8,9,2,5292,DEL_EXPLORED,4
8,9,4,5292,DEL_EXPLORED,4
8,9,0,5293,PUSH,-4,bahdfclejgkinopm,4,-1,1
8,9,1,5293,DEL_EXPLORED,-1
8,9,2,5293,POP,-4,achdbglefjkinopm
8,9,4,5293,POP,-4,balhfcidjgpenkom
8,9,0,5294,DEL_CUTOFF,1
8,9,1,5294,PUSH,4,chgdbfeijplankom,-4,4,-1
8,9,2,5294,POP,-4,bchdaglefjkinopm
8,9,4,5294,POP,-4,bclhfaidjgpenkom
8,9,0,5295,DEL_CUTOFF,-1
8,9,1,5295,DEL_CUTOFF,-1
8,9,2,5295,POP,-1,bchdfgleajkinopm
8,9,4,5295,POP,-1,bclhfgidjapenkom
8,9,0,5296,DEL_EXPLORED,4
8,9,1,5296,DEL_CUTOFF,4
8,9,2,5296,PUSH,4,bchdfglejokinapm,-4,-1,1
8,9,4,5296,PUSH,4,bclhfgidjpoenkam,-4,-1,1
8,9,0,5297,POP,-4,bahdfclejgkinopm
8,9,1,5297,DEL_EXPLORED,-4
8,9,2,5297,PUSH,1,bchdfglejokinpam,-4,-1,1
8,9,4,5297,PUSH,1,bclhfgidjpoenkma,-4,-1
8,9,0,5298,POP,-4,bchdfalejgkinopm
8,9,1,5298,POP,4,chgdbfeijplankom
8,9,2,5298,PUSH,1,bchdfglejokinpma,-4,-1
8,9,4,5298,DEL_EXPLORED,-1
8,9,0,5299,POP,-4,bchdfglejakinopm
8,9,1,5299,PUSH,-4,chgabfedjplinkom,4,-1
8,9,2,5299,DEL_EXPLORED,-1
8,9,4,5299,PUSH,-4,bclhfgidjpoankme,-4,4,-1
8,9,0,5300,POP,-1,bchdfglejokinapm
8,9,1,5300,DEL_CUTOFF,-1
8,9,2,5300,PUSH,-4,bchdfglejokanpmi,-4,4,-1
8,9,4,5300,DEL_CUTOFF,-1
8,9,0,5301,DEL_EXPLORED,-4
8,9,1,5301,DEL_EXPLORED,4
8,9,2,5301,DEL_CUTOFF,-1
8,9,4,5301,DEL_EXPLORED,4
8,9,0,5302,POP,4,bchdfglejokinpam
8,9,1,5302,POP,-4,chgabfedjplinkom
8,9,2,5302,DEL_EXPLORED,4
8,9,4,5302,DEL_CUTOFF,-4
8,9,0,5303,PUSH,-4,bchdfgaejolinpkm,-4,4,-1,1
8,9,1,5303,POP,1,chgdbfeajplinkom
8,9,2,5303,DEL_CUTOFF,-4
8,9,4,5303,POP,-4,bclhfgidjpoankme
8,9,0,5304,PUSH,1,bchdfgeajolinpkm,-4,4,-1
8,9,1,5304,PUSH,-1,chgdbafejplinkom,-4,4,-1,1
8,9,2,5304,POP,-4,bchdfglejokanpmi
8,9,4,5304,POP,1,bclhfgidjpoenkma
8,9,0,5305,DEL_EXPLORED,-1
8,9,1,5305,DEL_EXPLORED,1
8,9,2,5305,POP,1,bchdfglejokinpma
8,9,4,5305,PUSH,-1,bclhfgidjpoenakm,-4,-1,1
8,9,0,5306,PUSH,4,bchdfgeijolanpkm,-4,4,-1
8,9,1,5306,PUSH,-1,chgdabfejplinkom,-4,4,1
8,9,2,5306,DEL_EXPLORED,-1
8,9,4,5306,DEL_EXPLORED,1
8,9,0,5307,PUSH,-1,bchdfgeijoalnpkm,-4,4,-1,1
8,9,1,5307,DEL_EXPLORED,1
8,9,2,5307,PUSH,-4,bchdfglejoainpkm,-4,4,-1,1
8,9,4,5307,PUSH,-1,bclhfgidjpoeankm,-4,1
8,9,0,5308,DEL_EXPLORED,1
8,9,1,5308,DEL_CUTOFF,4
8,9,2,5308,PUSH,1,bchdfglejoianpkm,-4,4,-1
8,9,4,5308,DEL_EXPLORED,1
8,9,0,5309,PUSH,-1,bchdfgeijaolnpkm,-4,4,-1,1
8,9,1,5309,DEL_CUTOFF,-4
8,9,2,5309,DEL_EXPLORED,-1
8,9,4,5309,DEL_CUTOFF,-4
8,9,0,5310,DEL_EXPLORED,1
8,9,1,5310,POP,-1,chgdabfejplinkom
8,9,2,5310,DEL_CUTOFF,4
8,9,4,5310,POP,-1,bclhfgidjpoeankm
8,9,0,5311,DEL_CUTOFF,-1
8,9,1,5311,PUSH,4,chgdbpfejalinkom,-4,4,-1,1
8,9,2,5311,DEL_CUTOFF,-4
8,9,4,5311,PUSH,-4,bclhfgidjaoenpkm,-4,4,-1,1
8,9,0,5312,DEL_CUTOFF,4
8,9,1,5312,DEL_CUTOFF,1
8,9,2,5312,POP,1,bchdfglejoianpkm
8,9,4,5312,DEL_CUTOFF,1
8,9,0,5313,DEL_CUTOFF,-4
8,9,1,5313,DEL_CUTOFF,-1
8,9,2,5313,PUSH,-1,bchdfglejaoinpkm,-4,4,-1,1
8,9,4,5313,DEL_CUTOFF,-1
8,9,0,5314,POP,-1,bchdfgeijaolnpkm
8,9,1,5314,DEL_CUTOFF,4
8,9,2,5314,DEL_EXPLORED,1
8,9,4,5314,DEL_EXPLORED,4
8,9,0,5315,PUSH,4,bchdfgeijoklnpam,-4,-1,1
8,9,1,5315,DEL_EXPLORED,-4
8,9,2,5315,DEL_CUTOFF,-1
8,9,4,5315,DEL_CUTOFF,-4
8,9,0,5316,DEL_CUTOFF,1
8,9,1,5316,POP,4,chgdbpfejalinkom
8,9,2,5316,DEL_CUTOFF,4
8,9,4,5316,POP,-4,bclhfgidjaoenpkm
8,9,0,5317,DEL_CUTOFF,-1
8,9,1,5317,PUSH,-4,cagdbhfejplinkom,4,-1,1
8,9,2,5317,DEL_CUTOFF,-4
8,9,4,5317,POP,-1,bclhfgidjpoenakm
8,9,0,5318,DEL_EXPLORED,-4
8,9,1,5318,DEL_CUTOFF,1
8,9,2,5318,POP,-1,bchdfglejaoinpkm
8,9,4,5318,DEL_EXPLORED,-4
8,9,0,5319,POP,4,bchdfgeijoklnpam
8,9,1,5319,DEL_CUTOFF,-1
8,9,2,5319,DEL_EXPLORED,4
8,9,4,5319,POP,4,bclhfgidjpoenkam
8,9,0,5320,PUSH,-4,bchdfgaijoelnpkm,-4,4,-1,1
8,9,1,5320,DEL_EXPLORED,4
8,9,2,5320,PUSH,-4,bchdfgaejolinpkm,-4,4,-1,1
8,9,4,5320,DEL_EXPLORED,-4
8,9,0,5321,DEL_CUTOFF,1
8,9,1,5321,POP,-4,cagdbhfejplinkom
8,9,2,5321,DEL_CUTOFF,1
8,9,4,5321,POP,4,bclhfgidjpaenkom
8,9,0,5322,DEL_CUTOFF,-1
8,9,1,5322,POP,-1,chgdbafejplinkom
8,9,2,5322,DEL_CUTOFF,-1
8,9,4,5322,DEL_EXPLORED,-4
8,9,0,5323,DEL_EXPLORED,4
8,9,1,5323,PUSH,4,chgdbflejpainkom,-4,4,-1,1
8,9,2,5323,DEL_EXPLORED,4
8,9,4,5323,POP,4,bclhfgadjpienkom
8,9,0,5324,DEL_CUTOFF,-4
8,9,1,5324,PUSH,1,chgdbflejpiankom,-4,4,-1
8,9,2,5324,DEL_CUTOFF,-4
8,9,4,5324,POP,-1,bcahfgldjpienkom
8,9,0,5325,POP,-4,bchdfgaijoelnpkm
8,9,1,5325,DEL_EXPLORED,-1
8,9,2,5325,POP,-4,bchdfgaejolinpkm
8,9,4,5325,DEL_EXPLORED,4
8,9,0,5326,POP,-1,bchdfgeijoalnpkm
8,9,1,5326,DEL_CUTOFF,4
8,9,2,5326,POP,-4,bchdfglejoainpkm
8,9,4,5326,POP,-4,bchafgldjpienkom
8,9,0,5327,PUSH,4,bchdfgeijolmnpka,-4,-1
8,9,1,5327,DEL_CUTOFF,-4
8,9,2,5327,POP,1,bchdfglejokinpam
8,9,4,5327,POP,-4,bchdfglajpienkom
8,9,0,5328,PUSH,-1,bchdfgeijolmnpak,-4,-1,1
8,9,1,5328,POP,1,chgdbflejpiankom
8,9,2,5328,PUSH,-1,bchdfglejokianpm,-4,1
8,9,4,5328,POP,1,bchdfglejpiankom
8,9,0,5329,DEL_EXPLORED,1
8,9,1,5329,PUSH,-1,chgdbflejapinkom,-4,4,-1,1
8,9,2,5329,DEL_EXPLORED,1
8,9,4,5329,POP,0,bchdfglejpainkom
8,9,0,5330,DEL_CUTOFF,-1
8,9,1,5330,DEL_EXPLORED,1
8,9,2,5330,PUSH,-4,bchdfgleaokijnpm,-4,4,1
8,9,0,5331,DEL_CUTOFF,-4
8,9,1,5331,DEL_CUTOFF,-1
8,9,2,5331,PUSH,1,bchdfgleoakijnpm,-4,4,-1,1
8,9,0,5332,POP,-1,bchdfgeijolmnpak
8,9,1,5332,DEL_CUTOFF,4
8,9,2,5332,DEL_CUTOFF,1
8,9,0,5333,DEL_EXPLORED,-4
8,9,1,5333,DEL_CUTOFF,-4
8,9,2,5333,DEL_EXPLORED,-1
8,9,0,5334,POP,4,bchdfgeijolmnpka
8,9,1,5334,POP,-1,chgdbflejapinkom
8,9,2,5334,DEL_CUTOFF,4
8,9,0,5335,DEL_EXPLORED,-4
8,9,1,5335,PUSH,4,chgdbflejpoinkam,-4,-1,1
8,9,2,5335,DEL_CUTOFF,-4
8,9,0,5336,POP,4,bchdfgeijolanpkm
8,9,1,5336,DEL_CUTOFF,1
8,9,2,5336,POP,1,bchdfgleoakijnpm
8,9,0,5337,PUSH,-4,bchafgedjolinpkm,4,-1
8,9,1,5337,DEL_CUTOFF,-1
8,9,2,5337,DEL_EXPLORED,4
8,9,0,5338,PUSH,-1,bcahfgedjolinpkm,4,-1,1
8,9,1,5338,DEL_EXPLORED,-4
8,9,2,5338,PUSH,-4,bchdaglefokijnpm,-4,4,1
8,9,0,5339,DEL_EXPLORED,1
8,9,1,5339,POP,4,chgdbflejpoinkam
8,9,2,5339,DEL_CUTOFF,1
8,9,0,5340,PUSH,-1,bachfgedjolinpkm,4,-1,1
8,9,1,5340,DEL_EXPLORED,-4
8,9,2,5340,DEL_EXPLORED,4
8,9,0,5341,DEL_EXPLORED,1
8,9,1,5341,POP,4,chgdbflejpainkom
8,9,2,5341,DEL_CUTOFF,-4
8,9,0,5342,DEL_CUTOFF,-1
8,9,1,5342,DEL_EXPLORED,-4
8,9,2,5342,POP,-4,bchdaglefokijnpm
8,9,0,5343,DEL_CUTOFF,4
8,9,1,5343,POP,4,chgdbfaejplinkom
8,9,2,5343,POP,-4,bchdfgleaokijnpm
8,9,0,5344,POP,-1,bachfgedjolinpkm
8,9,1,5344,POP,1,chadbfgejplinkom
8,9,2,5344,POP,-1,bchdfglejokianpm
8,9,0,5345,PUSH,4,bcehfgadjolinpkm,-4,4,-1,1
8,9,1,5345,DEL_EXPLORED,-1
8,9,2,5345,DEL_EXPLORED,-4
8,9,0,5346,DEL_CUTOFF,1
8,9,1,5346,PUSH,4,cfhdbagejplinkom,-4,4,-1,1
8,9,2,5346,POP,4,bchdfglejokinapm
8,9,0,5347,DEL_CUTOFF,-1
8,9,1,5347,PUSH,1,cfhdbgaejplinkom,-4,4,-1,1
8,9,2,5347,PUSH,-4,bchdfalejgkinopm,-4,4,-1,1
8,9,0,5348,DEL_CUTOFF,4
8,9,1,5348,PUSH,1,cfhdbgeajplinkom,-4,4,-1
8,9,2,5348,PUSH,1,bchdflaejgkinopm,-4,4,-1,1
8,9,0,5349,DEL_EXPLORED,-4
8,9,1,5349,DEL_EXPLORED,-1
8,9,2,5349,PUSH,1,bchdfleajgkinopm,-4,4,-1
8,9,0,5350,POP,4,bcehfgadjolinpkm
8,9,1,5350,PUSH,4,cfhdbgeijplankom,-4,4,-1
8,9,2,5350,DEL_EXPLORED,-1
8,9,0,5351,POP,-1,bcahfgedjolinpkm
8,9,1,5351,DEL_CUTOFF,-1
8,9,2,5351,PUSH,4,bchdfleijgkanopm,-4,4,-1
8,9,0,5352,DEL_EXPLORED,4
8,9,1,5352,DEL_CUTOFF,4
8,9,2,5352,DEL_CUTOFF,-1
8,9,0,5353,POP,-4,bchafgedjolinpkm
8,9,1,5353,DEL_EXPLORED,-4
8,9,2,5353,DEL_CUTOFF,4
8,9,0,5354,POP,1,bchdfgeajolinpkm
8,9,1,5354,POP,4,cfhdbgeijplankom
8,9,2,5354,DEL_EXPLORED,-4
8,9,0,5355,PUSH,-1,bchdfagejolinpkm,-4,4,-1,1
8,9,1,5355,PUSH,-4,cfhabgedjplinkom,4,-1
8,9,2,5355,POP,4,bchdfleijgkanopm
8,9,0,5356,DEL_EXPLORED,1
8,9,1,5356,DEL_CUTOFF,-1
8,9,2,5356,PUSH,-4,bchafledjgkinopm,4,-1
8,9,0,5357,PUSH,-1,bchdafgejolinpkm,-4,4,1
8,9,1,5357,DEL_EXPLORED,4
8,9,2,5357,DEL_CUTOFF,-1
8,9,0,5358,DEL_EXPLORED,1
8,9,1,5358,POP,-4,cfhabgedjplinkom
8,9,2,5358,DEL_EXPLORED,4
8,9,0,5359,PUSH,4,bchdjfgeaolinpkm,-4,4,1
8,9,1,5359,POP,1,cfhdbgeajplinkom
8,9,2,5359,POP,-4,bchafledjgkinopm
8,9,0,5360,PUSH,1,bchdjfgeoalinpkm,-4,4,-1,1
8,9,1,5360,DEL_EXPLORED,-1
8,9,2,5360,POP,1,bchdfleajgkinopm
8,9,0,5361,DEL_CUTOFF,1
8,9,1,5361,PUSH,4,cfhdbglejpainkom,-4,4,-1,1
8,9,2,5361,DEL_EXPLORED,-1
8,9,0,5362,DEL_EXPLORED,-1
8,9,1,5362,PUSH,1,cfhdbglejpiankom,-4,4,-1
8,9,2,5362,PUSH,4,bchdflkejgainopm,-4,4,-1,1
8,9,0,5363,DEL_CUTOFF,4
8,9,1,5363,DEL_EXPLORED,-1
8,9,2,5363,PUSH,1,bchdflkejgianopm,-4,4,-1
8,9,0,5364,DEL_CUTOFF,-4
8,9,1,5364,DEL_CUTOFF,4
8,9,2,5364,DEL_EXPLORED,-1
8,9,0,5365,POP,1,bchdjfgeoalinpkm
8,9,1,5365,DEL_CUTOFF,-4
8,9,2,5365,DEL_CUTOFF,4
8,9,0,5366,PUSH,4,bchdjfgenoliapkm,-4,1
8,9,1,5366,POP,1,cfhdbglejpiankom
8,9,2,5366,DEL_CUTOFF,-4
8,9,0,5367,DEL_CUTOFF,1
8,9,1,5367,PUSH,-1,cfhdbglejapinkom,-4,4,-1,1
8,9,2,5367,POP,1,bchdflkejgianopm
8,9,0,5368,DEL_EXPLORED,-4
8,9,1,5368,DEL_EXPLORED,1
8,9,2,5368,PUSH,-1,bchdflkejaginopm,-4,4,-1,1
8,9,0,5369,POP,4,bchdjfgenoliapkm
8,9,1,5369,DEL_CUTOFF,-1
8,9,2,5369,DEL_EXPLORED,1
8,9,0,5370,DEL_EXPLORED,-4
8,9,1,5370,DEL_CUTOFF,4
8,9,2,5370,DEL_CUTOFF,-1
8,9,0,5371,POP,4,bchdjfgeaolinpkm
8,9,1,5371,DEL_CUTOFF,-4
8,9,2,5371,DEL_CUTOFF,4
8,9,0,5372,PUSH,-4,achdbfgejolinpkm,4,1
8,9,1,5372,POP,-1,cfhdbglejapinkom
8,9,2,5372,DEL_CUTOFF,-4
8,9,0,5373,PUSH,1,cahdbfgejolinpkm,4,-1,1
8,9,1,5373,PUSH,4,cfhdbglejpoinkam,-4,-1,1
8,9,2,5373,POP,-1,bchdflkejaginopm
8,9,0,5374,DEL_CUTOFF,1
8,9,1,5374,DEL_CUTOFF,1
8,9,2,5374,PUSH,4,bchdflkejgpinoam,-4,-1,1
8,9,0,5375,DEL_EXPLORED,-1
8,9,1,5375,DEL_CUTOFF,-1
8,9,2,5375,DEL_CUTOFF,1
8,9,0,5376,DEL_CUTOFF,4
8,9,1,5376,DEL_EXPLORED,-4
8,9,2,5376,DEL_CUTOFF,-1
8,9,0,5377,POP,1,cahdbfgejolinpkm
8,9,1,5377,POP,4,cfhdbglejpoinkam
8,9,2,5377,DEL_EXPLORED,-4
8,9,0,5378,DEL_EXPLORED,4
8,9,1,5378,DEL_EXPLORED,-4
8,9,2,5378,POP,4,bchdflkejgpinoam
8,9,0,5379,POP,-4,achdbfgejolinpkm
8,9,1,5379,POP,4,cfhdbglejpainkom
8,9,2,5379,DEL_EXPLORED,-4
8,9,0,5380,POP,-1,bchdafgejolinpkm
8,9,1,5380,PUSH,-4,cfadbghejplinkom,4,-1,1
8,9,2,5380,POP,4,bchdflkejgainopm
8,9,0,5381,PUSH,4,bchdfogejalinpkm,-4,4,-1,1
8,9,1,5381,PUSH,1,cfdabghejplinkom,4,-1
8,9,2,5381,PUSH,-4,bcadflhejgkinopm,4,-1,1
8,9,0,5382,PUSH,1,bchdfogejlainpkm,-4,4,-1,1
8,9,1,5382,DEL_EXPLORED,-1
8,9,2,5382,PUSH,1,bcdaflhejgkinopm,4,-1
8,9,0,5383,PUSH,1,bchdfogejlianpkm,-4,4,-1
8,9,1,5383,DEL_CUTOFF,4
8,9,2,5383,DEL_EXPLORED,-1
8,9,0,5384,DEL_EXPLORED,-1
8,9,1,5384,POP,1,cfdabghejplinkom
8,9,2,5384,DEL_CUTOFF,4
8,9,0,5385,DEL_CUTOFF,4
8,9,1,5385,PUSH,-1,cafdbghejplinkom,4,-1,1
8,9,2,5385,POP,1,bcdaflhejgkinopm
8,9,0,5386,DEL_CUTOFF,-4
8,9,1,5386,DEL_EXPLORED,1
8,9,2,5386,PUSH,-1,bacdflhejgkinopm,4,-1,1
8,9,0,5387,POP,1,bchdfogejlianpkm
8,9,1,5387,DEL_CUTOFF,-1
8,9,2,5387,DEL_EXPLORED,1
8,9,0,5388,DEL_EXPLORED,-1
8,9,1,5388,DEL_CUTOFF,4
8,9,2,5388,DEL_CUTOFF,-1
8,9,0,5389,PUSH,4,bchdfogejlkinpam,-4,-1,1
8,9,1,5389,POP,-1,cafdbghejplinkom
8,9,2,5389,DEL_CUTOFF,4
8,9,0,5390,DEL_CUTOFF,1
8,9,1,5390,DEL_EXPLORED,4
8,9,2,5390,POP,-1,bacdflhejgkinopm
8,9,0,5391,DEL_CUTOFF,-1
8,9,1,5391,POP,-4,cfadbghejplinkom
8,9,2,5391,DEL_EXPLORED,4
8,9,0,5392,DEL_EXPLORED,-4
8,9,1,5392,POP,1,cfhdbgaejplinkom
8,9,2,5392,POP,-4,bcadflhejgkinopm
8,9,0,5393,POP,4,bchdfogejlkinpam
8,9,1,5393,PUSH,-1,cfhdabgejplinkom,-4,4,1
8,9,2,5393,POP,1,bchdflaejgkinopm
8,9,0,5394,PUSH,-4,bchdfoaejlginpkm,-4,4,-1,1
8,9,1,5394,DEL_EXPLORED,1
8,9,2,5394,PUSH,-1,bchdaflejgkinopm,-4,4,1
8,9,0,5395,DEL_CUTOFF,1
8,9,1,5395,PUSH,4,cfhdjbgeaplinkom,-4,4,1
8,9,2,5395,DEL_EXPLORED,1
8,9,0,5396,DEL_CUTOFF,-1
8,9,1,5396,PUSH,1,cfhdjbgepalinkom,-4,4,-1,1
8,9,2,5396,PUSH,4,bchdjfleagkinopm,-4,4,1
8,9,0,5397,DEL_EXPLORED,4
8,9,1,5397,DEL_CUTOFF,1
8,9,2,5397,PUSH,1,bchdjflegakinopm,-4,4,-1,1
8,9,0,5398,DEL_CUTOFF,-4
8,9,1,5398,DEL_EXPLORED,-1
8,9,2,5398,DEL_CUTOFF,1
8,9,0,5399,POP,-4,bchdfoaejlginpkm
8,9,1,5399,DEL_CUTOFF,4
8,9,2,5399,DEL_EXPLORED,-1
8,9,0,5400,POP,1,bchdfogejlainpkm
8,9,1,5400,DEL_CUTOFF,-4
8,9,2,5400,DEL_CUTOFF,4
8,9,0,5401,PUSH,-1,bchdfogeajlinpkm,-4,4,1
8,9,1,5401,POP,1,cfhdjbgepalinkom
8,9,2,5401,DEL_CUTOFF,-4
8,9,0,5402,DEL_EXPLORED,1
8,9,1,5402,PUSH,4,cfhdjbgenpliakom,-4,1
8,9,2,5402,POP,1,bchdjflegakinopm
8,9,0,5403,PUSH,4,bchdfogenjliapkm,-4,1
8,9,1,5403,DEL_CUTOFF,1
8,9,2,5403,PUSH,4,bchdjflengkiaopm,-4,1
8,9,0,5404,DEL_CUTOFF,1
8,9,1,5404,DEL_EXPLORED,-4
8,9,2,5404,DEL_CUTOFF,1
8,9,0,5405,DEL_EXPLORED,-4
8,9,1,5405,POP,4,cfhdjbgenpliakom
8,9,2,5405,DEL_EXPLORED,-4
8,9,0,5406,POP,4,bchdfogenjliapkm
8,9,1,5406,DEL_EXPLORED,-4
8,9,2,5406,POP,4,bchdjflengkiaopm
8,9,0,5407,PUSH,-4,bchdaogefjlinpkm,-4,4,1
8,9,1,5407,POP,4,cfhdjbgeaplinkom
8,9,2,5407,DEL_EXPLORED,-4
8,9,0,5408,DEL_CUTOFF,1
8,9,1,5408,PUSH,-4,afhdcbgejplinkom,4,1
8,9,2,5408,POP,4,bchdjfleagkinopm
8,9,0,5409,DEL_EXPLORED,4
8,9,1,5409,PUSH,1,fahdcbgejplinkom,4,-1,1
8,9,2,5409,PUSH,-4,achdbflejgkinopm,4,1
8,9,0,5410,DEL_CUTOFF,-4
8,9,1,5410,DEL_CUTOFF,1
8,9,2,5410,PUSH,1,cahdbflejgkinopm,4,-1,1
8,9,0,5411,POP,-4,bchdaogefjlinpkm
8,9,1,5411,DEL_EXPLORED,-1
8,9,2,5411,DEL_CUTOFF,1
8,9,0,5412,POP,-1,bchdfogeajlinpkm
8,9,1,5412,DEL_CUTOFF,4
8,9,2,5412,DEL_EXPLORED,-1
8,9,0,5413,PUSH,4,bchdfogejplinakm,-4,-1,1
8,9,1,5413,POP,1,fahdcbgejplinkom
8,9,2,5413,DEL_CUTOFF,4
8,9,0,5414,PUSH,1,bchdfogejplinkam,-4,-1,1
8,9,1,5414,DEL_EXPLORED,4
8,9,2,5414,POP,1,cahdbflejgkinopm
8,9,0,5415,DEL_CUTOFF,1
8,9,1,5415,POP,-4,afhdcbgejplinkom
8,9,2,5415,DEL_EXPLORED,4
8,9,0,5416,DEL_EXPLORED,-1
8,9,1,5416,POP,-1,cfhdabgejplinkom
8,9,2,5416,POP,-4,achdbflejgkinopm
8,9,0,5417,DEL_CUTOFF,-4
8,9,1,5417,PUSH,4,cfhdbpgejalinkom,-4,4,-1,1
8,9,2,5417,POP,-1,bchdaflejgkinopm
8,9,0,5418,POP,1,bchdfogejplinkam
8,9,1,5418,PUSH,1,cfhdbpgejlainkom,-4,4,-1,1
8,9,2,5418,DEL_EXPLORED,4
8,9,0,5419,PUSH,-1,bchdfogejpliankm,-4,1
8,9,1,5419,PUSH,1,cfhdbpgejliankom,-4,4,-1
8,9,2,5419,PUSH,-4,bahdfclejgkinopm,4,-1,1
8,9,0,5420,DEL_EXPLORED,1
8,9,1,5420,DEL_EXPLORED,-1
8,9,2,5420,PUSH,1,bhadfclejgkinopm,4,-1,1
8,9,0,5421,DEL_CUTOFF,-4
8,9,1,5421,DEL_CUTOFF,4
8,9,2,5421,PUSH,1,bhdafclejgkinopm,4,-1
8,9,0,5422,POP,-1,bchdfogejpliankm
8,9,1,5422,DEL_CUTOFF,-4
8,9,2,5422,DEL_EXPLORED,-1
8,9,0,5423,DEL_EXPLORED,-4
8,9,1,5423,POP,1,cfhdbpgejliankom
8,9,2,5423,DEL_CUTOFF,4
8,9,0,5424,POP,4,bchdfogejplinakm
8,9,1,5424,DEL_EXPLORED,-1
8,9,2,5424,POP,1,bhdafclejgkinopm
8,9,0,5425,DEL_EXPLORED,-4
8,9,1,5425,PUSH,4,cfhdbpgejloinkam,-4,-1,1
8,9,2,5425,DEL_EXPLORED,-1
8,9,0,5426,POP,4,bchdfogejalinpkm
8,9,1,5426,DEL_CUTOFF,1
8,9,2,5426,PUSH,4,bhldfcaejgkinopm,-4,4,-1,1
8,9,0,5427,PUSH,-4,bahdfcgejolinpkm,4,-1,1
8,9,1,5427,DEL_CUTOFF,-1
8,9,2,5427,DEL_CUTOFF,1
8,9,0,5428,PUSH,1,bhadfcgejolinpkm,4,-1,1
8,9,1,5428,DEL_EXPLORED,-4
8,9,2,5428,DEL_CUTOFF,-1
8,9,0,5429,PUSH,1,bhdafcgejolinpkm,4,-1
8,9,1,5429,POP,4,cfhdbpgejloinkam
8,9,2,5429,DEL_CUTOFF,4
8,9,0,5430,DEL_EXPLORED,-1
8,9,1,5430,PUSH,-4,cfhdbpaejlginkom,-4,4,-1,1
8,9,2,5430,DEL_EXPLORED,-4
8,9,0,5431,DEL_CUTOFF,4
8,9,1,5431,DEL_CUTOFF,1
8,9,2,5431,POP,4,bhldfcaejgkinopm
8,9,0,5432,POP,1,bhdafcgejolinpkm
8,9,1,5432,DEL_CUTOFF,-1
8,9,2,5432,POP,1,bhadfclejgkinopm
8,9,0,5433,DEL_EXPLORED,-1
8,9,1,5433,DEL_EXPLORED,4
8,9,2,5433,PUSH,-1,abhdfclejgkinopm,4,1
8,9,0,5434,PUSH,4,bhgdfcaejolinpkm,-4,4,-1,1
8,9,1,5434,DEL_CUTOFF,-4
8,9,2,5434,DEL_EXPLORED,1
8,9,0,5435,DEL_CUTOFF,1
8,9,1,5435,POP,-4,cfhdbpaejlginkom
8,9,2,5435,PUSH,4,fbhdaclejgkinopm,-4,4,1
8,9,0,5436,DEL_CUTOFF,-1
8,9,1,5436,POP,1,cfhdbpgejlainkom
8,9,2,5436,DEL_CUTOFF,1
8,9,0,5437,DEL_CUTOFF,4
8,9,1,5437,PUSH,-1,cfhdbpgeajlinkom,-4,4,1
8,9,2,5437,DEL_CUTOFF,4
8,9,0,5438,DEL_EXPLORED,-4
8,9,1,5438,DEL_EXPLORED,1
8,9,2,5438,DEL_EXPLORED,-4
8,9,0,5439,POP,4,bhgdfcaejolinpkm
8,9,1,5439,PUSH,4,cfhdbpgenjliakom,-4,1
8,9,2,5439,POP,4,fbhdaclejgkinopm
8,9,0,5440,POP,1,bhadfcgejolinpkm
8,9,1,5440,DEL_CUTOFF,1
8,9,2,5440,POP,-1,abhdfclejgkinopm
8,9,0,5441,PUSH,-1,abhdfcgejolinpkm,4,1
8,9,1,5441,DEL_EXPLORED,-4
8,9,2,5441,DEL_EXPLORED,4
8,9,0,5442,DEL_EXPLORED,1
8,9,1,5442,POP,4,cfhdbpgenjliakom
8,9,2,5442,POP,-4,bahdfclejgkinopm
8,9,0,5443,PUSH,4,fbhdacgejolinpkm,-4,4,1
8,9,1,5443,PUSH,-4,cfhdapgebjlinkom,-4,4,1
8,9,2,5443,POP,-4,bchdfalejgkinopm
8,9,0,5444,DEL_CUTOFF,1
8,9,1,5444,DEL_CUTOFF,1
8,9,2,5444,POP,-1,bchdfglejakinopm
8,9,0,5445,DEL_CUTOFF,4
8,9,1,5445,DEL_EXPLORED,4
8,9,2,5445,DEL_EXPLORED,4
8,9,0,5446,DEL_EXPLORED,-4
8,9,1,5446,DEL_CUTOFF,-4
8,9,2,5446,PUSH,-4,bchdfgaejklinopm,-4,4,-1,1
8,9,0,5447,POP,4,fbhdacgejolinpkm
8,9,1,5447,POP,-4,cfhdapgebjlinkom
8,9,2,5447,PUSH,1,bchdfgeajklinopm,-4,4,-1
8,9,0,5448,POP,-1,abhdfcgejolinpkm
8,9,1,5448,POP,-1,cfhdbpgeajlinkom
8,9,2,5448,DEL_EXPLORED,-1
8,9,0,5449,DEL_EXPLORED,4
8,9,1,5449,PUSH,4,cfhdbpgejklinaom,-4,-1,1
8,9,2,5449,PUSH,4,bchdfgeijklanopm,-4,4,-1
8,9,0,5450,POP,-4,bahdfcgejolinpkm
8,9,1,5450,PUSH,1,cfhdbpgejklinoam,-4,-1,1
8,9,2,5450,PUSH,-1,bchdfgeijkalnopm,-4,4,-1,1
8,9,0,5451,POP,-1,bchdfagejolinpkm
8,9,1,5451,DEL_CUTOFF,1
8,9,2,5451,DEL_EXPLORED,1
8,9,0,5452,DEL_EXPLORED,4
8,9,1,5452,DEL_EXPLORED,-1
8,9,2,5452,PUSH,-1,bchdfgeijaklnopm,-4,4,-1,1
8,9,0,5453,PUSH,-4,bcadfghejolinpkm,4,-1,1
8,9,1,5453,DEL_CUTOFF,-4
8,9,2,5453,DEL_EXPLORED,1
8,9,0,5454,PUSH,1,bcdafghejolinpkm,4,-1
8,9,1,5454,POP,1,cfhdbpgejklinoam
8,9,2,5454,DEL_CUTOFF,-1
8,9,0,5455,DEL_EXPLORED,-1
8,9,1,5455,PUSH,-1,cfhdbpgejklianom,-4,1
8,9,2,5455,DEL_CUTOFF,4
8,9,0,5456,PUSH,4,bcdefghajolinpkm,-4,4,-1
8,9,1,5456,DEL_EXPLORED,1
8,9,2,5456,DEL_CUTOFF,-4
8,9,0,5457,PUSH,-1,bcdefgahjolinpkm,-4,4,-1,1
8,9,1,5457,DEL_CUTOFF,-4
8,9,2,5457,POP,-1,bchdfgeijaklnopm
8,9,0,5458,DEL_EXPLORED,1
8,9,1,5458,POP,-1,cfhdbpgejklianom
8,9,2,5458,PUSH,4,bchdfgeijkplnoam,-4,-1,1
8,9,0,5459,DEL_CUTOFF,-1
8,9,1,5459,DEL_EXPLORED,-4
8,9,2,5459,DEL_CUTOFF,1
8,9,0,5460,DEL_CUTOFF,4
8,9,1,5460,POP,4,cfhdbpgejklinaom
8,9,2,5460,DEL_CUTOFF,-1
8,9,0,5461,DEL_CUTOFF,-4
8,9,1,5461,DEL_EXPLORED,-4
8,9,2,5461,DEL_EXPLORED,-4
8,9,0,5462,POP,-1,bcdefgahjolinpkm
8,9,1,5462,POP,4,cfhdbpgejalinkom
8,9,2,5462,POP,4,bchdfgeijkplnoam
8,9,0,5463,PUSH,4,bcdefghijolanpkm,-4,4,-1
8,9,1,5463,DEL_EXPLORED,-4
8,9,2,5463,PUSH,-4,bchdfgaijkelnopm,-4,4,-1,1
8,9,0,5464,DEL_CUTOFF,-1
8,9,1,5464,POP,4,cfhdbagejplinkom
8,9,2,5464,DEL_CUTOFF,1
8,9,0,5465,DEL_CUTOFF,4
8,9,1,5465,POP,1,cahdbfgejplinkom
8,9,2,5465,DEL_CUTOFF,-1
8,9,0,5466,DEL_EXPLORED,-4
8,9,1,5466,DEL_EXPLORED,4
8,9,2,5466,DEL_EXPLORED,4
8,9,0,5467,POP,4,bcdefghijolanpkm
8,9,1,5467,POP,-4,achdbfgejplinkom
8,9,2,5467,DEL_CUTOFF,-4
8,9,0,5468,DEL_EXPLORED,-4
8,9,1,5468,POP,-1,bchdafgejplinkom
8,9,2,5468,POP,-4,bchdfgaijkelnopm
8,9,0,5469,POP,4,bcdefghajolinpkm
8,9,1,5469,PUSH,4,bchdfpgejalinkom,-4,4,-1,1
8,9,2,5469,POP,-1,bchdfgeijkalnopm
8,9,0,5470,POP,1,bcdafghejolinpkm
8,9,1,5470,PUSH,1,bchdfpgejlainkom,-4,4,-1,1
8,9,2,5470,PUSH,4,bchdfgeijklmnopa,-4,-1
8,9,0,5471,PUSH,-1,bacdfghejolinpkm,4,-1,1
8,9,1,5471,PUSH,1,bchdfpgejliankom,-4,4,-1
8,9,2,5471,PUSH,-1,bchdfgeijklmnoap,-4,-1,1
8,9,0,5472,DEL_EXPLORED,1
8,9,1,5472,DEL_EXPLORED,-1
8,9,2,5472,DEL_EXPLORED,1
8,9,0,5473,PUSH,-1,abcdfghejolinpkm,4,1
8,9,1,5473,PUSH,4,bchdfpgejlimnkoa,-4,-1
8,9,2,5473,DEL_CUTOFF,-1
8,9,0,5474,DEL_EXPLORED,1
8,9,1,5474,PUSH,-1,bchdfpgejlimnkao,-4,-1,1
8,9,2,5474,DEL_CUTOFF,-4
8,9,0,5475,PUSH,4,fbcdaghejolinpkm,-4,4,1
8,9,1,5475,DEL_EXPLORED,1
8,9,2,5475,POP,-1,bchdfgeijklmnoap
8,9,0,5476,DEL_CUTOFF,1
8,9,1,5476,PUSH,-1,bchdfpgejlimnako,-4,-1,1
8,9,2,5476,DEL_EXPLORED,-4
8,9,0,5477,DEL_CUTOFF,4
8,9,1,5477,DEL_EXPLORED,1
8,9,2,5477,POP,4,bchdfgeijklmnopa
8,9,0,5478,DEL_EXPLORED,-4
8,9,1,5478,PUSH,-1,bchdfpgejlimanko,-4,1
8,9,2,5478,DEL_EXPLORED,-4
8,9,0,5479,POP,4,fbcdaghejolinpkm
8,9,1,5479,DEL_EXPLORED,1
8,9,2,5479,POP,4,bchdfgeijklanopm
8,9,0,5480,POP,-1,abcdfghejolinpkm
8,9,1,5480,DEL_CUTOFF,-4
8,9,2,5480,PUSH,-4,bchafgedjklinopm,4,-1
8,9,0,5481,PUSH,4,bgcdfahejolinpkm,-4,4,-1,1
8,9,1,5481,POP,-1,bchdfpgejlimanko
8,9,2,5481,PUSH,-1,bcahfgedjklinopm,4,-1,1
8,9,0,5482,PUSH,1,bgcdfhaejolinpkm,-4,4,-1,1
8,9,1,5482,PUSH,-4,bchdfpgejaimnlko,-4,4,-1,1
8,9,2,5482,DEL_EXPLORED,1
8,9,0,5483,DEL_CUTOFF,1
8,9,1,5483,DEL_CUTOFF,1
8,9,2,5483,PUSH,-1,bachfgedjklinopm,4,-1,1
8,9,0,5484,DEL_EXPLORED,-1
8,9,1,5484,DEL_CUTOFF,-1
8,9,2,5484,DEL_EXPLORED,1
8,9,0,5485,DEL_CUTOFF,4
8,9,1,5485,DEL_EXPLORED,4
8,9,2,5485,DEL_CUTOFF,-1
8,9,0,5486,DEL_CUTOFF,-4
8,9,1,5486,DEL_CUTOFF,-4
8,9,2,5486,DEL_CUTOFF,4
8,9,0,5487,POP,1,bgcdfhaejolinpkm
8,9,1,5487,POP,-4,bchdfpgejaimnlko
8,9,2,5487,POP,-1,bachfgedjklinopm
8,9,0,5488,PUSH,-1,bgcdafhejolinpkm,-4,4,1
8,9,1,5488,POP,-1,bchdfpgejlimnako
8,9,2,5488,PUSH,4,bcehfgadjklinopm,-4,4,-1,1
8,9,0,5489,DEL_EXPLORED,1
8,9,1,5489,PUSH,-4,bchdfpgejlamnkio,-4,4,-1,1
8,9,2,5489,DEL_CUTOFF,1
8,9,0,5490,DEL_CUTOFF,4
8,9,1,5490,PUSH,1,bchdfpgejlmankio,-4,4,-1
8,9,2,5490,DEL_CUTOFF,-1
8,9,0,5491,DEL_CUTOFF,-4
8,9,1,5491,DEL_EXPLORED,-1
8,9,2,5491,DEL_CUTOFF,4
8,9,0,5492,POP,-1,bgcdafhejolinpkm
8,9,1,5492,DEL_CUTOFF,4
8,9,2,5492,DEL_EXPLORED,-4
8,9,0,5493,PUSH,4,bgcdfohejalinpkm,-4,4,-1,1
8,9,1,5493,DEL_CUTOFF,-4
8,9,2,5493,POP,4,bcehfgadjklinopm
8,9,0,5494,DEL_CUTOFF,1
8,9,1,5494,POP,1,bchdfpgejlmankio
8,9,2,5494,POP,-1,bcahfgedjklinopm
8,9,0,5495,DEL_CUTOFF,-1
8,9,1,5495,PUSH,-1,bchdfpgejalmnkio,-4,4,-1,1
8,9,2,5495,DEL_EXPLORED,4
8,9,0,5496,DEL_CUTOFF,4
8,9,1,5496,DEL_EXPLORED,1
8,9,2,5496,POP,-4,bchafgedjklinopm
8,9,0,5497,DEL_EXPLORED,-4
8,9,1,5497,DEL_CUTOFF,-1
8,9,2,5497,POP,1,bchdfgeajklinopm
8,9,0,5498,POP,4,bgcdfohejalinpkm
8,9,1,5498,DEL_CUTOFF,4
8,9,2,5498,PUSH,-1,bchdfagejklinopm,-4,4,-1,1
8,9,0,5499,DEL_EXPLORED,-4
8,9,1,5499,DEL_CUTOFF,-4
8,9,2,5499,DEL_EXPLORED,1
8,9,0,5500,POP,4,bgcdfahejolinpkm
8,9,1,5500,POP,-1,bchdfpgejalmnkio
8,9,2,5500,PUSH,-1,bchdafgejklinopm,-4,4,1
8,9,0,5501,POP,-1,bacdfghejolinpkm
8,9,1,5501,DEL_EXPLORED,4
8,9,2,5501,DEL_EXPLORED,1
8,9,0,5502,DEL_EXPLORED,4
8,9,1,5502,PUSH,-4,bchdfpaejlgmnkio,-4,4,-1,1
8,9,2,5502,PUSH,4,bchdjfgeaklinopm,-4,4,1
8,9,0,5503,POP,-4,bcadfghejolinpkm
8,9,1,5503,DEL_CUTOFF,1
8,9,2,5503,PUSH,1,bchdjfgekalinopm,-4,4,-1,1
8,9,0,5504,POP,-4,bchdfgaejolinpkm
8,9,1,5504,DEL_CUTOFF,-1
8,9,2,5504,DEL_CUTOFF,1
8,9,0,5505,POP,1,bchdfglejoainpkm
8,9,1,5505,DEL_EXPLORED,4
8,9,2,5505,DEL_EXPLORED,-1
8,9,0,5506,PUSH,-1,bchdfgleajoinpkm,-4,4,1
8,9,1,5506,DEL_CUTOFF,-4
8,9,2,5506,DEL_CUTOFF,4
8,9,0,5507,DEL_EXPLORED,1
8,9,1,5507,POP,-4,bchdfpaejlgmnkio
8,9,2,5507,DEL_CUTOFF,-4
8,9,0,5508,PUSH,4,bchdfglenjoiapkm,-4,1
8,9,1,5508,POP,-4,bchdfpgejlamnkio
8,9,2,5508,POP,1,bchdjfgekalinopm
8,9,0,5509,PUSH,1,bchdfglenjoipakm,-4,-1,1
8,9,1,5509,POP,-1,bchdfpgejlimnkao
8,9,2,5509,PUSH,4,bchdjfgenkliaopm,-4,1
8,9,0,5510,PUSH,1,bchdfglenjoipkam,-4,-1,1
8,9,1,5510,DEL_EXPLORED,-4
8,9,2,5510,DEL_CUTOFF,1
8,9,0,5511,PUSH,1,bchdfglenjoipkma,-4,-1
8,9,1,5511,POP,4,bchdfpgejlimnkoa
8,9,2,5511,DEL_EXPLORED,-4
8,9,0,5512,DEL_EXPLORED,-1
8,9,1,5512,PUSH,-4,bchdfpgajlienkom,-4,4,-1
8,9,2,5512,POP,4,bchdjfgenkliaopm
8,9,0,5513,PUSH,-4,bchdfglenjoapkmi,-4,4,-1
8,9,1,5513,PUSH,-1,bchdfpagjlienkom,-4,4,-1,1
8,9,2,5513,DEL_EXPLORED,-4
8,9,0,5514,DEL_CUTOFF,-1
8,9,1,5514,DEL_EXPLORED,1
8,9,2,5514,POP,4,bchdjfgeaklinopm
8,9,0,5515,DEL_EXPLORED,4
8,9,1,5515,PUSH,-1,bchdfapgjlienkom,-4,4,-1,1
8,9,2,5515,PUSH,-4,achdbfgejklinopm,4,1
8,9,0,5516,DEL_CUTOFF,-4
8,9,1,5516,DEL_EXPLORED,1
8,9,2,5516,PUSH,1,cahdbfgejklinopm,4,-1,1
8,9,0,5517,POP,-4,bchdfglenjoapkmi
8,9,1,5517,PUSH,-1,bchdafpgjlienkom,-4,4,1
8,9,2,5517,DEL_CUTOFF,1
8,9,0,5518,POP,1,bchdfglenjoipkma
8,9,1,5518,DEL_EXPLORED,1
8,9,2,5518,DEL_EXPLORED,-1
8,9,0,5519,DEL_EXPLORED,-1
8,9,1,5519,DEL_CUTOFF,4
8,9,2,5519,DEL_CUTOFF,4
8,9,0,5520,PUSH,-4,bchdfglenjaipkom,-4,4,-1,1
8,9,1,5520,DEL_CUTOFF,-4
8,9,2,5520,POP,1,cahdbfgejklinopm
8,9,0,5521,PUSH,1,bchdfglenjiapkom,-4,4,-1
8,9,1,5521,POP,-1,bchdafpgjlienkom
8,9,2,5521,DEL_EXPLORED,4
8,9,0,5522,DEL_EXPLORED,-1
8,9,1,5522,PUSH,4,bchdflpgjaienkom,-4,4,-1,1
8,9,2,5522,POP,-4,achdbfgejklinopm
8,9,0,5523,DEL_CUTOFF,4
8,9,1,5523,DEL_CUTOFF,1
8,9,2,5523,POP,-1,bchdafgejklinopm
8,9,0,5524,DEL_CUTOFF,-4
8,9,1,5524,DEL_CUTOFF,-1
8,9,2,5524,PUSH,4,bchdfkgejalinopm,-4,4,-1,1
8,9,0,5525,POP,1,bchdfglenjiapkom
8,9,1,5525,DEL_CUTOFF,4
8,9,2,5525,PUSH,1,bchdfkgejlainopm,-4,4,-1,1
8,9,0,5526,PUSH,-1,bchdfglenajipkom,-4,4,-1,1
8,9,1,5526,DEL_EXPLORED,-4
8,9,2,5526,PUSH,1,bchdfkgejlianopm,-4,4,-1
8,9,0,5527,DEL_EXPLORED,1
8,9,1,5527,POP,4,bchdflpgjaienkom
8,9,2,5527,DEL_EXPLORED,-1
8,9,0,5528,DEL_CUTOFF,-1
8,9,1,5528,PUSH,-4,bahdfcpgjlienkom,4,-1,1
8,9,2,5528,DEL_CUTOFF,4
8,9,0,5529,DEL_CUTOFF,4
8,9,1,5529,DEL_CUTOFF,1
8,9,2,5529,DEL_CUTOFF,-4
8,9,0,5530,DEL_CUTOFF,-4
8,9,1,5530,DEL_CUTOFF,-1
8,9,2,5530,POP,1,bchdfkgejlianopm
8,9,0,5531,POP,-1,bchdfglenajipkom
8,9,1,5531,DEL_EXPLORED,4
8,9,2,5531,DEL_EXPLORED,-1
8,9,0,5532,DEL_EXPLORED,4
8,9,1,5532,POP,-4,bahdfcpgjlienkom
8,9,2,5532,PUSH,4,bchdfkgejlpinoam,-4,-1,1
8,9,0,5533,PUSH,-4,bchdfgaenjlipkom,-4,4,-1,1
8,9,1,5533,POP,-1,bchdfapgjlienkom
8,9,2,5533,DEL_CUTOFF,1
8,9,0,5534,DEL_CUTOFF,1
8,9,1,5534,PUSH,4,bchdfpigjlaenkom,-4,4,-1,1
8,9,2,5534,DEL_CUTOFF,-1
8,9,0,5535,DEL_CUTOFF,-1
8,9,1,5535,PUSH,1,bchdfpigjleankom,-4,4,-1
8,9,2,5535,DEL_EXPLORED,-4
8,9,0,5536,DEL_EXPLORED,4
8,9,1,5536,DEL_EXPLORED,-1
8,9,2,5536,POP,4,bchdfkgejlpinoam
8,9,0,5537,DEL_CUTOFF,-4
8,9,1,5537,DEL_CUTOFF,4
8,9,2,5537,PUSH,-4,bchdfkaejlginopm,-4,4,-1,1
8,9,0,5538,POP,-4,bchdfgaenjlipkom
8,9,1,5538,DEL_CUTOFF,-4
8,9,2,5538,DEL_CUTOFF,1
8,9,0,5539,POP,-4,bchdfglenjaipkom
8,9,1,5539,POP,1,bchdfpigjleankom
8,9,2,5539,DEL_CUTOFF,-1
8,9,0,5540,POP,1,bchdfglenjoipkam
8,9,1,5540,PUSH,-1,bchdfpigjalenkom,-4,4,-1,1
8,9,2,5540,DEL_EXPLORED,4
8,9,0,5541,DEL_EXPLORED,-1
8,9,1,5541,DEL_EXPLORED,1
8,9,2,5541,DEL_CUTOFF,-4
8,9,0,5542,PUSH,-4,bchdfglenaoipjkm,-4,4,-1,1
8,9,1,5542,DEL_CUTOFF,-1
8,9,2,5542,POP,-4,bchdfkaejlginopm
8,9,0,5543,PUSH,1,bchdfglenoaipjkm,-4,4,-1,1
8,9,1,5543,DEL_CUTOFF,4
8,9,2,5543,POP,1,bchdfkgejlainopm
8,9,0,5544,PUSH,1,bchdfglenoiapjkm,-4,4,-1
8,9,1,5544,DEL_CUTOFF,-4
8,9,2,5544,PUSH,-1,bchdfkgeajlinopm,-4,4,1
8,9,0,5545,DEL_EXPLORED,-1
8,9,1,5545,POP,-1,bchdfpigjalenkom
8,9,2,5545,DEL_EXPLORED,1
8,9,0,5546,DEL_CUTOFF,4
8,9,1,5546,PUSH,4,bchdfpigjloenkam,-4,-1,1
8,9,2,5546,PUSH,4,bchdfkgenjliaopm,-4,1
8,9,0,5547,DEL_CUTOFF,-4
8,9,1,5547,DEL_CUTOFF,1
8,9,2,5547,DEL_CUTOFF,1
8,9,0,5548,POP,1,bchdfglenoiapjkm
8,9,1,5548,DEL_CUTOFF,-1
8,9,2,5548,DEL_EXPLORED,-4
8,9,0,5549,DEL_EXPLORED,-1
8,9,1,5549,DEL_EXPLORED,-4
8,9,2,5549,POP,4,bchdfkgenjliaopm
8,9,0,5550,PUSH,4,bchdfglenokipjam,-4,-1,1
8,9,1,5550,POP,4,bchdfpigjloenkam
8,9,2,5550,PUSH,-4,bchdakgefjlinopm,-4,4,1
8,9,0,5551,DEL_CUTOFF,1
8,9,1,5551,DEL_EXPLORED,-4
8,9,2,5551,DEL_CUTOFF,1
8,9,0,5552,DEL_CUTOFF,-1
8,9,1,5552,POP,4,bchdfpigjlaenkom
8,9,2,5552,DEL_EXPLORED,4
8,9,0,5553,DEL_EXPLORED,-4
8,9,1,5553,PUSH,-4,bcadfphgjlienkom,4,-1,1
8,9,2,5553,DEL_CUTOFF,-4
8,9,0,5554,POP,4,bchdfglenokipjam
8,9,1,5554,PUSH,1,bcdafphgjlienkom,4,-1
8,9,2,5554,POP,-4,bchdakgefjlinopm
8,9,0,5555,PUSH,-4,bchdfgaenolipjkm,-4,4,-1,1
8,9,1,5555,DEL_EXPLORED,-1
8,9,2,5555,POP,-1,bchdfkgeajlinopm
8,9,0,5556,DEL_CUTOFF,1
8,9,1,5556,DEL_CUTOFF,4
8,9,2,5556,PUSH,4,bchdfkgejolinapm,-4,-1,1
8,9,0,5557,DEL_CUTOFF,-1
8,9,1,5557,POP,1,bcdafphgjlienkom
8,9,2,5557,PUSH,1,bchdfkgejolinpam,-4,-1,1
8,9,0,5558,DEL_EXPLORED,4
8,9,1,5558,PUSH,-1,bacdfphgjlienkom,4,-1,1
8,9,2,5558,DEL_CUTOFF,1
8,9,0,5559,DEL_CUTOFF,-4
8,9,1,5559,DEL_EXPLORED,1
8,9,2,5559,DEL_EXPLORED,-1
8,9,0,5560,POP,-4,bchdfgaenolipjkm
8,9,1,5560,DEL_CUTOFF,-1
8,9,2,5560,DEL_CUTOFF,-4
8,9,0,5561,POP,1,bchdfglenoaipjkm
8,9,1,5561,DEL_CUTOFF,4
8,9,2,5561,POP,1,bchdfkgejolinpam
8,9,0,5562,PUSH,-1,bchdfgleanoipjkm,-4,4,1
8,9,1,5562,POP,-1,bacdfphgjlienkom
8,9,2,5562,PUSH,-1,bchdfkgejolianpm,-4,1
8,9,0,5563,DEL_EXPLORED,1
8,9,1,5563,DEL_EXPLORED,4
8,9,2,5563,DEL_EXPLORED,1
8,9,0,5564,PUSH,4,bchdfglepnoiajkm,-4,1
8,9,1,5564,POP,-4,bcadfphgjlienkom
8,9,2,5564,DEL_CUTOFF,-4
8,9,0,5565,DEL_CUTOFF,1
8,9,1,5565,POP,-1,bchdfpagjlienkom
8,9,2,5565,POP,-1,bchdfkgejolianpm
8,9,0,5566,DEL_EXPLORED,-4
8,9,1,5566,DEL_EXPLORED,4
8,9,2,5566,DEL_EXPLORED,-4
8,9,0,5567,POP,4,bchdfglepnoiajkm
8,9,1,5567,PUSH,-4,bchafpgdjlienkom,4,-1
8,9,2,5567,POP,4,bchdfkgejolinapm
8,9,0,5568,PUSH,-4,bchdaglefnoipjkm,-4,4,1
8,9,1,5568,PUSH,-1,bcahfpgdjlienkom,4,-1,1
8,9,2,5568,DEL_EXPLORED,-4
8,9,0,5569,DEL_CUTOFF,1
8,9,1,5569,DEL_EXPLORED,1
8,9,2,5569,POP,4,bchdfkgejalinopm
8,9,0,5570,DEL_EXPLORED,4
8,9,1,5570,PUSH,-1,bachfpgdjlienkom,4,-1,1
8,9,2,5570,PUSH,-4,bahdfcgejklinopm,4,-1,1
8,9,0,5571,DEL_CUTOFF,-4
8,9,1,5571,DEL_EXPLORED,1
8,9,2,5571,PUSH,1,bhadfcgejklinopm,4,-1,1
8,9,0,5572,POP,-4,bchdaglefnoipjkm
8,9,1,5572,DEL_CUTOFF,-1
8,9,2,5572,PUSH,1,bhdafcgejklinopm,4,-1
8,9,0,5573,POP,-1,bchdfgleanoipjkm
8,9,1,5573,DEL_CUTOFF,4
8,9,2,5573,DEL_EXPLORED,-1
8,9,0,5574,DEL_EXPLORED,4
8,9,1,5574,POP,-1,bachfpgdjlienkom
8,9,2,5574,DEL_CUTOFF,4
8,9,0,5575,PUSH,-4,bchdfalengoipjkm,-4,4,-1,1
8,9,1,5575,PUSH,4,bcghfpadjlienkom,-4,4,-1,1
8,9,2,5575,POP,1,bhdafcgejklinopm
8,9,0,5576,PUSH,1,bchdflaengoipjkm,-4,4,-1,1
8,9,1,5576,DEL_CUTOFF,1
8,9,2,5576,DEL_EXPLORED,-1
8,9,0,5577,DEL_CUTOFF,1
8,9,1,5577,DEL_CUTOFF,-1
8,9,2,5577,PUSH,4,bhgdfcaejklinopm,-4,4,-1,1
8,9,0,5578,DEL_EXPLORED,-1
8,9,1,5578,DEL_CUTOFF,4
8,9,2,5578,DEL_CUTOFF,1
8,9,0,5579,DEL_CUTOFF,4
8,9,1,5579,DEL_EXPLORED,-4
8,9,2,5579,DEL_CUTOFF,-1
8,9,0,5580,DEL_CUTOFF,-4
8,9,1,5580,POP,4,bcghfpadjlienkom
8,9,2,5580,DEL_CUTOFF,4
8,9,0,5581,POP,1,bchdflaengoipjkm
8,9,1,5581,POP,-1,bcahfpgdjlienkom
8,9,2,5581,DEL_EXPLORED,-4
8,9,0,5582,PUSH,-1,bchdaflengoipjkm,-4,4,1
8,9,1,5582,DEL_EXPLORED,4
8,9,2,5582,POP,4,bhgdfcaejklinopm
8,9,0,5583,DEL_EXPLORED,1
8,9,1,5583,POP,-4,bchafpgdjlienkom
8,9,2,5583,POP,1,bhadfcgejklinopm
8,9,0,5584,DEL_CUTOFF,4
8,9,1,5584,POP,-4,bchdfpgajlienkom
8,9,2,5584,PUSH,-1,abhdfcgejklinopm,4,1
8,9,0,5585,DEL_CUTOFF,-4
8,9,1,5585,POP,1,bchdfpgejliankom
8,9,2,5585,DEL_EXPLORED,1
8,9,0,5586,POP,-1,bchdaflengoipjkm
8,9,1,5586,DEL_EXPLORED,-1
8,9,2,5586,PUSH,4,fbhdacgejklinopm,-4,4,1
8,9,0,5587,DEL_EXPLORED,4
8,9,1,5587,PUSH,4,bchdfpgejloinkam,-4,-1,1
8,9,2,5587,DEL_CUTOFF,1
8,9,0,5588,PUSH,-4,bahdfclengoipjkm,4,-1,1
8,9,1,5588,PUSH,1,bchdfpgejloinkma,-4,-1
8,9,2,5588,DEL_CUTOFF,4
8,9,0,5589,DEL_CUTOFF,1
8,9,1,5589,DEL_EXPLORED,-1
8,9,2,5589,DEL_EXPLORED,-4
8,9,0,5590,DEL_CUTOFF,-1
8,9,1,5590,PUSH,-4,bchdfpgejloankmi,-4,4,-1
8,9,2,5590,POP,4,fbhdacgejklinopm
8,9,0,5591,DEL_EXPLORED,4
8,9,1,5591,PUSH,-1,bchdfpgejlaonkmi,-4,4,-1,1
8,9,2,5591,POP,-1,abhdfcgejklinopm
8,9,0,5592,POP,-4,bahdfclengoipjkm
8,9,1,5592,DEL_EXPLORED,1
8,9,2,5592,DEL_EXPLORED,4
8,9,0,5593,POP,-4,bchdfalengoipjkm
8,9,1,5593,PUSH,-1,bchdfpgejalonkmi,-4,4,-1,1
8,9,2,5593,POP,-4,bahdfcgejklinopm
8,9,0,5594,POP,-4,bchdfglenaoipjkm
8,9,1,5594,DEL_EXPLORED,1
8,9,2,5594,POP,-1,bchdfagejklinopm
8,9,0,5595,POP,1,bchdfglenjoipakm
8,9,1,5595,DEL_CUTOFF,-1
8,9,2,5595,DEL_EXPLORED,4
8,9,0,5596,DEL_EXPLORED,-4
8,9,1,5596,DEL_CUTOFF,4
8,9,2,5596,PUSH,-4,bcadfghejklinopm,4,-1,1
8,9,0,5597,POP,4,bchdfglenjoiapkm
8,9,1,5597,DEL_CUTOFF,-4
8,9,2,5597,PUSH,1,bcdafghejklinopm,4,-1
8,9,0,5598,PUSH,-4,bchdaglefjoinpkm,-4,4,1
8,9,1,5598,POP,-1,bchdfpgejalonkmi
8,9,2,5598,DEL_EXPLORED,-1
8,9,0,5599,PUSH,1,bchdgalefjoinpkm,-4,4,-1,1
8,9,1,5599,PUSH,4,bchdfpgejlmonkai,-4,-1,1
8,9,2,5599,PUSH,4,bcdefghajklinopm,-4,4,-1
8,9,0,5600,PUSH,1,bchdglaefjoinpkm,-4,4,-1,1
8,9,1,5600,DEL_CUTOFF,1
8,9,2,5600,PUSH,-1,bcdefgahjklinopm,-4,4,-1,1
8,9,0,5601,PUSH,1,bchdgleafjoinpkm,-4,4,-1
8,9,1,5601,DEL_CUTOFF,-1
8,9,2,5601,DEL_EXPLORED,1
8,9,0,5602,DEL_EXPLORED,-1
8,9,1,5602,DEL_EXPLORED,-4
8,9,2,5602,DEL_CUTOFF,-1
8,9,0,5603,PUSH,4,bchdgleifjoanpkm,-4,4,-1
8,9,1,5603,POP,4,bchdfpgejlmonkai
8,9,2,5603,DEL_CUTOFF,4
8,9,0,5604,DEL_CUTOFF,-1
8,9,1,5604,PUSH,-4,bchdfpaejlgonkmi,-4,4,-1,1
8,9,2,5604,DEL_CUTOFF,-4
8,9,0,5605,DEL_CUTOFF,4
8,9,1,5605,DEL_CUTOFF,1
8,9,2,5605,POP,-1,bcdefgahjklinopm
8,9,0,5606,DEL_EXPLORED,-4
8,9,1,5606,DEL_CUTOFF,-1
8,9,2,5606,PUSH,4,bcdefghijklanopm,-4,4,-1
8,9,0,5607,POP,4,bchdgleifjoanpkm
8,9,1,5607,DEL_EXPLORED,4
8,9,2,5607,DEL_CUTOFF,-1
8,9,0,5608,PUSH,-4,bchagledfjoinpkm,4,-1
8,9,1,5608,DEL_CUTOFF,-4
8,9,2,5608,DEL_CUTOFF,4
8,9,0,5609,DEL_CUTOFF,-1
8,9,1,5609,POP,-4,bchdfpaejlgonkmi
8,9,2,5609,DEL_EXPLORED,-4
8,9,0,5610,DEL_EXPLORED,4
8,9,1,5610,POP,-1,bchdfpgejlaonkmi
8,9,2,5610,POP,4,bcdefghijklanopm
8,9,0,5611,POP,-4,bchagledfjoinpkm
8,9,1,5611,DEL_EXPLORED,4
8,9,2,5611,DEL_EXPLORED,-4
8,9,0,5612,POP,1,bchdgleafjoinpkm
8,9,1,5612,PUSH,-4,bchdfpgajloenkmi,-4,4,-1
8,9,2,5612,POP,4,bcdefghajklinopm
8,9,0,5613,DEL_EXPLORED,-1
8,9,1,5613,PUSH,-1,bchdfpagjloenkmi,-4,4,-1,1
8,9,2,5613,POP,1,bcdafghejklinopm
8,9,0,5614,PUSH,4,bchdgloefjainpkm,-4,4,-1,1
8,9,1,5614,DEL_EXPLORED,1
8,9,2,5614,PUSH,-1,bacdfghejklinopm,4,-1,1
8,9,0,5615,PUSH,1,bchdgloefjianpkm,-4,4,-1
8,9,1,5615,DEL_CUTOFF,-1
8,9,2,5615,DEL_EXPLORED,1
8,9,0,5616,DEL_EXPLORED,-1
8,9,1,5616,DEL_CUTOFF,4
8,9,2,5616,PUSH,-1,abcdfghejklinopm,4,1
8,9,0,5617,DEL_CUTOFF,4
8,9,1,5617,DEL_CUTOFF,-4
8,9,2,5617,DEL_EXPLORED,1
8,9,0,5618,DEL_CUTOFF,-4
8,9,1,5618,POP,-1,bchdfpagjloenkmi
8,9,2,5618,PUSH,4,fbcdaghejklinopm,-4,4,1
8,9,0,5619,POP,1,bchdgloefjianpkm
8,9,1,5619,DEL_EXPLORED,4
8,9,2,5619,DEL_CUTOFF,1
8,9,0,5620,PUSH,-1,bchdgloefajinpkm,-4,4,-1,1
8,9,1,5620,PUSH,-4,bchafpgdjloenkmi,4,-1
8,9,2,5620,DEL_CUTOFF,4
8,9,0,5621,DEL_EXPLORED,1
8,9,1,5621,DEL_CUTOFF,-1
8,9,2,5621,DEL_EXPLORED,-4
8,9,0,5622,DEL_CUTOFF,-1
8,9,1,5622,DEL_EXPLORED,4
8,9,2,5622,POP,4,fbcdaghejklinopm
8,9,0,5623,DEL_CUTOFF,4
8,9,1,5623,POP,-4,bchafpgdjloenkmi
8,9,2,5623,POP,-1,abcdfghejklinopm
8,9,0,5624,DEL_CUTOFF,-4
8,9,1,5624,POP,-4,bchdfpgajloenkmi
8,9,2,5624,PUSH,4,bgcdfahejklinopm,-4,4,-1,1
8,9,0,5625,POP,-1,bchdgloefajinpkm
8,9,1,5625,POP,-4,bchdfpgejloankmi
8,9,2,5625,PUSH,1,bgcdfhaejklinopm,-4,4,-1,1
8,9,0,5626,PUSH,4,bchdgloefjkinpam,-4,-1,1
8,9,1,5626,POP,1,bchdfpgejloinkma
8,9,2,5626,DEL_CUTOFF,1
8,9,0,5627,DEL_CUTOFF,1
8,9,1,5627,PUSH,-1,bchdfpgejloinakm,-4,-1,1
8,9,2,5627,DEL_EXPLORED,-1
8,9,0,5628,DEL_CUTOFF,-1
8,9,1,5628,DEL_EXPLORED,1
8,9,2,5628,DEL_CUTOFF,4
8,9,0,5629,DEL_EXPLORED,-4
8,9,1,5629,PUSH,-1,bchdfpgejloiankm,-4,1
8,9,2,5629,DEL_CUTOFF,-4
8,9,0,5630,POP,4,bchdgloefjkinpam
8,9,1,5630,DEL_EXPLORED,1
8,9,2,5630,POP,1,bgcdfhaejklinopm
8,9,0,5631,DEL_EXPLORED,-4
8,9,1,5631,PUSH,-4,bchdfpgealoijnkm,-4,4,1
8,9,2,5631,PUSH,-1,bgcdafhejklinopm,-4,4,1
8,9,0,5632,POP,4,bchdgloefjainpkm
8,9,1,5632,PUSH,1,bchdfpgelaoijnkm,-4,4,-1,1
8,9,2,5632,DEL_EXPLORED,1
8,9,0,5633,PUSH,-4,bcadglhefjoinpkm,4,-1,1
8,9,1,5633,DEL_CUTOFF,1
8,9,2,5633,DEL_CUTOFF,4
8,9,0,5634,PUSH,1,bcdaglhefjoinpkm,4,-1
8,9,1,5634,DEL_EXPLORED,-1
8,9,2,5634,DEL_CUTOFF,-4
8,9,0,5635,DEL_EXPLORED,-1
8,9,1,5635,DEL_CUTOFF,4
8,9,2,5635,POP,-1,bgcdafhejklinopm
8,9,0,5636,DEL_CUTOFF,4
8,9,1,5636,DEL_CUTOFF,-4
8,9,2,5636,PUSH,4,bgcdfkhejalinopm,-4,4,-1,1
8,9,0,5637,POP,1,bcdaglhefjoinpkm
8,9,1,5637,POP,1,bchdfpgelaoijnkm
8,9,2,5637,DEL_CUTOFF,1
8,9,0,5638,PUSH,-1,bacdglhefjoinpkm,4,-1,1
8,9,1,5638,DEL_EXPLORED,4
8,9,2,5638,DEL_CUTOFF,-1
8,9,0,5639,DEL_EXPLORED,1
8,9,1,5639,PUSH,-4,bchdapgefloijnkm,-4,4,1
8,9,2,5639,DEL_CUTOFF,4
8,9,0,5640,DEL_CUTOFF,-1
8,9,1,5640,DEL_CUTOFF,1
8,9,2,5640,DEL_EXPLORED,-4
8,9,0,5641,DEL_CUTOFF,4
8,9,1,5641,DEL_EXPLORED,4
8,9,2,5641,POP,4,bgcdfkhejalinopm
8,9,0,5642,POP,-1,bacdglhefjoinpkm
8,9,1,5642,DEL_CUTOFF,-4
8,9,2,5642,DEL_EXPLORED,-4
8,9,0,5643,DEL_EXPLORED,4
8,9,1,5643,POP,-4,bchdapgefloijnkm
8,9,2,5643,POP,4,bgcdfahejklinopm
8,9,0,5644,POP,-4,bcadglhefjoinpkm
8,9,1,5644,POP,-4,bchdfpgealoijnkm
8,9,2,5644,POP,-1,bacdfghejklinopm
8,9,0,5645,POP,1,bchdglaefjoinpkm
8,9,1,5645,POP,-1,bchdfpgejloiankm
8,9,2,5645,DEL_EXPLORED,4
8,9,0,5646,DEL_EXPLORED,-1
8,9,1,5646,PUSH,-4,bchdfpgejaoinlkm,-4,4,-1,1
8,9,2,5646,POP,-4,bcadfghejklinopm
8,9,0,5647,PUSH,4,bchdgjlefaoinpkm,-4,4,-1,1
8,9,1,5647,PUSH,1,bchdfpgejoainlkm,-4,4,-1,1
8,9,2,5647,POP,-4,bchdfgaejklinopm
8,9,0,5648,PUSH,1,bchdgjlefoainpkm,-4,4,-1,1
8,9,1,5648,PUSH,1,bchdfpgejoianlkm,-4,4,-1
8,9,2,5648,POP,-4,bchdfglejkainopm
8,9,0,5649,PUSH,1,bchdgjlefoianpkm,-4,4,-1
8,9,1,5649,DEL_EXPLORED,-1
8,9,2,5649,POP,1,bchdfglejkpinoam
8,9,0,5650,DEL_EXPLORED,-1
8,9,1,5650,DEL_CUTOFF,4
8,9,2,5650,PUSH,-1,bchdfglejkpianom,-4,1
8,9,0,5651,DEL_CUTOFF,4
8,9,1,5651,DEL_CUTOFF,-4
8,9,2,5651,DEL_EXPLORED,1
8,9,0,5652,DEL_CUTOFF,-4
8,9,1,5652,POP,1,bchdfpgejoianlkm
8,9,2,5652,PUSH,-4,bchdfgleakpijnom,-4,4,1
8,9,0,5653,POP,1,bchdgjlefoianpkm
8,9,1,5653,DEL_EXPLORED,-1
8,9,2,5653,PUSH,1,bchdfglekapijnom,-4,4,-1,1
8,9,0,5654,DEL_EXPLORED,-1
8,9,1,5654,PUSH,4,bchdfpgejokinlam,-4,-1,1
8,9,2,5654,PUSH,1,bchdfglekpaijnom,-4,4,-1,1
8,9,0,5655,PUSH,4,bchdgjlefokinpam,-4,-1,1
8,9,1,5655,DEL_CUTOFF,1
8,9,2,5655,PUSH,1,bchdfglekpiajnom,-4,4,-1
8,9,0,5656,DEL_CUTOFF,1
8,9,1,5656,DEL_CUTOFF,-1
8,9,2,5656,DEL_EXPLORED,-1
8,9,0,5657,DEL_CUTOFF,-1
8,9,1,5657,DEL_EXPLORED,-4
8,9,2,5657,PUSH,4,bchdfglekpimjnoa,-4,-1
8,9,0,5658,DEL_EXPLORED,-4
8,9,1,5658,POP,4,bchdfpgejokinlam
8,9,2,5658,PUSH,-1,bchdfglekpimjnao,-4,-1,1
8,9,0,5659,POP,4,bchdgjlefokinpam
8,9,1,5659,PUSH,-4,bchdfpaejoginlkm,-4,4,-1,1
8,9,2,5659,DEL_EXPLORED,1
8,9,0,5660,PUSH,-4,bchdgjaefolinpkm,-4,4,-1,1
8,9,1,5660,DEL_CUTOFF,1
8,9,2,5660,DEL_CUTOFF,-1
8,9,0,5661,DEL_CUTOFF,1
8,9,1,5661,DEL_CUTOFF,-1
8,9,2,5661,DEL_CUTOFF,-4
8,9,0,5662,DEL_CUTOFF,-1
8,9,1,5662,DEL_EXPLORED,4
8,9,2,5662,POP,-1,bchdfglekpimjnao
8,9,0,5663,DEL_EXPLORED,4
8,9,1,5663,DEL_CUTOFF,-4
8,9,2,5663,DEL_EXPLORED,-4
8,9,0,5664,DEL_CUTOFF,-4
8,9,1,5664,POP,-4,bchdfpaejoginlkm
8,9,2,5664,POP,4,bchdfglekpimjnoa
8,9,0,5665,POP,-4,bchdgjaefolinpkm
8,9,1,5665,POP,1,bchdfpgejoainlkm
8,9,2,5665,PUSH,-4,bchdfglakpiejnom,-4,4,-1
8,9,0,5666,POP,1,bchdgjlefoainpkm
8,9,1,5666,PUSH,-1,bchdfpgeajoinlkm,-4,4,1
8,9,2,5666,PUSH,-1,bchdfgalkpiejnom,-4,4,-1,1
8,9,0,5667,PUSH,-1,bchdgjleafoinpkm,-4,4,1
8,9,1,5667,DEL_EXPLORED,1
8,9,2,5667,DEL_EXPLORED,1
8,9,0,5668,DEL_EXPLORED,1
8,9,1,5668,PUSH,4,bchdfpgenjoialkm,-4,1
8,9,2,5668,DEL_CUTOFF,-1
8,9,0,5669,PUSH,4,bchdgjlenfoiapkm,-4,1
8,9,1,5669,DEL_CUTOFF,1
8,9,2,5669,DEL_CUTOFF,4
8,9,0,5670,DEL_CUTOFF,1
8,9,1,5670,DEL_EXPLORED,-4
8,9,2,5670,DEL_CUTOFF,-4
8,9,0,5671,DEL_EXPLORED,-4
8,9,1,5671,POP,4,bchdfpgenjoialkm
8,9,2,5671,POP,-1,bchdfgalkpiejnom
8,9,0,5672,POP,4,bchdgjlenfoiapkm
8,9,1,5672,PUSH,-4,bchdapgefjoinlkm,-4,4,1
8,9,2,5672,DEL_EXPLORED,4
8,9,0,5673,PUSH,-4,bchdajlegfoinpkm,-4,4,1
8,9,1,5673,DEL_CUTOFF,1
8,9,2,5673,PUSH,-4,bchafgldkpiejnom,4,-1
8,9,0,5674,DEL_CUTOFF,1
8,9,1,5674,DEL_EXPLORED,4
8,9,2,5674,DEL_CUTOFF,-1
8,9,0,5675,DEL_EXPLORED,4
8,9,1,5675,DEL_CUTOFF,-4
8,9,2,5675,DEL_EXPLORED,4
8,9,0,5676,DEL_CUTOFF,-4
8,9,1,5676,POP,-4,bchdapgefjoinlkm
8,9,2,5676,POP,-4,bchafgldkpiejnom
8,9,0,5677,POP,-4,bchdajlegfoinpkm
8,9,1,5677,POP,-1,bchdfpgeajoinlkm
8,9,2,5677,POP,-4,bchdfglakpiejnom
8,9,0,5678,POP,-1,bchdgjleafoinpkm
8,9,1,5678,DEL_EXPLORED,4
8,9,2,5678,POP,1,bchdfglekpiajnom
8,9,0,5679,PUSH,4,bchdgjlefpoinakm,-4,-1,1
8,9,1,5679,PUSH,-4,bchdfagejpoinlkm,-4,4,-1,1
8,9,2,5679,DEL_EXPLORED,-1
8,9,0,5680,PUSH,1,bchdgjlefpoinkam,-4,-1,1
8,9,1,5680,PUSH,1,bchdfgaejpoinlkm,-4,4,-1,1
8,9,2,5680,PUSH,4,bchdfglekpoijnam,-4,-1,1
8,9,0,5681,DEL_CUTOFF,1
8,9,1,5681,DEL_CUTOFF,1
8,9,2,5681,PUSH,1,bchdfglekpoijnma,-4,-1
8,9,0,5682,DEL_EXPLORED,-1
8,9,1,5682,DEL_EXPLORED,-1
8,9,2,5682,DEL_EXPLORED,-1
8,9,0,5683,DEL_CUTOFF,-4
8,9,1,5683,DEL_CUTOFF,4
8,9,2,5683,PUSH,-4,bchdfglekpoajnmi,-4,4,-1
8,9,0,5684,POP,1,bchdgjlefpoinkam
8,9,1,5684,DEL_CUTOFF,-4
8,9,2,5684,DEL_CUTOFF,-1
8,9,0,5685,PUSH,-1,bchdgjlefpoiankm,-4,1
8,9,1,5685,POP,1,bchdfgaejpoinlkm
8,9,2,5685,DEL_EXPLORED,4
8,9,0,5686,DEL_EXPLORED,1
8,9,1,5686,PUSH,-1,bchdafgejpoinlkm,-4,4,1
8,9,2,5686,DEL_CUTOFF,-4
8,9,0,5687,DEL_CUTOFF,-4
8,9,1,5687,DEL_EXPLORED,1
8,9,2,5687,POP,-4,bchdfglekpoajnmi
8,9,0,5688,POP,-1,bchdgjlefpoiankm
8,9,1,5688,DEL_CUTOFF,4
8,9,2,5688,POP,1,bchdfglekpoijnma
8,9,0,5689,DEL_EXPLORED,-4
8,9,1,5689,DEL_CUTOFF,-4
8,9,2,5689,PUSH,-1,bchdfglekpoijanm,-4,-1,1
8,9,0,5690,POP,4,bchdgjlefpoinakm
8,9,1,5690,POP,-1,bchdafgejpoinlkm
8,9,2,5690,DEL_EXPLORED,1
8,9,0,5691,DEL_EXPLORED,-4
8,9,1,5691,DEL_EXPLORED,4
8,9,2,5691,PUSH,-1,bchdfglekpoiajnm,-4,1
8,9,0,5692,POP,4,bchdgjlefaoinpkm
8,9,1,5692,PUSH,-4,bahdfcgejpoinlkm,4,-1,1
8,9,2,5692,DEL_EXPLORED,1
8,9,0,5693,PUSH,-4,bahdgclefjoinpkm,4,-1,1
8,9,1,5693,DEL_CUTOFF,1
8,9,2,5693,DEL_CUTOFF,-4
8,9,0,5694,PUSH,1,bhadgclefjoinpkm,4,-1,1
8,9,1,5694,DEL_CUTOFF,-1
8,9,2,5694,POP,-1,bchdfglekpoiajnm
8,9,0,5695,PUSH,1,bhdagclefjoinpkm,4,-1
8,9,1,5695,DEL_EXPLORED,4
8,9,2,5695,PUSH,-4,bchdfglekaoijpnm,-4,4,-1,1
8,9,0,5696,DEL_EXPLORED,-1
8,9,1,5696,POP,-4,bahdfcgejpoinlkm
8,9,2,5696,DEL_CUTOFF,1
8,9,0,5697,DEL_CUTOFF,4
8,9,1,5697,POP,-4,bchdfagejpoinlkm
8,9,2,5697,DEL_CUTOFF,-1
8,9,0,5698,POP,1,bhdagclefjoinpkm
8,9,1,5698,POP,-4,bchdfpgejaoinlkm
8,9,2,5698,DEL_EXPLORED,4
8,9,0,5699,DEL_EXPLORED,-1
8,9,1,5699,POP,-1,bchdfpgejloinakm
8,9,2,5699,DEL_CUTOFF,-4
8,9,0,5700,PUSH,4,bhldgcaefjoinpkm,-4,4,-1,1
8,9,1,5700,DEL_EXPLORED,-4
8,9,2,5700,POP,-4,bchdfglekaoijpnm
8,9,0,5701,DEL_CUTOFF,1
8,9,1,5701,POP,4,bchdfpgejloinkam
8,9,2,5701,POP,-1,bchdfglekpoijanm
8,9,0,5702,DEL_CUTOFF,-1
8,9,1,5702,PUSH,-4,bchdfpaejlginkom,-4,4,-1,1
8,9,2,5702,DEL_EXPLORED,-4
8,9,0,5703,DEL_CUTOFF,4
8,9,1,5703,PUSH,1,bchdfpeajlginkom,-4,4,-1
8,9,2,5703,POP,4,bchdfglekpoijnam
8,9,0,5704,DEL_EXPLORED,-4
8,9,1,5704,DEL_EXPLORED,-1
8,9,2,5704,PUSH,-4,bchdfgaekplijnom,-4,4,-1,1
8,9,0,5705,POP,4,bhldgcaefjoinpkm
8,9,1,5705,PUSH,4,bchdfpeijlgankom,-4,4,-1
8,9,2,5705,PUSH,1,bchdfgeakplijnom,-4,4,-1
8,9,0,5706,POP,1,bhadgclefjoinpkm
8,9,1,5706,PUSH,-1,bchdfpeijlagnkom,-4,4,-1,1
8,9,2,5706,DEL_EXPLORED,-1
8,9,0,5707,PUSH,-1,abhdgclefjoinpkm,4,1
8,9,1,5707,DEL_EXPLORED,1
8,9,2,5707,PUSH,4,bchdfgeikplajnom,-4,4,-1
8,9,0,5708,DEL_EXPLORED,1
8,9,1,5708,PUSH,-1,bchdfpeijalgnkom,-4,4,-1,1
8,9,2,5708,DEL_CUTOFF,-1
8,9,0,5709,PUSH,4,gbhdaclefjoinpkm,-4,4,1
8,9,1,5709,DEL_EXPLORED,1
8,9,2,5709,DEL_CUTOFF,4
8,9,0,5710,DEL_CUTOFF,1
8,9,1,5710,DEL_CUTOFF,-1
8,9,2,5710,DEL_EXPLORED,-4
8,9,0,5711,DEL_CUTOFF,4
8,9,1,5711,DEL_CUTOFF,4
8,9,2,5711,POP,4,bchdfgeikplajnom
8,9,0,5712,DEL_EXPLORED,-4
8,9,1,5712,DEL_CUTOFF,-4
8,9,2,5712,PUSH,-4,bchafgedkplijnom,4,-1
8,9,0,5713,POP,4,gbhdaclefjoinpkm
8,9,1,5713,POP,-1,bchdfpeijalgnkom
8,9,2,5713,DEL_CUTOFF,-1
8,9,0,5714,POP,-1,abhdgclefjoinpkm
8,9,1,5714,PUSH,4,bchdfpeijlognkam,-4,-1,1
8,9,2,5714,DEL_EXPLORED,4
8,9,0,5715,DEL_EXPLORED,4
8,9,1,5715,DEL_CUTOFF,1
8,9,2,5715,POP,-4,bchafgedkplijnom
8,9,0,5716,POP,-4,bahdgclefjoinpkm
8,9,1,5716,DEL_CUTOFF,-1
8,9,2,5716,POP,1,bchdfgeakplijnom
8,9,0,5717,POP,1,bchdgalefjoinpkm
8,9,1,5717,DEL_EXPLORED,-4
8,9,2,5717,PUSH,-1,bchdfagekplijnom,-4,4,-1,1
8,9,0,5718,DEL_EXPLORED,4
8,9,1,5718,POP,4,bchdfpeijlognkam
8,9,2,5718,DEL_EXPLORED,1
8,9,0,5719,PUSH,-4,achdbglefjoinpkm,4,1
8,9,1,5719,PUSH,-4,bchdfpaijlegnkom,-4,4,-1,1
8,9,2,5719,PUSH,-1,bchdafgekplijnom,-4,4,1
8,9,0,5720,PUSH,1,cahdbglefjoinpkm,4,-1,1
8,9,1,5720,DEL_CUTOFF,1
8,9,2,5720,DEL_EXPLORED,1
8,9,0,5721,PUSH,1,chadbglefjoinpkm,4,-1,1
8,9,1,5721,DEL_CUTOFF,-1
8,9,2,5721,DEL_CUTOFF,4
8,9,0,5722,PUSH,1,chdabglefjoinpkm,4,-1
8,9,1,5722,DEL_EXPLORED,4
8,9,2,5722,DEL_CUTOFF,-4
8,9,0,5723,DEL_EXPLORED,-1
8,9,1,5723,DEL_CUTOFF,-4
8,9,2,5723,POP,-1,bchdafgekplijnom
8,9,0,5724,DEL_CUTOFF,4
8,9,1,5724,POP,-4,bchdfpaijlegnkom
8,9,2,5724,PUSH,4,bchdfpgekalijnom,-4,4,-1,1
8,9,0,5725,POP,1,chdabglefjoinpkm
8,9,1,5725,POP,-1,bchdfpeijlagnkom
8,9,2,5725,DEL_CUTOFF,1
8,9,0,5726,DEL_EXPLORED,-1
8,9,1,5726,PUSH,4,bchdfpeijlgmnkoa,-4,-1
8,9,2,5726,DEL_CUTOFF,-1
8,9,0,5727,PUSH,4,chldbgaefjoinpkm,-4,4,-1,1
8,9,1,5727,PUSH,-1,bchdfpeijlgmnkao,-4,-1,1
8,9,2,5727,DEL_CUTOFF,4
8,9,0,5728,DEL_CUTOFF,1
8,9,1,5728,DEL_EXPLORED,1
8,9,2,5728,DEL_EXPLORED,-4
8,9,0,5729,DEL_CUTOFF,-1
8,9,1,5729,DEL_CUTOFF,-1
8,9,2,5729,POP,4,bchdfpgekalijnom
8,9,0,5730,DEL_CUTOFF,4
8,9,1,5730,DEL_CUTOFF,-4
8,9,2,5730,PUSH,-4,bahdfcgekplijnom,4,-1,1
8,9,0,5731,DEL_EXPLORED,-4
8,9,1,5731,POP,-1,bchdfpeijlgmnkao
8,9,2,5731,DEL_CUTOFF,1
8,9,0,5732,POP,4,chldbgaefjoinpkm
8,9,1,5732,DEL_EXPLORED,-4
8,9,2,5732,DEL_CUTOFF,-1
8,9,0,5733,POP,1,chadbglefjoinpkm
8,9,1,5733,POP,4,bchdfpeijlgmnkoa
8,9,2,5733,DEL_EXPLORED,4
8,9,0,5734,DEL_EXPLORED,-1
8,9,1,5734,DEL_EXPLORED,-4
8,9,2,5734,POP,-4,bahdfcgekplijnom
8,9,0,5735,PUSH,4,cghdbalefjoinpkm,-4,4,-1,1
8,9,1,5735,POP,4,bchdfpeijlgankom
8,9,2,5735,POP,-1,bchdfagekplijnom
8,9,0,5736,PUSH,1,cghdblaefjoinpkm,-4,4,-1,1
8,9,1,5736,PUSH,-4,bchafpedjlginkom,4,-1
8,9,2,5736,DEL_EXPLORED,4
8,9,0,5737,DEL_CUTOFF,1
8,9,1,5737,PUSH,-1,bcahfpedjlginkom,4,-1,1
8,9,2,5737,PUSH,-4,bcadfghekplijnom,4,-1,1
8,9,0,5738,DEL_EXPLORED,-1
8,9,1,5738,DEL_EXPLORED,1
8,9,2,5738,PUSH,1,bcdafghekplijnom,4,-1
8,9,0,5739,DEL_CUTOFF,4
8,9,1,5739,PUSH,-1,bachfpedjlginkom,4,-1,1
8,9,2,5739,DEL_EXPLORED,-1
8,9,0,5740,DEL_CUTOFF,-4
8,9,1,5740,DEL_EXPLORED,1
8,9,2,5740,DEL_CUTOFF,4
8,9,0,5741,POP,1,cghdblaefjoinpkm
8,9,1,5741,DEL_CUTOFF,-1
8,9,2,5741,POP,1,bcdafghekplijnom
8,9,0,5742,PUSH,-1,cghdablefjoinpkm,-4,4,1
8,9,1,5742,DEL_CUTOFF,4
8,9,2,5742,PUSH,-1,bacdfghekplijnom,4,-1,1
8,9,0,5743,DEL_EXPLORED,1
8,9,1,5743,POP,-1,bachfpedjlginkom
8,9,2,5743,DEL_EXPLORED,1
8,9,0,5744,DEL_CUTOFF,4
8,9,1,5744,PUSH,4,bcehfpadjlginkom,-4,4,-1,1
8,9,2,5744,DEL_CUTOFF,-1
8,9,0,5745,DEL_CUTOFF,-4
8,9,1,5745,DEL_CUTOFF,1
8,9,2,5745,DEL_CUTOFF,4
8,9,0,5746,POP,-1,cghdablefjoinpkm
8,9,1,5746,DEL_CUTOFF,-1
8,9,2,5746,POP,-1,bacdfghekplijnom
8,9,0,5747,PUSH,4,cghdbjlefaoinpkm,-4,4,-1,1
8,9,1,5747,DEL_CUTOFF,4
8,9,2,5747,DEL_EXPLORED,4
8,9,0,5748,DEL_CUTOFF,1
8,9,1,5748,DEL_EXPLORED,-4
8,9,2,5748,POP,-4,bcadfghekplijnom
8,9,0,5749,DEL_CUTOFF,-1
8,9,1,5749,POP,4,bcehfpadjlginkom
8,9,2,5749,POP,-4,bchdfgaekplijnom
8,9,0,5750,DEL_CUTOFF,4
8,9,1,5750,POP,-1,bcahfpedjlginkom
8,9,2,5750,POP,1,bchdfglekpaijnom
8,9,0,5751,DEL_EXPLORED,-4
8,9,1,5751,DEL_EXPLORED,4
8,9,2,5751,DEL_EXPLORED,-1
8,9,0,5752,POP,4,cghdbjlefaoinpkm
8,9,1,5752,POP,-4,bchafpedjlginkom
8,9,2,5752,PUSH,4,bchdfgleknpijaom,-4,-1,1
8,9,0,5753,DEL_EXPLORED,-4
8,9,1,5753,POP,1,bchdfpeajlginkom
8,9,2,5753,PUSH,1,bchdfgleknpijoam,-4,-1,1
8,9,0,5754,POP,4,cghdbalefjoinpkm
8,9,1,5754,PUSH,-1,bchdfapejlginkom,-4,4,-1,1
8,9,2,5754,PUSH,1,bchdfgleknpijoma,-4,-1
8,9,0,5755,POP,1,cahdbglefjoinpkm
8,9,1,5755,DEL_EXPLORED,1
8,9,2,5755,DEL_EXPLORED,-1
8,9,0,5756,DEL_EXPLORED,4
8,9,1,5756,PUSH,-1,bchdafpejlginkom,-4,4,1
8,9,2,5756,PUSH,-4,bchdfgleknpajomi,-4,4,-1
8,9,0,5757,POP,-4,achdbglefjoinpkm
8,9,1,5757,DEL_EXPLORED,1
8,9,2,5757,DEL_CUTOFF,-1
8,9,0,5758,POP,-4,bchdaglefjoinpkm
8,9,1,5758,PUSH,4,bchdjfpealginkom,-4,4,1
8,9,2,5758,DEL_EXPLORED,4
8,9,0,5759,POP,-1,bchdfgleajoinpkm
8,9,1,5759,PUSH,1,bchdjfpelaginkom,-4,4,-1,1
8,9,2,5759,DEL_CUTOFF,-4
8,9,0,5760,DEL_EXPLORED,4
8,9,1,5760,DEL_CUTOFF,1
8,9,2,5760,POP,-4,bchdfgleknpajomi
8,9,0,5761,PUSH,-4,bchdfalejgoinpkm,-4,4,-1,1
8,9,1,5761,DEL_EXPLORED,-1
8,9,2,5761,POP,1,bchdfgleknpijoma
8,9,0,5762,PUSH,1,bchdflaejgoinpkm,-4,4,-1,1
8,9,1,5762,DEL_CUTOFF,4
8,9,2,5762,DEL_EXPLORED,-1
8,9,0,5763,PUSH,1,bchdfleajgoinpkm,-4,4,-1
8,9,1,5763,DEL_CUTOFF,-4
8,9,2,5763,PUSH,-4,bchdfgleknaijopm,-4,4,-1,1
8,9,0,5764,DEL_EXPLORED,-1
8,9,1,5764,POP,1,bchdjfpelaginkom
8,9,2,5764,PUSH,1,bchdfglekniajopm,-4,4,-1
8,9,0,5765,PUSH,4,bchdfleijgoanpkm,-4,4,-1
8,9,1,5765,PUSH,4,bchdjfpenlgiakom,-4,1
8,9,2,5765,DEL_EXPLORED,-1
8,9,0,5766,PUSH,-1,bchdfleijgaonpkm,-4,4,-1,1
8,9,1,5766,DEL_CUTOFF,1
8,9,2,5766,DEL_CUTOFF,4
8,9,0,5767,DEL_EXPLORED,1
8,9,1,5767,DEL_EXPLORED,-4
8,9,2,5767,DEL_CUTOFF,-4
8,9,0,5768,PUSH,-1,bchdfleijagonpkm,-4,4,-1,1
8,9,1,5768,POP,4,bchdjfpenlgiakom
8,9,2,5768,POP,1,bchdfglekniajopm
8,9,0,5769,DEL_EXPLORED,1
8,9,1,5769,DEL_EXPLORED,-4
8,9,2,5769,PUSH,-1,bchdfglekanijopm,-4,4,-1,1
8,9,0,5770,DEL_CUTOFF,-1
8,9,1,5770,POP,4,bchdjfpealginkom
8,9,2,5770,DEL_EXPLORED,1
8,9,0,5771,DEL_CUTOFF,4
8,9,1,5771,PUSH,-4,achdbfpejlginkom,4,1
8,9,2,5771,DEL_CUTOFF,-1
8,9,0,5772,DEL_CUTOFF,-4
8,9,1,5772,PUSH,1,cahdbfpejlginkom,4,-1,1
8,9,2,5772,DEL_CUTOFF,4
8,9,0,5773,POP,-1,bchdfleijagonpkm
8,9,1,5773,DEL_CUTOFF,1
8,9,2,5773,DEL_CUTOFF,-4
8,9,0,5774,PUSH,4,bchdfleijgkonpam,-4,-1,1
8,9,1,5774,DEL_EXPLORED,-1
8,9,2,5774,POP,-1,bchdfglekanijopm
8,9,0,5775,DEL_CUTOFF,1
8,9,1,5775,DEL_CUTOFF,4
8,9,2,5775,DEL_EXPLORED,4
8,9,0,5776,DEL_CUTOFF,-1
8,9,1,5776,POP,1,cahdbfpejlginkom
8,9,2,5776,PUSH,-4,bchdfgaeknlijopm,-4,4,-1,1
8,9,0,5777,DEL_EXPLORED,-4
8,9,1,5777,DEL_EXPLORED,4
8,9,2,5777,DEL_CUTOFF,1
8,9,0,5778,POP,4,bchdfleijgkonpam
8,9,1,5778,POP,-4,achdbfpejlginkom
8,9,2,5778,DEL_CUTOFF,-1
8,9,0,5779,PUSH,-4,bchdflaijgeonpkm,-4,4,-1,1
8,9,1,5779,POP,-1,bchdafpejlginkom
8,9,2,5779,DEL_EXPLORED,4
8,9,0,5780,DEL_CUTOFF,1
8,9,1,5780,PUSH,4,bchdflpejaginkom,-4,4,-1,1
8,9,2,5780,DEL_CUTOFF,-4
8,9,0,5781,DEL_CUTOFF,-1
8,9,1,5781,PUSH,1,bchdflpejgainkom,-4,4,-1,1
8,9,2,5781,POP,-4,bchdfgaeknlijopm
8,9,0,5782,DEL_EXPLORED,4
8,9,1,5782,PUSH,1,bchdflpejgiankom,-4,4,-1
8,9,2,5782,POP,-4,bchdfgleknaijopm
8,9,0,5783,DEL_CUTOFF,-4
8,9,1,5783,DEL_EXPLORED,-1
8,9,2,5783,POP,1,bchdfgleknpijoam
8,9,0,5784,POP,-4,bchdflaijgeonpkm
8,9,1,5784,DEL_CUTOFF,4
8,9,2,5784,PUSH,-1,bchdfgleknpiajom,-4,1
8,9,0,5785,POP,-1,bchdfleijgaonpkm
8,9,1,5785,DEL_CUTOFF,-4
8,9,2,5785,DEL_EXPLORED,1
8,9,0,5786,PUSH,4,bchdfleijgomnpka,-4,-1
8,9,1,5786,POP,1,bchdflpejgiankom
8,9,2,5786,PUSH,-4,bchdfgleanpikjom,-4,4,1
8,9,0,5787,PUSH,-1,bchdfleijgomnpak,-4,-1,1
8,9,1,5787,DEL_EXPLORED,-1
8,9,2,5787,PUSH,1,bchdfglenapikjom,-4,4,-1,1
8,9,0,5788,DEL_EXPLORED,1
8,9,1,5788,PUSH,4,bchdflpejgoinkam,-4,-1,1
8,9,2,5788,DEL_CUTOFF,1
8,9,0,5789,DEL_CUTOFF,-1
8,9,1,5789,DEL_CUTOFF,1
8,9,2,5789,DEL_EXPLORED,-1
8,9,0,5790,DEL_CUTOFF,-4
8,9,1,5790,DEL_CUTOFF,-1
8,9,2,5790,DEL_CUTOFF,4
8,9,0,5791,POP,-1,bchdfleijgomnpak
8,9,1,5791,DEL_EXPLORED,-4
8,9,2,5791,DEL_CUTOFF,-4
8,9,0,5792,DEL_EXPLORED,-4
8,9,1,5792,POP,4,bchdflpejgoinkam
8,9,2,5792,POP,1,bchdfglenapikjom
8,9,0,5793,POP,4,bchdfleijgomnpka
8,9,1,5793,PUSH,-4,bchdflaejgpinkom,-4,4,-1,1
8,9,2,5793,DEL_EXPLORED,4
8,9,0,5794,DEL_EXPLORED,-4
8,9,1,5794,DEL_CUTOFF,1
8,9,2,5794,PUSH,-4,bchdaglefnpikjom,-4,4,1
8,9,0,5795,POP,4,bchdfleijgoanpkm
8,9,1,5795,DEL_CUTOFF,-1
8,9,2,5795,DEL_CUTOFF,1
8,9,0,5796,PUSH,-4,bchafledjgoinpkm,4,-1
8,9,1,5796,DEL_EXPLORED,4
8,9,2,5796,DEL_EXPLORED,4
8,9,0,5797,PUSH,-1,bcahfledjgoinpkm,4,-1,1
8,9,1,5797,DEL_CUTOFF,-4
8,9,2,5797,DEL_CUTOFF,-4
8,9,0,5798,DEL_EXPLORED,1
8,9,1,5798,POP,-4,bchdflaejgpinkom
8,9,2,5798,POP,-4,bchdaglefnpikjom
8,9,0,5799,PUSH,-1,bachfledjgoinpkm,4,-1,1
8,9,1,5799,POP,1,bchdflpejgainkom
8,9,2,5799,POP,-4,bchdfgleanpikjom
8,9,0,5800,DEL_EXPLORED,1
8,9,1,5800,PUSH,-1,bchdflpeajginkom,-4,4,1
8,9,2,5800,POP,-1,bchdfgleknpiajom
8,9,0,5801,DEL_CUTOFF,-1
8,9,1,5801,DEL_EXPLORED,1
8,9,2,5801,DEL_EXPLORED,-4
8,9,0,5802,DEL_CUTOFF,4
8,9,1,5802,PUSH,4,bchdflpenjgiakom,-4,1
8,9,2,5802,POP,4,bchdfgleknpijaom
8,9,0,5803,POP,-1,bachfledjgoinpkm
8,9,1,5803,DEL_CUTOFF,1
8,9,2,5803,PUSH,-4,bchdfalekgpijnom,-4,4,-1,1
8,9,0,5804,PUSH,4,bcehfladjgoinpkm,-4,4,-1,1
8,9,1,5804,DEL_EXPLORED,-4
8,9,2,5804,PUSH,1,bchdflaekgpijnom,-4,4,-1,1
8,9,0,5805,DEL_CUTOFF,1
8,9,1,5805,POP,4,bchdflpenjgiakom
8,9,2,5805,PUSH,1,bchdfleakgpijnom,-4,4,-1
8,9,0,5806,DEL_CUTOFF,-1
8,9,1,5806,PUSH,-4,bchdalpefjginkom,-4,4,1
8,9,2,5806,DEL_EXPLORED,-1
8,9,0,5807,DEL_CUTOFF,4
8,9,1,5807,DEL_CUTOFF,1
8,9,2,5807,PUSH,4,bchdfleikgpajnom,-4,4,-1
8,9,0,5808,DEL_EXPLORED,-4
8,9,1,5808,DEL_EXPLORED,4
8,9,2,5808,DEL_CUTOFF,-1
8,9,0,5809,POP,4,bcehfladjgoinpkm
8,9,1,5809,DEL_CUTOFF,-4
8,9,2,5809,DEL_CUTOFF,4
8,9,0,5810,POP,-1,bcahfledjgoinpkm
8,9,1,5810,POP,-4,bchdalpefjginkom
8,9,2,5810,DEL_EXPLORED,-4
8,9,0,5811,DEL_EXPLORED,4
8,9,1,5811,POP,-1,bchdflpeajginkom
8,9,2,5811,POP,4,bchdfleikgpajnom
8,9,0,5812,POP,-4,bchafledjgoinpkm
8,9,1,5812,PUSH,4,bchdflpejkginaom,-4,-1,1
8,9,2,5812,PUSH,-4,bchafledkgpijnom,4,-1
8,9,0,5813,POP,1,bchdfleajgoinpkm
8,9,1,5813,PUSH,1,bchdflpejkginoam,-4,-1,1
8,9,2,5813,DEL_CUTOFF,-1
8,9,0,5814,DEL_EXPLORED,-1
8,9,1,5814,DEL_CUTOFF,1
8,9,2,5814,DEL_EXPLORED,4
8,9,0,5815,PUSH,4,bchdfloejgainpkm,-4,4,-1,1
8,9,1,5815,DEL_EXPLORED,-1
8,9,2,5815,POP,-4,bchafledkgpijnom
8,9,0,5816,PUSH,1,bchdfloejgianpkm,-4,4,-1
8,9,1,5816,DEL_CUTOFF,-4
8,9,2,5816,POP,1,bchdfleakgpijnom
8,9,0,5817,DEL_EXPLORED,-1
8,9,1,5817,POP,1,bchdflpejkginoam
8,9,2,5817,DEL_EXPLORED,-1
8,9,0,5818,PUSH,4,bchdfloejgimnpka,-4,-1
8,9,1,5818,PUSH,-1,bchdflpejkgianom,-4,1
8,9,2,5818,PUSH,4,bchdflpekgaijnom,-4,4,-1,1
8,9,0,5819,PUSH,-1,bchdfloejgimnpak,-4,-1,1
8,9,1,5819,DEL_EXPLORED,1
8,9,2,5819,PUSH,1,bchdflpekgiajnom,-4,4,-1
8,9,0,5820,DEL_EXPLORED,1
8,9,1,5820,DEL_CUTOFF,-4
8,9,2,5820,DEL_EXPLORED,-1
8,9,0,5821,DEL_CUTOFF,-1
8,9,1,5821,POP,-1,bchdflpejkgianom
8,9,2,5821,DEL_CUTOFF,4
8,9,0,5822,DEL_CUTOFF,-4
8,9,1,5822,DEL_EXPLORED,-4
8,9,2,5822,DEL_CUTOFF,-4
8,9,0,5823,POP,-1,bchdfloejgimnpak
8,9,1,5823,POP,4,bchdflpejkginaom
8,9,2,5823,POP,1,bchdflpekgiajnom
8,9,0,5824,DEL_EXPLORED,-4
8,9,1,5824,DEL_EXPLORED,-4
8,9,2,5824,PUSH,-1,bchdflpekagijnom,-4,4,-1,1
8,9,0,5825,POP,4,bchdfloejgimnpka
8,9,1,5825,POP,4,bchdflpejaginkom
8,9,2,5825,DEL_EXPLORED,1
8,9,0,5826,PUSH,-4,bchdfloajgienpkm,-4,4,-1
8,9,1,5826,PUSH,-4,bahdfcpejlginkom,4,-1,1
8,9,2,5826,DEL_CUTOFF,-1
8,9,0,5827,PUSH,-1,bchdflaojgienpkm,-4,4,-1,1
8,9,1,5827,PUSH,1,bhadfcpejlginkom,4,-1,1
8,9,2,5827,DEL_CUTOFF,4
8,9,0,5828,DEL_EXPLORED,1
8,9,1,5828,PUSH,1,bhdafcpejlginkom,4,-1
8,9,2,5828,DEL_CUTOFF,-4
8,9,0,5829,DEL_CUTOFF,-1
8,9,1,5829,DEL_EXPLORED,-1
8,9,2,5829,POP,-1,bchdflpekagijnom
8,9,0,5830,DEL_CUTOFF,4
8,9,1,5830,DEL_CUTOFF,4
8,9,2,5830,PUSH,4,bchdflpekgoijnam,-4,-1,1
8,9,0,5831,DEL_CUTOFF,-4
8,9,1,5831,POP,1,bhdafcpejlginkom
8,9,2,5831,DEL_CUTOFF,1
8,9,0,5832,POP,-1,bchdflaojgienpkm
8,9,1,5832,DEL_EXPLORED,-1
8,9,2,5832,DEL_CUTOFF,-1
8,9,0,5833,DEL_EXPLORED,4
8,9,1,5833,PUSH,4,bhpdfcaejlginkom,-4,4,-1,1
8,9,2,5833,DEL_EXPLORED,-4
8,9,0,5834,PUSH,-4,bchaflodjgienpkm,4,-1
8,9,1,5834,DEL_CUTOFF,1
8,9,2,5834,POP,4,bchdflpekgoijnam
8,9,0,5835,DEL_CUTOFF,-1
8,9,1,5835,DEL_CUTOFF,-1
8,9,2,5835,DEL_EXPLORED,-4
8,9,0,5836,DEL_EXPLORED,4
8,9,1,5836,DEL_CUTOFF,4
8,9,2,5836,POP,4,bchdflpekgaijnom
8,9,0,5837,POP,-4,bchaflodjgienpkm
8,9,1,5837,DEL_EXPLORED,-4
8,9,2,5837,PUSH,-4,bcadflhekgpijnom,4,-1,1
8,9,0,5838,POP,-4,bchdfloajgienpkm
8,9,1,5838,POP,4,bhpdfcaejlginkom
8,9,2,5838,PUSH,1,bcdaflhekgpijnom,4,-1
8,9,0,5839,POP,1,bchdfloejgianpkm
8,9,1,5839,POP,1,bhadfcpejlginkom
8,9,2,5839,DEL_EXPLORED,-1
8,9,0,5840,PUSH,-1,bchdfloejaginpkm,-4,4,-1,1
8,9,1,5840,PUSH,-1,abhdfcpejlginkom,4,1
8,9,2,5840,DEL_CUTOFF,4
8,9,0,5841,DEL_EXPLORED,1
8,9,1,5841,DEL_EXPLORED,1
8,9,2,5841,POP,1,bcdaflhekgpijnom
8,9,0,5842,PUSH,-1,bchdfloeajginpkm,-4,4,1
8,9,1,5842,PUSH,4,fbhdacpejlginkom,-4,4,1
8,9,2,5842,PUSH,-1,bacdflhekgpijnom,4,-1,1
8,9,0,5843,DEL_EXPLORED,1
8,9,1,5843,DEL_CUTOFF,1
8,9,2,5843,DEL_EXPLORED,1
8,9,0,5844,PUSH,4,bchdfloenjgiapkm,-4,1
8,9,1,5844,DEL_CUTOFF,4
8,9,2,5844,DEL_CUTOFF,-1
8,9,0,5845,DEL_CUTOFF,1
8,9,1,5845,DEL_EXPLORED,-4
8,9,2,5845,DEL_CUTOFF,4
8,9,0,5846,DEL_EXPLORED,-4
8,9,1,5846,POP,4,fbhdacpejlginkom
8,9,2,5846,POP,-1,bacdflhekgpijnom
8,9,0,5847,POP,4,bchdfloenjgiapkm
8,9,1,5847,POP,-1,abhdfcpejlginkom
8,9,2,5847,DEL_EXPLORED,4
8,9,0,5848,PUSH,-4,bchdaloefjginpkm,-4,4,1
8,9,1,5848,DEL_EXPLORED,4
8,9,2,5848,POP,-4,bcadflhekgpijnom
8,9,0,5849,DEL_CUTOFF,1
8,9,1,5849,POP,-4,bahdfcpejlginkom
8,9,2,5849,POP,1,bchdflaekgpijnom
8,9,0,5850,DEL_EXPLORED,4
8,9,1,5850,POP,-1,bchdfapejlginkom
8,9,2,5850,PUSH,-1,bchdaflekgpijnom,-4,4,1
8,9,0,5851,DEL_CUTOFF,-4
8,9,1,5851,DEL_EXPLORED,4
8,9,2,5851,DEL_EXPLORED,1
8,9,0,5852,POP,-4,bchdaloefjginpkm
8,9,1,5852,PUSH,-4,bcadfphejlginkom,4,-1,1
8,9,2,5852,PUSH,4,bchdkfleagpijnom,-4,4,1
8,9,0,5853,POP,-1,bchdfloeajginpkm
8,9,1,5853,PUSH,1,bcdafphejlginkom,4,-1
8,9,2,5853,PUSH,1,bchdkflegapijnom,-4,4,-1,1
8,9,0,5854,PUSH,4,bchdfloejpginakm,-4,-1,1
8,9,1,5854,DEL_EXPLORED,-1
8,9,2,5854,DEL_CUTOFF,1
8,9,0,5855,PUSH,1,bchdfloejpginkam,-4,-1,1
8,9,1,5855,PUSH,4,bcdefphajlginkom,-4,4,-1
8,9,2,5855,DEL_EXPLORED,-1
8,9,0,5856,DEL_CUTOFF,1
8,9,1,5856,PUSH,-1,bcdefpahjlginkom,-4,4,-1,1
8,9,2,5856,DEL_CUTOFF,4
8,9,0,5857,DEL_EXPLORED,-1
8,9,1,5857,DEL_EXPLORED,1
8,9,2,5857,DEL_CUTOFF,-4
8,9,0,5858,DEL_CUTOFF,-4
8,9,1,5858,DEL_CUTOFF,-1
8,9,2,5858,POP,1,bchdkflegapijnom
8,9,0,5859,POP,1,bchdfloejpginkam
8,9,1,5859,DEL_CUTOFF,4
8,9,2,5859,PUSH,4,bchdkflejgpianom,-4,1
8,9,0,5860,PUSH,-1,bchdfloejpgiankm,-4,1
8,9,1,5860,DEL_CUTOFF,-4
8,9,2,5860,DEL_CUTOFF,1
8,9,0,5861,DEL_EXPLORED,1
8,9,1,5861,POP,-1,bcdefpahjlginkom
8,9,2,5861,DEL_EXPLORED,-4
8,9,0,5862,DEL_CUTOFF,-4
8,9,1,5862,PUSH,4,bcdefphijlgankom,-4,4,-1
8,9,2,5862,POP,4,bchdkflejgpianom
8,9,0,5863,POP,-1,bchdfloejpgiankm
8,9,1,5863,DEL_CUTOFF,-1
8,9,2,5863,DEL_EXPLORED,-4
8,9,0,5864,DEL_EXPLORED,-4
8,9,1,5864,DEL_CUTOFF,4
8,9,2,5864,POP,4,bchdkfleagpijnom
8,9,0,5865,POP,4,bchdfloejpginakm
8,9,1,5865,DEL_EXPLORED,-4
8,9,2,5865,PUSH,-4,achdbflekgpijnom,4,1
8,9,0,5866,PUSH,-4,bchdfaoejlginpkm,-4,4,-1,1
8,9,1,5866,POP,4,bcdefphijlgankom
8,9,2,5866,PUSH,1,cahdbflekgpijnom,4,-1,1
8,9,0,5867,PUSH,1,bchdfoaejlginpkm,-4,4,-1,1
8,9,1,5867,DEL_EXPLORED,-4
8,9,2,5867,DEL_CUTOFF,1
8,9,0,5868,DEL_CUTOFF,1
8,9,1,5868,POP,4,bcdefphajlginkom
8,9,2,5868,DEL_EXPLORED,-1
8,9,0,5869,DEL_EXPLORED,-1
8,9,1,5869,POP,1,bcdafphejlginkom
8,9,2,5869,DEL_CUTOFF,4
8,9,0,5870,DEL_CUTOFF,4
8,9,1,5870,PUSH,-1,bacdfphejlginkom,4,-1,1
8,9,2,5870,POP,1,cahdbflekgpijnom
8,9,0,5871,DEL_CUTOFF,-4
8,9,1,5871,DEL_EXPLORED,1
8,9,2,5871,DEL_EXPLORED,4
8,9,0,5872,POP,1,bchdfoaejlginpkm
8,9,1,5872,PUSH,-1,abcdfphejlginkom,4,1
8,9,2,5872,POP,-4,achdbflekgpijnom
8,9,0,5873,PUSH,-1,bchdafoejlginpkm,-4,4,1
8,9,1,5873,DEL_EXPLORED,1
8,9,2,5873,POP,-1,bchdaflekgpijnom
8,9,0,5874,DEL_EXPLORED,1
8,9,1,5874,PUSH,4,fbcdaphejlginkom,-4,4,1
8,9,2,5874,DEL_EXPLORED,4
8,9,0,5875,DEL_CUTOFF,4
8,9,1,5875,DEL_CUTOFF,1
8,9,2,5875,PUSH,-4,bahdfclekgpijnom,4,-1,1
8,9,0,5876,DEL_CUTOFF,-4
8,9,1,5876,DEL_CUTOFF,4
8,9,2,5876,PUSH,1,bhadfclekgpijnom,4,-1,1
8,9,0,5877,POP,-1,bchdafoejlginpkm
8,9,1,5877,DEL_EXPLORED,-4
8,9,2,5877,PUSH,1,bhdafclekgpijnom,4,-1
8,9,0,5878,DEL_EXPLORED,4
8,9,1,5878,POP,4,fbcdaphejlginkom
8,9,2,5878,DEL_EXPLORED,-1
8,9,0,5879,PUSH,-4,bahdfcoejlginpkm,4,-1,1
8,9,1,5879,POP,-1,abcdfphejlginkom
8,9,2,5879,DEL_CUTOFF,4
8,9,0,5880,DEL_CUTOFF,1
8,9,1,5880,PUSH,4,bpcdfahejlginkom,-4,4,-1,1
8,9,2,5880,POP,1,bhdafclekgpijnom
8,9,0,5881,DEL_CUTOFF,-1
8,9,1,5881,PUSH,1,bpcdfhaejlginkom,-4,4,-1,1
8,9,2,5881,DEL_EXPLORED,-1
8,9,0,5882,DEL_EXPLORED,4
8,9,1,5882,DEL_CUTOFF,1
8,9,2,5882,PUSH,4,bhldfcaekgpijnom,-4,4,-1,1
8,9,0,5883,POP,-4,bahdfcoejlginpkm
8,9,1,5883,DEL_EXPLORED,-1
8,9,2,5883,DEL_CUTOFF,1
8,9,0,5884,POP,-4,bchdfaoejlginpkm
8,9,1,5884,DEL_CUTOFF,4
8,9,2,5884,DEL_CUTOFF,-1
8,9,0,5885,POP,-1,bchdfloejaginpkm
8,9,1,5885,DEL_CUTOFF,-4
8,9,2,5885,DEL_CUTOFF,4
8,9,0,5886,PUSH,4,bchdfloejgkinpam,-4,-1,1
8,9,1,5886,POP,1,bpcdfhaejlginkom
8,9,2,5886,DEL_EXPLORED,-4
8,9,0,5887,PUSH,1,bchdfloejgkinpma,-4,-1
8,9,1,5887,PUSH,-1,bpcdafhejlginkom,-4,4,1
8,9,2,5887,POP,4,bhldfcaekgpijnom
8,9,0,5888,DEL_EXPLORED,-1
8,9,1,5888,DEL_EXPLORED,1
8,9,2,5888,POP,1,bhadfclekgpijnom
8,9,0,5889,PUSH,-4,bchdfloejgkanpmi,-4,4,-1
8,9,1,5889,DEL_CUTOFF,4
8,9,2,5889,PUSH,-1,abhdfclekgpijnom,4,1
8,9,0,5890,DEL_CUTOFF,-1
8,9,1,5890,DEL_CUTOFF,-4
8,9,2,5890,DEL_EXPLORED,1
8,9,0,5891,DEL_EXPLORED,4
8,9,1,5891,POP,-1,bpcdafhejlginkom
8,9,2,5891,PUSH,4,fbhdaclekgpijnom,-4,4,1
8,9,0,5892,DEL_CUTOFF,-4
8,9,1,5892,PUSH,4,bpcdflhejaginkom,-4,4,-1,1
8,9,2,5892,DEL_CUTOFF,1
8,9,0,5893,POP,-4,bchdfloejgkanpmi
8,9,1,5893,DEL_CUTOFF,1
8,9,2,5893,DEL_CUTOFF,4
8,9,0,5894,POP,1,bchdfloejgkinpma
8,9,1,5894,DEL_CUTOFF,-1
8,9,2,5894,DEL_EXPLORED,-4
8,9,0,5895,PUSH,-1,bchdfloejgkinapm,-4,-1,1
8,9,1,5895,DEL_CUTOFF,4
8,9,2,5895,POP,4,fbhdaclekgpijnom
8,9,0,5896,DEL_EXPLORED,1
8,9,1,5896,DEL_EXPLORED,-4
8,9,2,5896,POP,-1,abhdfclekgpijnom
8,9,0,5897,PUSH,-1,bchdfloejgkianpm,-4,1
8,9,1,5897,POP,4,bpcdflhejaginkom
8,9,2,5897,DEL_EXPLORED,4
8,9,0,5898,DEL_EXPLORED,1
8,9,1,5898,DEL_EXPLORED,-4
8,9,2,5898,POP,-4,bahdfclekgpijnom
8,9,0,5899,DEL_CUTOFF,-4
8,9,1,5899,POP,4,bpcdfahejlginkom
8,9,2,5899,POP,-4,bchdfalekgpijnom
8,9,0,5900,POP,-1,bchdfloejgkianpm
8,9,1,5900,POP,-1,bacdfphejlginkom
8,9,2,5900,POP,1,bchdfglekapijnom
8,9,0,5901,PUSH,-4,bchdfloejakingpm,-4,4,-1,1
8,9,1,5901,DEL_EXPLORED,4
8,9,2,5901,DEL_EXPLORED,4
8,9,0,5902,DEL_CUTOFF,1
8,9,1,5902,POP,-4,bcadfphejlginkom
8,9,2,5902,PUSH,-4,bchdaglefkpijnom,-4,4,1
8,9,0,5903,DEL_CUTOFF,-1
8,9,1,5903,POP,-4,bchdfpaejlginkom
8,9,2,5903,PUSH,1,bchdgalefkpijnom,-4,4,-1,1
8,9,0,5904,DEL_EXPLORED,4
8,9,1,5904,POP,1,bchdfpgejlainkom
8,9,2,5904,PUSH,1,bchdglaefkpijnom,-4,4,-1,1
8,9,0,5905,DEL_CUTOFF,-4
8,9,1,5905,PUSH,-1,bchdfpgeajlinkom,-4,4,1
8,9,2,5905,PUSH,1,bchdgleafkpijnom,-4,4,-1
8,9,0,5906,POP,-4,bchdfloejakingpm
8,9,1,5906,DEL_EXPLORED,1
8,9,2,5906,DEL_EXPLORED,-1
8,9,0,5907,POP,-1,bchdfloejgkinapm
8,9,1,5907,PUSH,4,bchdfpgenjliakom,-4,1
8,9,2,5907,PUSH,4,bchdgleifkpajnom,-4,4,-1
8,9,0,5908,DEL_EXPLORED,-4
8,9,1,5908,PUSH,1,bchdfpgenjlikaom,-4,-1,1
8,9,2,5908,DEL_CUTOFF,-1
8,9,0,5909,POP,4,bchdfloejgkinpam
8,9,1,5909,PUSH,1,bchdfpgenjlikoam,-4,-1,1
8,9,2,5909,DEL_CUTOFF,4
8,9,0,5910,DEL_EXPLORED,-4
8,9,1,5910,PUSH,1,bchdfpgenjlikoma,-4,-1
8,9,2,5910,DEL_EXPLORED,-4
8,9,0,5911,POP,4,bchdfloejgainpkm
8,9,1,5911,DEL_EXPLORED,-1
8,9,2,5911,POP,4,bchdgleifkpajnom
8,9,0,5912,PUSH,-4,bcadflhejgoinpkm,4,-1,1
8,9,1,5912,PUSH,-4,bchdfpgenjlakomi,-4,4,-1
8,9,2,5912,PUSH,-4,bchagledfkpijnom,4,-1
8,9,0,5913,PUSH,1,bcdaflhejgoinpkm,4,-1
8,9,1,5913,DEL_CUTOFF,-1
8,9,2,5913,DEL_CUTOFF,-1
8,9,0,5914,DEL_EXPLORED,-1
8,9,1,5914,DEL_EXPLORED,4
8,9,2,5914,DEL_EXPLORED,4
8,9,0,5915,PUSH,4,bcdeflhajgoinpkm,-4,4,-1
8,9,1,5915,DEL_CUTOFF,-4
8,9,2,5915,POP,-4,bchagledfkpijnom
8,9,0,5916,PUSH,-1,bcdeflahjgoinpkm,-4,4,-1,1
8,9,1,5916,POP,-4,bchdfpgenjlakomi
8,9,2,5916,POP,1,bchdgleafkpijnom
8,9,0,5917,DEL_EXPLORED,1
8,9,1,5917,POP,1,bchdfpgenjlikoma
8,9,2,5917,DEL_EXPLORED,-1
8,9,0,5918,DEL_CUTOFF,-1
8,9,1,5918,DEL_EXPLORED,-1
8,9,2,5918,PUSH,4,bchdglpefkaijnom,-4,4,-1,1
8,9,0,5919,DEL_CUTOFF,4
8,9,1,5919,PUSH,-4,bchdfpgenjaikolm,-4,4,-1,1
8,9,2,5919,PUSH,1,bchdglpefkiajnom,-4,4,-1
8,9,0,5920,DEL_CUTOFF,-4
8,9,1,5920,PUSH,1,bchdfpgenjiakolm,-4,4,-1
8,9,2,5920,DEL_EXPLORED,-1
8,9,0,5921,POP,-1,bcdeflahjgoinpkm
8,9,1,5921,DEL_EXPLORED,-1
8,9,2,5921,DEL_CUTOFF,4
8,9,0,5922,PUSH,4,bcdeflhijgoanpkm,-4,4,-1
8,9,1,5922,DEL_CUTOFF,4
8,9,2,5922,DEL_CUTOFF,-4
8,9,0,5923,DEL_CUTOFF,-1
8,9,1,5923,DEL_CUTOFF,-4
8,9,2,5923,POP,1,bchdglpefkiajnom
8,9,0,5924,DEL_CUTOFF,4
8,9,1,5924,POP,1,bchdfpgenjiakolm
8,9,2,5924,PUSH,-1,bchdglpefakijnom,-4,4,-1,1
8,9,0,5925,DEL_EXPLORED,-4
8,9,1,5925,PUSH,-1,bchdfpgenajikolm,-4,4,-1,1
8,9,2,5925,DEL_EXPLORED,1
8,9,0,5926,POP,4,bcdeflhijgoanpkm
8,9,1,5926,DEL_EXPLORED,1
8,9,2,5926,DEL_CUTOFF,-1
8,9,0,5927,DEL_EXPLORED,-4
8,9,1,5927,DEL_CUTOFF,-1
8,9,2,5927,DEL_CUTOFF,4
8,9,0,5928,POP,4,bcdeflhajgoinpkm
8,9,1,5928,DEL_CUTOFF,4
8,9,2,5928,DEL_CUTOFF,-4
8,9,0,5929,POP,1,bcdaflhejgoinpkm
8,9,1,5929,DEL_CUTOFF,-4
8,9,2,5929,POP,-1,bchdglpefakijnom
8,9,0,5930,PUSH,-1,bacdflhejgoinpkm,4,-1,1
8,9,1,5930,POP,-1,bchdfpgenajikolm
8,9,2,5930,PUSH,4,bchdglpefkoijnam,-4,-1,1
8,9,0,5931,DEL_EXPLORED,1
8,9,1,5931,DEL_EXPLORED,4
8,9,2,5931,DEL_CUTOFF,1
8,9,0,5932,PUSH,-1,abcdflhejgoinpkm,4,1
8,9,1,5932,PUSH,-4,bchdfpaenjgikolm,-4,4,-1,1
8,9,2,5932,DEL_CUTOFF,-1
8,9,0,5933,DEL_EXPLORED,1
8,9,1,5933,DEL_CUTOFF,1
8,9,2,5933,DEL_EXPLORED,-4
8,9,0,5934,PUSH,4,fbcdalhejgoinpkm,-4,4,1
8,9,1,5934,DEL_CUTOFF,-1
8,9,2,5934,POP,4,bchdglpefkoijnam
8,9,0,5935,DEL_CUTOFF,1
8,9,1,5935,DEL_EXPLORED,4
8,9,2,5935,DEL_EXPLORED,-4
8,9,0,5936,DEL_CUTOFF,4
8,9,1,5936,DEL_CUTOFF,-4
8,9,2,5936,POP,4,bchdglpefkaijnom
8,9,0,5937,DEL_EXPLORED,-4
8,9,1,5937,POP,-4,bchdfpaenjgikolm
8,9,2,5937,PUSH,-4,bcadglhefkpijnom,4,-1,1
8,9,0,5938,POP,4,fbcdalhejgoinpkm
8,9,1,5938,POP,-4,bchdfpgenjaikolm
8,9,2,5938,PUSH,1,bcdaglhefkpijnom,4,-1
8,9,0,5939,POP,-1,abcdflhejgoinpkm
8,9,1,5939,POP,1,bchdfpgenjlikoam
8,9,2,5939,DEL_EXPLORED,-1
8,9,0,5940,PUSH,4,blcdfahejgoinpkm,-4,4,-1,1
8,9,1,5940,DEL_EXPLORED,-1
8,9,2,5940,DEL_CUTOFF,4
8,9,0,5941,PUSH,1,blcdfhaejgoinpkm,-4,4,-1,1
8,9,1,5941,PUSH,-4,bchdfpgenalikjom,-4,4,-1,1
8,9,2,5941,POP,1,bcdaglhefkpijnom
8,9,0,5942,DEL_CUTOFF,1
8,9,1,5942,PUSH,1,bchdfpgenlaikjom,-4,4,-1,1
8,9,2,5942,PUSH,-1,bacdglhefkpijnom,4,-1,1
8,9,0,5943,DEL_EXPLORED,-1
8,9,1,5943,PUSH,1,bchdfpgenliakjom,-4,4,-1
8,9,2,5943,DEL_EXPLORED,1
8,9,0,5944,DEL_CUTOFF,4
8,9,1,5944,DEL_EXPLORED,-1
8,9,2,5944,DEL_CUTOFF,-1
8,9,0,5945,DEL_CUTOFF,-4
8,9,1,5945,DEL_CUTOFF,4
8,9,2,5945,DEL_CUTOFF,4
8,9,0,5946,POP,1,blcdfhaejgoinpkm
8,9,1,5946,DEL_CUTOFF,-4
8,9,2,5946,POP,-1,bacdglhefkpijnom
8,9,0,5947,PUSH,-1,blcdafhejgoinpkm,-4,4,1
8,9,1,5947,POP,1,bchdfpgenliakjom
8,9,2,5947,DEL_EXPLORED,4
8,9,0,5948,DEL_EXPLORED,1
8,9,1,5948,DEL_EXPLORED,-1
8,9,2,5948,POP,-4,bcadglhefkpijnom
8,9,0,5949,DEL_CUTOFF,4
8,9,1,5949,PUSH,4,bchdfpgenloikjam,-4,-1,1
8,9,2,5949,POP,1,bchdglaefkpijnom
8,9,0,5950,DEL_CUTOFF,-4
8,9,1,5950,DEL_CUTOFF,1
8,9,2,5950,DEL_EXPLORED,-1
8,9,0,5951,POP,-1,blcdafhejgoinpkm
8,9,1,5951,DEL_CUTOFF,-1
8,9,2,5951,PUSH,4,bchdgklefapijnom,-4,4,-1,1
8,9,0,5952,PUSH,4,blcdfghejaoinpkm,-4,4,-1,1
8,9,1,5952,DEL_EXPLORED,-4
8,9,2,5952,PUSH,1,bchdgklefpaijnom,-4,4,-1,1
8,9,0,5953,DEL_CUTOFF,1
8,9,1,5953,POP,4,bchdfpgenloikjam
8,9,2,5953,PUSH,1,bchdgklefpiajnom,-4,4,-1
8,9,0,5954,DEL_CUTOFF,-1
8,9,1,5954,PUSH,-4,bchdfpaenlgikjom,-4,4,-1,1
8,9,2,5954,DEL_EXPLORED,-1
8,9,0,5955,DEL_CUTOFF,4
8,9,1,5955,DEL_CUTOFF,1
8,9,2,5955,DEL_CUTOFF,4
8,9,0,5956,DEL_EXPLORED,-4
8,9,1,5956,DEL_CUTOFF,-1
8,9,2,5956,DEL_CUTOFF,-4
8,9,0,5957,POP,4,blcdfghejaoinpkm
8,9,1,5957,DEL_EXPLORED,4
8,9,2,5957,POP,1,bchdgklefpiajnom
8,9,0,5958,DEL_EXPLORED,-4
8,9,1,5958,DEL_CUTOFF,-4
8,9,2,5958,DEL_EXPLORED,-1
8,9,0,5959,POP,4,blcdfahejgoinpkm
8,9,1,5959,POP,-4,bchdfpaenlgikjom
8,9,2,5959,PUSH,4,bchdgklefpoijnam,-4,-1,1
8,9,0,5960,POP,-1,bacdflhejgoinpkm
8,9,1,5960,POP,1,bchdfpgenlaikjom
8,9,2,5960,DEL_CUTOFF,1
8,9,0,5961,DEL_EXPLORED,4
8,9,1,5961,PUSH,-1,bchdfpgeanlikjom,-4,4,1
8,9,2,5961,DEL_CUTOFF,-1
8,9,0,5962,POP,-4,bcadflhejgoinpkm
8,9,1,5962,DEL_EXPLORED,1
8,9,2,5962,DEL_EXPLORED,-4
8,9,0,5963,POP,1,bchdflaejgoinpkm
8,9,1,5963,PUSH,4,bchdfpgeknliajom,-4,1
8,9,2,5963,POP,4,bchdgklefpoijnam
8,9,0,5964,PUSH,-1,bchdaflejgoinpkm,-4,4,1
8,9,1,5964,DEL_CUTOFF,1
8,9,2,5964,PUSH,-4,bchdgkaefplijnom,-4,4,-1,1
8,9,0,5965,DEL_EXPLORED,1
8,9,1,5965,DEL_EXPLORED,-4
8,9,2,5965,DEL_CUTOFF,1
8,9,0,5966,PUSH,4,bchdjfleagoinpkm,-4,4,1
8,9,1,5966,POP,4,bchdfpgeknliajom
8,9,2,5966,DEL_CUTOFF,-1
8,9,0,5967,PUSH,1,bchdjflegaoinpkm,-4,4,-1,1
8,9,1,5967,PUSH,-4,bchdapgefnlikjom,-4,4,1
8,9,2,5967,DEL_EXPLORED,4
8,9,0,5968,PUSH,1,bchdjflegoainpkm,-4,4,-1,1
8,9,1,5968,DEL_CUTOFF,1
8,9,2,5968,DEL_CUTOFF,-4
8,9,0,5969,PUSH,1,bchdjflegoianpkm,-4,4,-1
8,9,1,5969,DEL_EXPLORED,4
8,9,2,5969,POP,-4,bchdgkaefplijnom
8,9,0,5970,DEL_EXPLORED,-1
8,9,1,5970,DEL_CUTOFF,-4
8,9,2,5970,POP,1,bchdgklefpaijnom
8,9,0,5971,DEL_CUTOFF,4
8,9,1,5971,POP,-4,bchdapgefnlikjom
8,9,2,5971,PUSH,-1,bchdgkleafpijnom,-4,4,1
8,9,0,5972,DEL_CUTOFF,-4
8,9,1,5972,POP,-1,bchdfpgeanlikjom
8,9,2,5972,DEL_EXPLORED,1
8,9,0,5973,POP,1,bchdjflegoianpkm
8,9,1,5973,DEL_EXPLORED,4
8,9,2,5973,PUSH,4,bchdgklejfpianom,-4,1
8,9,0,5974,DEL_EXPLORED,-1
8,9,1,5974,PUSH,-4,bchdfagenplikjom,-4,4,-1,1
8,9,2,5974,DEL_CUTOFF,1
8,9,0,5975,PUSH,4,bchdjflegokinpam,-4,-1,1
8,9,1,5975,PUSH,1,bchdfgaenplikjom,-4,4,-1,1
8,9,2,5975,DEL_EXPLORED,-4
8,9,0,5976,DEL_CUTOFF,1
8,9,1,5976,DEL_CUTOFF,1
8,9,2,5976,POP,4,bchdgklejfpianom
8,9,0,5977,DEL_CUTOFF,-1
8,9,1,5977,DEL_EXPLORED,-1
8,9,2,5977,PUSH,-4,bchdaklegfpijnom,-4,4,1
8,9,0,5978,DEL_EXPLORED,-4
8,9,1,5978,DEL_CUTOFF,4
8,9,2,5978,DEL_CUTOFF,1
8,9,0,5979,POP,4,bchdjflegokinpam
8,9,1,5979,DEL_CUTOFF,-4
8,9,2,5979,DEL_EXPLORED,4
8,9,0,5980,PUSH,-4,bchdjfaegolinpkm,-4,4,-1,1
8,9,1,5980,POP,1,bchdfgaenplikjom
8,9,2,5980,DEL_CUTOFF,-4
8,9,0,5981,DEL_CUTOFF,1
8,9,1,5981,PUSH,-1,bchdafgenplikjom,-4,4,1
8,9,2,5981,POP,-4,bchdaklegfpijnom
8,9,0,5982,DEL_CUTOFF,-1
8,9,1,5982,DEL_EXPLORED,1
8,9,2,5982,POP,-1,bchdgkleafpijnom
8,9,0,5983,DEL_EXPLORED,4
8,9,1,5983,DEL_CUTOFF,4
8,9,2,5983,PUSH,4,bchdgklefnpijaom,-4,-1,1
8,9,0,5984,DEL_CUTOFF,-4
8,9,1,5984,DEL_CUTOFF,-4
8,9,2,5984,PUSH,1,bchdgklefnpijoam,-4,-1,1
8,9,0,5985,POP,-4,bchdjfaegolinpkm
8,9,1,5985,POP,-1,bchdafgenplikjom
8,9,2,5985,DEL_CUTOFF,1
8,9,0,5986,POP,1,bchdjflegoainpkm
8,9,1,5986,DEL_EXPLORED,4
8,9,2,5986,DEL_EXPLORED,-1
8,9,0,5987,DEL_EXPLORED,-1
8,9,1,5987,PUSH,-4,bahdfcgenplikjom,4,-1,1
8,9,2,5987,DEL_CUTOFF,-4
8,9,0,5988,PUSH,4,bchdjflegpoinakm,-4,-1,1
8,9,1,5988,DEL_CUTOFF,1
8,9,2,5988,POP,1,bchdgklefnpijoam
8,9,0,5989,PUSH,1,bchdjflegpoinkam,-4,-1,1
8,9,1,5989,DEL_CUTOFF,-1
8,9,2,5989,PUSH,-1,bchdgklefnpiajom,-4,1
8,9,0,5990,DEL_CUTOFF,1
8,9,1,5990,DEL_EXPLORED,4
8,9,2,5990,DEL_EXPLORED,1
8,9,0,5991,DEL_EXPLORED,-1
8,9,1,5991,POP,-4,bahdfcgenplikjom
8,9,2,5991,DEL_CUTOFF,-4
8,9,0,5992,DEL_CUTOFF,-4
8,9,1,5992,POP,-4,bchdfagenplikjom
8,9,2,5992,POP,-1,bchdgklefnpiajom
8,9,0,5993,POP,1,bchdjflegpoinkam
8,9,1,5993,POP,-4,bchdfpgenalikjom
8,9,2,5993,DEL_EXPLORED,-4
8,9,0,5994,PUSH,-1,bchdjflegpoiankm,-4,1
8,9,1,5994,POP,1,bchdfpgenjlikaom
8,9,2,5994,POP,4,bchdgklefnpijaom
8,9,0,5995,DEL_EXPLORED,1
8,9,1,5995,DEL_EXPLORED,-4
8,9,2,5995,DEL_EXPLORED,-4
8,9,0,5996,DEL_CUTOFF,-4
8,9,1,5996,POP,4,bchdfpgenjliakom
8,9,2,5996,POP,4,bchdgklefapijnom
8,9,0,5997,POP,-1,bchdjflegpoiankm
8,9,1,5997,PUSH,-4,bchdapgefjlinkom,-4,4,1
8,9,2,5997,PUSH,-4,bahdgclefkpijnom,4,-1,1
8,9,0,5998,DEL_EXPLORED,-4
8,9,1,5998,PUSH,1,bchdpagefjlinkom,-4,4,-1,1
8,9,2,5998,PUSH,1,bhadgclefkpijnom,4,-1,1
8,9,0,5999,POP,4,bchdjflegpoinakm
8,9,1,5999,PUSH,1,bchdpgaefjlinkom,-4,4,-1,1
8,9,2,5999,PUSH,1,bhdagclefkpijnom,4,-1
8,9,0,6000,PUSH,-4,bchdjalegfoinpkm,-4,4,-1,1
8,9,1,6000,PUSH,1,bchdpgeafjlinkom,-4,4,-1
8,9,2,6000,DEL_EXPLORED,-1
8,9,0,6001,PUSH,1,bchdjlaegfoinpkm,-4,4,-1,1
8,9,1,6001,DEL_EXPLORED,-1
8,9,2,6001,DEL_CUTOFF,4
8,9,0,6002,DEL_CUTOFF,1
8,9,1,6002,PUSH,4,bchdpgeifjlankom,-4,4,-1
8,9,2,6002,POP,1,bhdagclefkpijnom
8,9,0,6003,DEL_EXPLORED,-1
8,9,1,6003,DEL_CUTOFF,-1
8,9,2,6003,DEL_EXPLORED,-1
8,9,0,6004,DEL_CUTOFF,4
8,9,1,6004,DEL_CUTOFF,4
8,9,2,6004,PUSH,4,bhldgcaefkpijnom,-4,4,-1,1
8,9,0,6005,DEL_CUTOFF,-4
8,9,1,6005,DEL_EXPLORED,-4
8,9,2,6005,DEL_CUTOFF,1
8,9,0,6006,POP,1,bchdjlaegfoinpkm
8,9,1,6006,POP,4,bchdpgeifjlankom
8,9,2,6006,DEL_CUTOFF,-1
8,9,0,6007,PUSH,-1,bchdajlegfoinpkm,-4,4,1
8,9,1,6007,PUSH,-4,bchapgedfjlinkom,4,-1
8,9,2,6007,DEL_CUTOFF,4
8,9,0,6008,DEL_EXPLORED,1
8,9,1,6008,DEL_CUTOFF,-1
8,9,2,6008,DEL_EXPLORED,-4
8,9,0,6009,DEL_CUTOFF,4
8,9,1,6009,DEL_EXPLORED,4
8,9,2,6009,POP,4,bhldgcaefkpijnom
8,9,0,6010,DEL_CUTOFF,-4
8,9,1,6010,POP,-4,bchapgedfjlinkom
8,9,2,6010,POP,1,bhadgclefkpijnom
8,9,0,6011,POP,-1,bchdajlegfoinpkm
8,9,1,6011,POP,1,bchdpgeafjlinkom
8,9,2,6011,PUSH,-1,abhdgclefkpijnom,4,1
8,9,0,6012,DEL_EXPLORED,4
8,9,1,6012,DEL_EXPLORED,-1
8,9,2,6012,DEL_EXPLORED,1
8,9,0,6013,PUSH,-4,bahdjclegfoinpkm,4,-1,1
8,9,1,6013,PUSH,4,bchdpglefjainkom,-4,4,-1,1
8,9,2,6013,PUSH,4,gbhdaclefkpijnom,-4,4,1
8,9,0,6014,DEL_CUTOFF,1
8,9,1,6014,PUSH,1,bchdpglefjiankom,-4,4,-1
8,9,2,6014,DEL_CUTOFF,1
8,9,0,6015,DEL_CUTOFF,-1
8,9,1,6015,DEL_EXPLORED,-1
8,9,2,6015,DEL_CUTOFF,4
8,9,0,6016,DEL_EXPLORED,4
8,9,1,6016,DEL_CUTOFF,4
8,9,2,6016,DEL_EXPLORED,-4
8,9,0,6017,POP,-4,bahdjclegfoinpkm
8,9,1,6017,DEL_CUTOFF,-4
8,9,2,6017,POP,4,gbhdaclefkpijnom
8,9,0,6018,POP,-4,bchdjalegfoinpkm
8,9,1,6018,POP,1,bchdpglefjiankom
8,9,2,6018,POP,-1,abhdgclefkpijnom
8,9,0,6019,POP,1,bchdjflegaoinpkm
8,9,1,6019,PUSH,-1,bchdpglefajinkom,-4,4,-1,1
8,9,2,6019,DEL_EXPLORED,4
8,9,0,6020,PUSH,4,bchdjflengoiapkm,-4,1
8,9,1,6020,DEL_EXPLORED,1
8,9,2,6020,POP,-4,bahdgclefkpijnom
8,9,0,6021,PUSH,1,bchdjflengoipakm,-4,-1,1
8,9,1,6021,DEL_CUTOFF,-1
8,9,2,6021,POP,1,bchdgalefkpijnom
8,9,0,6022,PUSH,1,bchdjflengoipkam,-4,-1,1
8,9,1,6022,DEL_CUTOFF,4
8,9,2,6022,DEL_EXPLORED,4
8,9,0,6023,DEL_CUTOFF,1
8,9,1,6023,DEL_CUTOFF,-4
8,9,2,6023,PUSH,-4,achdbglefkpijnom,4,1
8,9,0,6024,DEL_EXPLORED,-1
8,9,1,6024,POP,-1,bchdpglefajinkom
8,9,2,6024,PUSH,1,cahdbglefkpijnom,4,-1,1
8,9,0,6025,DEL_CUTOFF,-4
8,9,1,6025,PUSH,4,bchdpglefjoinkam,-4,-1,1
8,9,2,6025,PUSH,1,chadbglefkpijnom,4,-1,1
8,9,0,6026,POP,1,bchdjflengoipkam
8,9,1,6026,DEL_CUTOFF,1
8,9,2,6026,PUSH,1,chdabglefkpijnom,4,-1
8,9,0,6027,DEL_EXPLORED,-1
8,9,1,6027,DEL_CUTOFF,-1
8,9,2,6027,DEL_EXPLORED,-1
8,9,0,6028,PUSH,-4,bchdjflenaoipgkm,-4,4,-1,1
8,9,1,6028,DEL_EXPLORED,-4
8,9,2,6028,DEL_CUTOFF,4
8,9,0,6029,DEL_CUTOFF,1
8,9,1,6029,POP,4,bchdpglefjoinkam
8,9,2,6029,POP,1,chdabglefkpijnom
8,9,0,6030,DEL_CUTOFF,-1
8,9,1,6030,DEL_EXPLORED,-4
8,9,2,6030,DEL_EXPLORED,-1
8,9,0,6031,DEL_EXPLORED,4
8,9,1,6031,POP,4,bchdpglefjainkom
8,9,2,6031,PUSH,4,chldbgaefkpijnom,-4,4,-1,1
8,9,0,6032,DEL_CUTOFF,-4
8,9,1,6032,PUSH,-4,bcadpghefjlinkom,4,-1,1
8,9,2,6032,DEL_CUTOFF,1
8,9,0,6033,POP,-4,bchdjflenaoipgkm
8,9,1,6033,PUSH,1,bcdapghefjlinkom,4,-1
8,9,2,6033,DEL_CUTOFF,-1
8,9,0,6034,POP,1,bchdjflengoipakm
8,9,1,6034,DEL_EXPLORED,-1
8,9,2,6034,DEL_CUTOFF,4
8,9,0,6035,DEL_EXPLORED,-4
8,9,1,6035,DEL_CUTOFF,4
8,9,2,6035,DEL_EXPLORED,-4
8,9,0,6036,POP,4,bchdjflengoiapkm
8,9,1,6036,POP,1,bcdapghefjlinkom
8,9,2,6036,POP,4,chldbgaefkpijnom
8,9,0,6037,DEL_EXPLORED,-4
8,9,1,6037,PUSH,-1,bacdpghefjlinkom,4,-1,1
8,9,2,6037,POP,1,chadbglefkpijnom
8,9,0,6038,POP,4,bchdjfleagoinpkm
8,9,1,6038,DEL_EXPLORED,1
8,9,2,6038,DEL_EXPLORED,-1
8,9,0,6039,PUSH,-4,achdbflejgoinpkm,4,1
8,9,1,6039,DEL_CUTOFF,-1
8,9,2,6039,PUSH,4,cghdbalefkpijnom,-4,4,-1,1
8,9,0,6040,PUSH,1,cahdbflejgoinpkm,4,-1,1
8,9,1,6040,DEL_CUTOFF,4
8,9,2,6040,PUSH,1,cghdblaefkpijnom,-4,4,-1,1
8,9,0,6041,PUSH,1,chadbflejgoinpkm,4,-1,1
8,9,1,6041,POP,-1,bacdpghefjlinkom
8,9,2,6041,DEL_CUTOFF,1
8,9,0,6042,PUSH,1,chdabflejgoinpkm,4,-1
8,9,1,6042,DEL_EXPLORED,4
8,9,2,6042,DEL_EXPLORED,-1
8,9,0,6043,DEL_EXPLORED,-1
8,9,1,6043,POP,-4,bcadpghefjlinkom
8,9,2,6043,DEL_CUTOFF,4
8,9,0,6044,DEL_CUTOFF,4
8,9,1,6044,POP,1,bchdpgaefjlinkom
8,9,2,6044,DEL_CUTOFF,-4
8,9,0,6045,POP,1,chdabflejgoinpkm
8,9,1,6045,DEL_EXPLORED,-1
8,9,2,6045,POP,1,cghdblaefkpijnom
8,9,0,6046,DEL_EXPLORED,-1
8,9,1,6046,PUSH,4,bchdpjgefalinkom,-4,4,-1,1
8,9,2,6046,PUSH,-1,cghdablefkpijnom,-4,4,1
8,9,0,6047,PUSH,4,chldbfaejgoinpkm,-4,4,-1,1
8,9,1,6047,PUSH,1,bchdpjgeflainkom,-4,4,-1,1
8,9,2,6047,DEL_EXPLORED,1
8,9,0,6048,DEL_CUTOFF,1
8,9,1,6048,PUSH,1,bchdpjgefliankom,-4,4,-1
8,9,2,6048,DEL_CUTOFF,4
8,9,0,6049,DEL_CUTOFF,-1
8,9,1,6049,DEL_EXPLORED,-1
8,9,2,6049,DEL_CUTOFF,-4
8,9,0,6050,DEL_CUTOFF,4
8,9,1,6050,DEL_CUTOFF,4
8,9,2,6050,POP,-1,cghdablefkpijnom
8,9,0,6051,DEL_EXPLORED,-4
8,9,1,6051,DEL_CUTOFF,-4
8,9,2,6051,PUSH,4,cghdbklefapijnom,-4,4,-1,1
8,9,0,6052,POP,4,chldbfaejgoinpkm
8,9,1,6052,POP,1,bchdpjgefliankom
8,9,2,6052,DEL_CUTOFF,1
8,9,0,6053,POP,1,chadbflejgoinpkm
8,9,1,6053,DEL_EXPLORED,-1
8,9,2,6053,DEL_CUTOFF,-1
8,9,0,6054,DEL_EXPLORED,-1
8,9,1,6054,PUSH,4,bchdpjgefloinkam,-4,-1,1
8,9,2,6054,DEL_CUTOFF,4
8,9,0,6055,PUSH,4,cfhdbalejgoinpkm,-4,4,-1,1
8,9,1,6055,DEL_CUTOFF,1
8,9,2,6055,DEL_EXPLORED,-4
8,9,0,6056,PUSH,1,cfhdblaejgoinpkm,-4,4,-1,1
8,9,1,6056,DEL_CUTOFF,-1
8,9,2,6056,POP,4,cghdbklefapijnom
8,9,0,6057,DEL_CUTOFF,1
8,9,1,6057,DEL_EXPLORED,-4
8,9,2,6057,DEL_EXPLORED,-4
8,9,0,6058,DEL_EXPLORED,-1
8,9,1,6058,POP,4,bchdpjgefloinkam
8,9,2,6058,POP,4,cghdbalefkpijnom
8,9,0,6059,DEL_CUTOFF,4
8,9,1,6059,PUSH,-4,bchdpjaeflginkom,-4,4,-1,1
8,9,2,6059,POP,1,cahdbglefkpijnom
8,9,0,6060,DEL_CUTOFF,-4
8,9,1,6060,DEL_CUTOFF,1
8,9,2,6060,DEL_EXPLORED,4
8,9,0,6061,POP,1,cfhdblaejgoinpkm
8,9,1,6061,DEL_CUTOFF,-1
8,9,2,6061,POP,-4,achdbglefkpijnom
8,9,0,6062,PUSH,-1,cfhdablejgoinpkm,-4,4,1
8,9,1,6062,DEL_EXPLORED,4
8,9,2,6062,POP,-4,bchdaglefkpijnom
8,9,0,6063,DEL_EXPLORED,1
8,9,1,6063,DEL_CUTOFF,-4
8,9,2,6063,POP,-4,bchdfgleakpijnom
8,9,0,6064,DEL_CUTOFF,4
8,9,1,6064,POP,-4,bchdpjaeflginkom
8,9,2,6064,POP,-1,bchdfglejkpianom
8,9,0,6065,DEL_CUTOFF,-4
8,9,1,6065,POP,1,bchdpjgeflainkom
8,9,2,6065,DEL_EXPLORED,-4
8,9,0,6066,POP,-1,cfhdablejgoinpkm
8,9,1,6066,PUSH,-1,bchdpjgeaflinkom,-4,4,1
8,9,2,6066,POP,4,bchdfglejkpinaom
8,9,0,6067,PUSH,4,cfhdbglejaoinpkm,-4,4,-1,1
8,9,1,6067,DEL_EXPLORED,1
8,9,2,6067,PUSH,-4,bchdfalejgpinkom,-4,4,-1,1
8,9,0,6068,DEL_CUTOFF,1
8,9,1,6068,PUSH,4,bchdpjgenfliakom,-4,1
8,9,2,6068,PUSH,1,bchdflaejgpinkom,-4,4,-1,1
8,9,0,6069,DEL_CUTOFF,-1
8,9,1,6069,DEL_CUTOFF,1
8,9,2,6069,PUSH,1,bchdfleajgpinkom,-4,4,-1
8,9,0,6070,DEL_CUTOFF,4
8,9,1,6070,DEL_EXPLORED,-4
8,9,2,6070,DEL_EXPLORED,-1
8,9,0,6071,DEL_EXPLORED,-4
8,9,1,6071,POP,4,bchdpjgenfliakom
8,9,2,6071,PUSH,4,bchdfleijgpankom,-4,4,-1
8,9,0,6072,POP,4,cfhdbglejaoinpkm
8,9,1,6072,PUSH,-4,bchdajgepflinkom,-4,4,1
8,9,2,6072,PUSH,-1,bchdfleijgapnkom,-4,4,-1,1
8,9,0,6073,DEL_EXPLORED,-4
8,9,1,6073,DEL_CUTOFF,1
8,9,2,6073,DEL_EXPLORED,1
8,9,0,6074,POP,4,cfhdbalejgoinpkm
8,9,1,6074,DEL_EXPLORED,4
8,9,2,6074,PUSH,-1,bchdfleijagpnkom,-4,4,-1,1
8,9,0,6075,POP,1,cahdbflejgoinpkm
8,9,1,6075,DEL_CUTOFF,-4
8,9,2,6075,DEL_EXPLORED,1
8,9,0,6076,DEL_EXPLORED,4
8,9,1,6076,POP,-4,bchdajgepflinkom
8,9,2,6076,PUSH,-1,bchdfleiajgpnkom,-4,4,1
8,9,0,6077,POP,-4,achdbflejgoinpkm
8,9,1,6077,POP,-1,bchdpjgeaflinkom
8,9,2,6077,DEL_EXPLORED,1
8,9,0,6078,POP,-1,bchdaflejgoinpkm
8,9,1,6078,PUSH,4,bchdpjgefklinaom,-4,-1,1
8,9,2,6078,PUSH,4,bchdfleinjgpakom,-4,1
8,9,0,6079,DEL_EXPLORED,4
8,9,1,6079,PUSH,1,bchdpjgefklinoam,-4,-1,1
8,9,2,6079,DEL_CUTOFF,1
8,9,0,6080,PUSH,-4,bahdfclejgoinpkm,4,-1,1
8,9,1,6080,DEL_CUTOFF,1
8,9,2,6080,DEL_EXPLORED,-4
8,9,0,6081,PUSH,1,bhadfclejgoinpkm,4,-1,1
8,9,1,6081,DEL_EXPLORED,-1
8,9,2,6081,POP,4,bchdfleinjgpakom
8,9,0,6082,PUSH,1,bhdafclejgoinpkm,4,-1
8,9,1,6082,DEL_CUTOFF,-4
8,9,2,6082,PUSH,-4,bchdaleifjgpnkom,-4,4,1
8,9,0,6083,DEL_EXPLORED,-1
8,9,1,6083,POP,1,bchdpjgefklinoam
8,9,2,6083,DEL_CUTOFF,1
8,9,0,6084,PUSH,4,bhdefclajgoinpkm,-4,4,-1
8,9,1,6084,PUSH,-1,bchdpjgefklianom,-4,1
8,9,2,6084,DEL_EXPLORED,4
8,9,0,6085,PUSH,-1,bhdefcaljgoinpkm,-4,4,-1,1
8,9,1,6085,DEL_EXPLORED,1
8,9,2,6085,DEL_CUTOFF,-4
8,9,0,6086,DEL_EXPLORED,1
8,9,1,6086,DEL_CUTOFF,-4
8,9,2,6086,POP,-4,bchdaleifjgpnkom
8,9,0,6087,DEL_CUTOFF,-1
8,9,1,6087,POP,-1,bchdpjgefklianom
8,9,2,6087,POP,-1,bchdfleiajgpnkom
8,9,0,6088,DEL_CUTOFF,4
8,9,1,6088,DEL_EXPLORED,-4
8,9,2,6088,PUSH,4,bchdfleijkgpnaom,-4,-1,1
8,9,0,6089,DEL_CUTOFF,-4
8,9,1,6089,POP,4,bchdpjgefklinaom
8,9,2,6089,PUSH,1,bchdfleijkgpnoam,-4,-1,1
8,9,0,6090,POP,-1,bhdefcaljgoinpkm
8,9,1,6090,DEL_EXPLORED,-4
8,9,2,6090,DEL_CUTOFF,1
8,9,0,6091,PUSH,4,bhdefclijgoanpkm,-4,4,-1
8,9,1,6091,POP,4,bchdpjgefalinkom
8,9,2,6091,DEL_EXPLORED,-1
8,9,0,6092,DEL_CUTOFF,-1
8,9,1,6092,PUSH,-4,bahdpcgefjlinkom,4,-1,1
8,9,2,6092,DEL_CUTOFF,-4
8,9,0,6093,DEL_CUTOFF,4
8,9,1,6093,PUSH,1,bhadpcgefjlinkom,4,-1,1
8,9,2,6093,POP,1,bchdfleijkgpnoam
8,9,0,6094,DEL_EXPLORED,-4
8,9,1,6094,PUSH,1,bhdapcgefjlinkom,4,-1
8,9,2,6094,PUSH,-1,bchdfleijkgpanom,-4,1
8,9,0,6095,POP,4,bhdefclijgoanpkm
8,9,1,6095,DEL_EXPLORED,-1
8,9,2,6095,DEL_EXPLORED,1
8,9,0,6096,DEL_EXPLORED,-4
8,9,1,6096,DEL_CUTOFF,4
8,9,2,6096,DEL_CUTOFF,-4
8,9,0,6097,POP,4,bhdefclajgoinpkm
8,9,1,6097,POP,1,bhdapcgefjlinkom
8,9,2,6097,POP,-1,bchdfleijkgpanom
8,9,0,6098,POP,1,bhdafclejgoinpkm
8,9,1,6098,DEL_EXPLORED,-1
8,9,2,6098,DEL_EXPLORED,-4
8,9,0,6099,DEL_EXPLORED,-1
8,9,1,6099,PUSH,4,bhgdpcaefjlinkom,-4,4,-1,1
8,9,2,6099,POP,4,bchdfleijkgpnaom
8,9,0,6100,PUSH,4,bhldfcaejgoinpkm,-4,4,-1,1
8,9,1,6100,DEL_CUTOFF,1
8,9,2,6100,PUSH,-4,bchdfaeijlgpnkom,-4,4,-1,1
8,9,0,6101,PUSH,1,bhldfceajgoinpkm,-4,4,-1
8,9,1,6101,DEL_CUTOFF,-1
8,9,2,6101,PUSH,1,bchdfeaijlgpnkom,-4,4,-1,1
8,9,0,6102,DEL_EXPLORED,-1
8,9,1,6102,DEL_CUTOFF,4
8,9,2,6102,DEL_CUTOFF,1
8,9,0,6103,PUSH,4,bhldfceijgoanpkm,-4,4,-1
8,9,1,6103,DEL_EXPLORED,-4
8,9,2,6103,DEL_EXPLORED,-1
8,9,0,6104,DEL_CUTOFF,-1
8,9,1,6104,POP,4,bhgdpcaefjlinkom
8,9,2,6104,DEL_CUTOFF,4
8,9,0,6105,DEL_CUTOFF,4
8,9,1,6105,POP,1,bhadpcgefjlinkom
8,9,2,6105,DEL_CUTOFF,-4
8,9,0,6106,DEL_EXPLORED,-4
8,9,1,6106,PUSH,-1,abhdpcgefjlinkom,4,1
8,9,2,6106,POP,1,bchdfeaijlgpnkom
8,9,0,6107,POP,4,bhldfceijgoanpkm
8,9,1,6107,DEL_EXPLORED,1
8,9,2,6107,PUSH,-1,bchdafeijlgpnkom,-4,4,1
8,9,0,6108,PUSH,-4,bhlafcedjgoinpkm,4,-1
8,9,1,6108,PUSH,4,pbhdacgefjlinkom,-4,4,1
8,9,2,6108,DEL_EXPLORED,1
8,9,0,6109,DEL_CUTOFF,-1
8,9,1,6109,DEL_CUTOFF,1
8,9,2,6109,DEL_CUTOFF,4
8,9,0,6110,DEL_EXPLORED,4
8,9,1,6110,DEL_CUTOFF,4
8,9,2,6110,DEL_CUTOFF,-4
8,9,0,6111,POP,-4,bhlafcedjgoinpkm
8,9,1,6111,DEL_EXPLORED,-4
8,9,2,6111,POP,-1,bchdafeijlgpnkom
8,9,0,6112,POP,1,bhldfceajgoinpkm
8,9,1,6112,POP,4,pbhdacgefjlinkom
8,9,2,6112,DEL_EXPLORED,4
8,9,0,6113,PUSH,-1,bhldfacejgoinpkm,-4,4,-1,1
8,9,1,6113,POP,-1,abhdpcgefjlinkom
8,9,2,6113,PUSH,-4,bahdfceijlgpnkom,4,-1,1
8,9,0,6114,DEL_EXPLORED,1
8,9,1,6114,DEL_EXPLORED,4
8,9,2,6114,DEL_CUTOFF,1
8,9,0,6115,PUSH,-1,bhldafcejgoinpkm,-4,4,1
8,9,1,6115,POP,-4,bahdpcgefjlinkom
8,9,2,6115,DEL_CUTOFF,-1
8,9,0,6116,DEL_EXPLORED,1
8,9,1,6116,POP,1,bchdpagefjlinkom
8,9,2,6116,DEL_EXPLORED,4
8,9,0,6117,DEL_CUTOFF,4
8,9,1,6117,DEL_EXPLORED,4
8,9,2,6117,POP,-4,bahdfceijlgpnkom
8,9,0,6118,DEL_CUTOFF,-4
8,9,1,6118,PUSH,-4,achdbpgefjlinkom,4,1
8,9,2,6118,POP,-4,bchdfaeijlgpnkom
8,9,0,6119,POP,-1,bhldafcejgoinpkm
8,9,1,6119,PUSH,1,cahdbpgefjlinkom,4,-1,1
8,9,2,6119,POP,-1,bchdfleijagpnkom
8,9,0,6120,PUSH,4,bhldfgcejaoinpkm,-4,4,-1,1
8,9,1,6120,PUSH,1,chadbpgefjlinkom,4,-1,1
8,9,2,6120,PUSH,4,bchdfleijgopnkam,-4,-1,1
8,9,0,6121,DEL_CUTOFF,1
8,9,1,6121,PUSH,1,chdabpgefjlinkom,4,-1
8,9,2,6121,PUSH,1,bchdfleijgopnkma,-4,-1
8,9,0,6122,DEL_CUTOFF,-1
8,9,1,6122,DEL_EXPLORED,-1
8,9,2,6122,DEL_EXPLORED,-1
8,9,0,6123,DEL_CUTOFF,4
8,9,1,6123,DEL_CUTOFF,4
8,9,2,6123,PUSH,-4,bchdfleijgoankmp,-4,4,-1
8,9,0,6124,DEL_EXPLORED,-4
8,9,1,6124,POP,1,chdabpgefjlinkom
8,9,2,6124,DEL_CUTOFF,-1
8,9,0,6125,POP,4,bhldfgcejaoinpkm
8,9,1,6125,DEL_EXPLORED,-1
8,9,2,6125,DEL_EXPLORED,4
8,9,0,6126,PUSH,-4,baldfhcejgoinpkm,4,-1,1
8,9,1,6126,PUSH,4,chgdbpaefjlinkom,-4,4,-1,1
8,9,2,6126,DEL_CUTOFF,-4
8,9,0,6127,DEL_CUTOFF,1
8,9,1,6127,DEL_CUTOFF,1
8,9,2,6127,POP,-4,bchdfleijgoankmp
8,9,0,6128,DEL_CUTOFF,-1
8,9,1,6128,DEL_CUTOFF,-1
8,9,2,6128,POP,1,bchdfleijgopnkma
8,9,0,6129,DEL_EXPLORED,4
8,9,1,6129,DEL_CUTOFF,4
8,9,2,6129,PUSH,-1,bchdfleijgopnakm,-4,-1,1
8,9,0,6130,POP,-4,baldfhcejgoinpkm
8,9,1,6130,DEL_EXPLORED,-4
8,9,2,6130,DEL_EXPLORED,1
8,9,0,6131,POP,-1,bhldfacejgoinpkm
8,9,1,6131,POP,4,chgdbpaefjlinkom
8,9,2,6131,PUSH,-1,bchdfleijgopankm,-4,1
8,9,0,6132,PUSH,4,bhldfcoejgainpkm,-4,4,-1,1
8,9,1,6132,POP,1,chadbpgefjlinkom
8,9,2,6132,DEL_EXPLORED,1
8,9,0,6133,PUSH,1,bhldfcoejgianpkm,-4,4,-1
8,9,1,6133,DEL_EXPLORED,-1
8,9,2,6133,DEL_CUTOFF,-4
8,9,0,6134,DEL_EXPLORED,-1
8,9,1,6134,PUSH,4,cphdbagefjlinkom,-4,4,-1,1
8,9,2,6134,POP,-1,bchdfleijgopankm
8,9,0,6135,DEL_CUTOFF,4
8,9,1,6135,PUSH,1,cphdbgaefjlinkom,-4,4,-1,1
8,9,2,6135,PUSH,-4,bchdfleijaopngkm,-4,4,-1,1
8,9,0,6136,DEL_CUTOFF,-4
8,9,1,6136,DEL_CUTOFF,1
8,9,2,6136,DEL_CUTOFF,1
8,9,0,6137,POP,1,bhldfcoejgianpkm
8,9,1,6137,DEL_EXPLORED,-1
8,9,2,6137,DEL_CUTOFF,-1
8,9,0,6138,PUSH,-1,bhldfcoejaginpkm,-4,4,-1,1
8,9,1,6138,DEL_CUTOFF,4
8,9,2,6138,DEL_EXPLORED,4
8,9,0,6139,DEL_EXPLORED,1
8,9,1,6139,DEL_CUTOFF,-4
8,9,2,6139,DEL_CUTOFF,-4
8,9,0,6140,DEL_CUTOFF,-1
8,9,1,6140,POP,1,cphdbgaefjlinkom
8,9,2,6140,POP,-4,bchdfleijaopngkm
8,9,0,6141,DEL_CUTOFF,4
8,9,1,6141,PUSH,-1,cphdabgefjlinkom,-4,4,1
8,9,2,6141,POP,-1,bchdfleijgopnakm
8,9,0,6142,DEL_CUTOFF,-4
8,9,1,6142,DEL_EXPLORED,1
8,9,2,6142,DEL_EXPLORED,-4
8,9,0,6143,POP,-1,bhldfcoejaginpkm
8,9,1,6143,DEL_CUTOFF,4
8,9,2,6143,POP,4,bchdfleijgopnkam
8,9,0,6144,PUSH,4,bhldfcoejgkinpam,-4,-1,1
8,9,1,6144,DEL_CUTOFF,-4
8,9,2,6144,PUSH,-4,bchdflaijgepnkom,-4,4,-1,1
8,9,0,6145,DEL_CUTOFF,1
8,9,1,6145,POP,-1,cphdabgefjlinkom
8,9,2,6145,PUSH,1,bchdfliajgepnkom,-4,4,-1
8,9,0,6146,DEL_CUTOFF,-1
8,9,1,6146,PUSH,4,cphdbjgefalinkom,-4,4,-1,1
8,9,2,6146,DEL_EXPLORED,-1
8,9,0,6147,DEL_EXPLORED,-4
8,9,1,6147,DEL_CUTOFF,1
8,9,2,6147,PUSH,4,bchdflipjgeankom,-4,4,-1
8,9,0,6148,POP,4,bhldfcoejgkinpam
8,9,1,6148,DEL_CUTOFF,-1
8,9,2,6148,DEL_CUTOFF,-1
8,9,0,6149,DEL_EXPLORED,-4
8,9,1,6149,DEL_CUTOFF,4
8,9,2,6149,DEL_CUTOFF,4
8,9,0,6150,POP,4,bhldfcoejgainpkm
8,9,1,6150,DEL_EXPLORED,-4
8,9,2,6150,DEL_EXPLORED,-4
8,9,0,6151,DEL_EXPLORED,-4
8,9,1,6151,POP,4,cphdbjgefalinkom
8,9,2,6151,POP,4,bchdflipjgeankom
8,9,0,6152,POP,4,bhldfcaejgoinpkm
8,9,1,6152,DEL_EXPLORED,-4
8,9,2,6152,PUSH,-4,bchaflidjgepnkom,4,-1
8,9,0,6153,POP,1,bhadfclejgoinpkm
8,9,1,6153,POP,4,cphdbagefjlinkom
8,9,2,6153,DEL_CUTOFF,-1
8,9,0,6154,PUSH,-1,abhdfclejgoinpkm,4,1
8,9,1,6154,POP,1,cahdbpgefjlinkom
8,9,2,6154,DEL_EXPLORED,4
8,9,0,6155,DEL_EXPLORED,1
8,9,1,6155,DEL_EXPLORED,4
8,9,2,6155,POP,-4,bchaflidjgepnkom
8,9,0,6156,PUSH,4,fbhdaclejgoinpkm,-4,4,1
8,9,1,6156,POP,-4,achdbpgefjlinkom
8,9,2,6156,POP,1,bchdfliajgepnkom
8,9,0,6157,PUSH,1,fbhdcalejgoinpkm,-4,4,-1,1
8,9,1,6157,POP,-4,bchdapgefjlinkom
8,9,2,6157,PUSH,-1,bchdfalijgepnkom,-4,4,-1,1
8,9,0,6158,PUSH,1,fbhdclaejgoinpkm,-4,4,-1,1
8,9,1,6158,POP,-1,bchdfpgeajlinkom
8,9,2,6158,DEL_EXPLORED,1
8,9,0,6159,DEL_CUTOFF,1
8,9,1,6159,PUSH,4,bchdfpgejklinaom,-4,-1,1
8,9,2,6159,PUSH,-1,bchdaflijgepnkom,-4,4,1
8,9,0,6160,DEL_EXPLORED,-1
8,9,1,6160,PUSH,1,bchdfpgejklinoam,-4,-1,1
8,9,2,6160,DEL_EXPLORED,1
8,9,0,6161,DEL_CUTOFF,4
8,9,1,6161,PUSH,1,bchdfpgejklinoma,-4,-1
8,9,2,6161,DEL_CUTOFF,4
8,9,0,6162,DEL_CUTOFF,-4
8,9,1,6162,DEL_EXPLORED,-1
8,9,2,6162,DEL_CUTOFF,-4
8,9,0,6163,POP,1,fbhdclaejgoinpkm
8,9,1,6163,PUSH,-4,bchdfpgejklanomi,-4,4,-1
8,9,2,6163,POP,-1,bchdaflijgepnkom
8,9,0,6164,DEL_EXPLORED,-1
8,9,1,6164,PUSH,-1,bchdfpgejkalnomi,-4,4,-1,1
8,9,2,6164,PUSH,4,bchdfglijaepnkom,-4,4,-1,1
8,9,0,6165,PUSH,4,fbhdcglejaoinpkm,-4,4,-1,1
8,9,1,6165,DEL_EXPLORED,1
8,9,2,6165,DEL_CUTOFF,1
8,9,0,6166,DEL_CUTOFF,1
8,9,1,6166,PUSH,-1,bchdfpgejaklnomi,-4,4,-1,1
8,9,2,6166,DEL_CUTOFF,-1
8,9,0,6167,DEL_CUTOFF,-1
8,9,1,6167,DEL_EXPLORED,1
8,9,2,6167,DEL_CUTOFF,4
8,9,0,6168,DEL_CUTOFF,4
8,9,1,6168,DEL_CUTOFF,-1
8,9,2,6168,DEL_EXPLORED,-4
8,9,0,6169,DEL_EXPLORED,-4
8,9,1,6169,DEL_CUTOFF,4
8,9,2,6169,POP,4,bchdfglijaepnkom
8,9,0,6170,POP,4,fbhdcglejaoinpkm
8,9,1,6170,DEL_CUTOFF,-4
8,9,2,6170,PUSH,-4,bahdfclijgepnkom,4,-1,1
8,9,0,6171,PUSH,-4,fahdcblejgoinpkm,4,-1,1
8,9,1,6171,POP,-1,bchdfpgejaklnomi
8,9,2,6171,DEL_CUTOFF,1
8,9,0,6172,DEL_CUTOFF,1
8,9,1,6172,PUSH,4,bchdfpgejkmlnoai,-4,-1,1
8,9,2,6172,DEL_CUTOFF,-1
8,9,0,6173,DEL_CUTOFF,-1
8,9,1,6173,DEL_CUTOFF,1
8,9,2,6173,DEL_EXPLORED,4
8,9,0,6174,DEL_EXPLORED,4
8,9,1,6174,DEL_CUTOFF,-1
8,9,2,6174,POP,-4,bahdfclijgepnkom
8,9,0,6175,POP,-4,fahdcblejgoinpkm
8,9,1,6175,DEL_EXPLORED,-4
8,9,2,6175,POP,-1,bchdfalijgepnkom
8,9,0,6176,POP,1,fbhdcalejgoinpkm
8,9,1,6176,POP,4,bchdfpgejkmlnoai
8,9,2,6176,DEL_EXPLORED,4
8,9,0,6177,PUSH,4,fbhdjcleagoinpkm,-4,4,1
8,9,1,6177,PUSH,-4,bchdfpaejkglnomi,-4,4,-1,1
8,9,2,6177,PUSH,-4,bcadflhijgepnkom,4,-1,1
8,9,0,6178,PUSH,1,fbhdjclegaoinpkm,-4,4,-1,1
8,9,1,6178,DEL_CUTOFF,1
8,9,2,6178,PUSH,1,bcdaflhijgepnkom,4,-1
8,9,0,6179,DEL_CUTOFF,1
8,9,1,6179,DEL_CUTOFF,-1
8,9,2,6179,DEL_EXPLORED,-1
8,9,0,6180,DEL_EXPLORED,-1
8,9,1,6180,DEL_EXPLORED,4
8,9,2,6180,DEL_CUTOFF,4
8,9,0,6181,DEL_CUTOFF,4
8,9,1,6181,DEL_CUTOFF,-4
8,9,2,6181,POP,1,bcdaflhijgepnkom
8,9,0,6182,DEL_CUTOFF,-4
8,9,1,6182,POP,-4,bchdfpaejkglnomi
8,9,2,6182,PUSH,-1,bacdflhijgepnkom,4,-1,1
8,9,0,6183,POP,1,fbhdjclegaoinpkm
8,9,1,6183,POP,-1,bchdfpgejkalnomi
8,9,2,6183,DEL_EXPLORED,1
8,9,0,6184,PUSH,4,fbhdjclengoiapkm,-4,1
8,9,1,6184,DEL_EXPLORED,4
8,9,2,6184,DEL_CUTOFF,-1
8,9,0,6185,DEL_CUTOFF,1
8,9,1,6185,PUSH,-4,bchdfpgajklenomi,-4,4,-1
8,9,2,6185,DEL_CUTOFF,4
8,9,0,6186,DEL_EXPLORED,-4
8,9,1,6186,PUSH,-1,bchdfpagjklenomi,-4,4,-1,1
8,9,2,6186,POP,-1,bacdflhijgepnkom
8,9,0,6187,POP,4,fbhdjclengoiapkm
8,9,1,6187,DEL_EXPLORED,1
8,9,2,6187,DEL_EXPLORED,4
8,9,0,6188,DEL_EXPLORED,-4
8,9,1,6188,DEL_CUTOFF,-1
8,9,2,6188,POP,-4,bcadflhijgepnkom
8,9,0,6189,POP,4,fbhdjcleagoinpkm
8,9,1,6189,DEL_CUTOFF,4
8,9,2,6189,POP,-4,bchdflaijgepnkom
8,9,0,6190,DEL_EXPLORED,-4
8,9,1,6190,DEL_CUTOFF,-4
8,9,2,6190,POP,-1,bchdfleijgapnkom
8,9,0,6191,POP,4,fbhdaclejgoinpkm
8,9,1,6191,POP,-1,bchdfpagjklenomi
8,9,2,6191,PUSH,4,bchdfleijgpmnkoa,-4,-1
8,9,0,6192,POP,-1,abhdfclejgoinpkm
8,9,1,6192,DEL_EXPLORED,4
8,9,2,6192,PUSH,-1,bchdfleijgpmnkao,-4,-1,1
8,9,0,6193,DEL_EXPLORED,4
8,9,1,6193,PUSH,-4,bchafpgdjklenomi,4,-1
8,9,2,6193,DEL_EXPLORED,1
8,9,0,6194,POP,-4,bahdfclejgoinpkm
8,9,1,6194,DEL_CUTOFF,-1
8,9,2,6194,PUSH,-1,bchdfleijgpmnako,-4,-1,1
8,9,0,6195,POP,-4,bchdfalejgoinpkm
8,9,1,6195,DEL_EXPLORED,4
8,9,2,6195,DEL_EXPLORED,1
8,9,0,6196,POP,-4,bchdfglejaoinpkm
8,9,1,6196,POP,-4,bchafpgdjklenomi
8,9,2,6196,PUSH,-1,bchdfleijgpmanko,-4,1
8,9,0,6197,POP,-1,bchdfglejpoinakm
8,9,1,6197,POP,-4,bchdfpgajklenomi
8,9,2,6197,DEL_EXPLORED,1
8,9,0,6198,DEL_EXPLORED,-4
8,9,1,6198,POP,-4,bchdfpgejklanomi
8,9,2,6198,DEL_CUTOFF,-4
8,9,0,6199,POP,4,bchdfglejpoinkam
8,9,1,6199,POP,1,bchdfpgejklinoma
8,9,2,6199,POP,-1,bchdfleijgpmanko
8,9,0,6200,POP,0,bchdfglejpainkom
8,9,1,6200,DEL_EXPLORED,-1
8,9,2,6200,PUSH,-4,bchdfleijapmngko,-4,4,-1,1
8,9,1,6201,PUSH,-4,bchdfpgejkainolm,-4,4,-1,1
8,9,2,6201,DEL_CUTOFF,1
8,9,1,6202,PUSH,1,bchdfpgejkianolm,-4,4,-1
8,9,2,6202,DEL_CUTOFF,-1
8,9,1,6203,DEL_EXPLORED,-1
8,9,2,6203,DEL_EXPLORED,4
8,9,1,6204,PUSH,4,bchdfpgejkimnola,-4,-1
8,9,2,6204,DEL_CUTOFF,-4
8,9,1,6205,PUSH,-1,bchdfpgejkimnoal,-4,-1,1
8,9,2,6205,POP,-4,bchdfleijapmngko
8,9,1,6206,DEL_EXPLORED,1
8,9,2,6206,POP,-1,bchdfleijgpmnako
8,9,1,6207,DEL_CUTOFF,-1
8,9,2,6207,PUSH,-4,bchdfleijgamnkpo,-4,4,-1,1
8,9,1,6208,DEL_CUTOFF,-4
8,9,2,6208,PUSH,1,bchdfleijgmankpo,-4,4,-1
8,9,1,6209,POP,-1,bchdfpgejkimnoal
8,9,2,6209,DEL_EXPLORED,-1
8,9,1,6210,DEL_EXPLORED,-4
8,9,2,6210,DEL_CUTOFF,4
8,9,1,6211,POP,4,bchdfpgejkimnola
8,9,2,6211,DEL_CUTOFF,-4
8,9,1,6212,PUSH,-4,bchdfpgajkienolm,-4,4,-1
8,9,2,6212,POP,1,bchdfleijgmankpo
8,9,1,6213,PUSH,-1,bchdfpagjkienolm,-4,4,-1,1
8,9,2,6213,PUSH,-1,bchdfleijagmnkpo,-4,4,-1,1
8,9,1,6214,DEL_EXPLORED,1
8,9,2,6214,DEL_EXPLORED,1
8,9,1,6215,DEL_CUTOFF,-1
8,9,2,6215,DEL_CUTOFF,-1
8,9,1,6216,DEL_CUTOFF,4
8,9,2,6216,DEL_CUTOFF,4
8,9,1,6217,DEL_CUTOFF,-4
8,9,2,6217,DEL_CUTOFF,-4
8,9,1,6218,POP,-1,bchdfpagjkienolm
8,9,2,6218,POP,-1,bchdfleijagmnkpo
8,9,1,6219,DEL_EXPLORED,4
8,9,2,6219,DEL_EXPLORED,4
8,9,1,6220,PUSH,-4,bchafpgdjkienolm,4,-1
8,9,2,6220,PUSH,-4,bchdflaijgemnkpo,-4,4,-1,1
8,9,1,6221,DEL_CUTOFF,-1
8,9,2,6221,DEL_CUTOFF,1
8,9,1,6222,DEL_EXPLORED,4
8,9,2,6222,DEL_CUTOFF,-1
8,9,1,6223,POP,-4,bchafpgdjkienolm
8,9,2,6223,DEL_EXPLORED,4
8,9,1,6224,POP,-4,bchdfpgajkienolm
8,9,2,6224,DEL_CUTOFF,-4
8,9,1,6225,POP,1,bchdfpgejkianolm
8,9,2,6225,POP,-4,bchdflaijgemnkpo
8,9,1,6226,PUSH,-1,bchdfpgejakinolm,-4,4,-1,1
8,9,2,6226,POP,-4,bchdfleijgamnkpo
8,9,1,6227,DEL_EXPLORED,1
8,9,2,6227,POP,-1,bchdfleijgpmnkao
8,9,1,6228,PUSH,-1,bchdfpgeajkinolm,-4,4,1
8,9,2,6228,DEL_EXPLORED,-4
8,9,1,6229,DEL_EXPLORED,1
8,9,2,6229,POP,4,bchdfleijgpmnkoa
8,9,1,6230,PUSH,4,bchdfpgenjkiaolm,-4,1
8,9,2,6230,DEL_EXPLORED,-4
8,9,1,6231,DEL_CUTOFF,1
8,9,2,6231,POP,4,bchdfleijgpankom
8,9,1,6232,DEL_EXPLORED,-4
8,9,2,6232,PUSH,-4,bchafledjgpinkom,4,-1
8,9,1,6233,POP,4,bchdfpgenjkiaolm
8,9,2,6233,PUSH,-1,bcahfledjgpinkom,4,-1,1
8,9,1,6234,PUSH,-4,bchdapgefjkinolm,-4,4,1
8,9,2,6234,DEL_EXPLORED,1
8,9,1,6235,DEL_CUTOFF,1
8,9,2,6235,PUSH,-1,bachfledjgpinkom,4,-1,1
8,9,1,6236,DEL_EXPLORED,4
8,9,2,6236,DEL_EXPLORED,1
8,9,1,6237,DEL_CUTOFF,-4
8,9,2,6237,PUSH,-1,abchfledjgpinkom,4,1
8,9,1,6238,POP,-4,bchdapgefjkinolm
8,9,2,6238,DEL_EXPLORED,1
8,9,1,6239,POP,-1,bchdfpgeajkinolm
8,9,2,6239,PUSH,4,fbchaledjgpinkom,-4,4,1
8,9,1,6240,PUSH,4,bchdfpgejokinalm,-4,-1,1
8,9,2,6240,DEL_CUTOFF,1
8,9,1,6241,PUSH,1,bchdfpgejokinlam,-4,-1,1
8,9,2,6241,DEL_CUTOFF,4
8,9,1,6242,DEL_CUTOFF,1
8,9,2,6242,DEL_EXPLORED,-4
8,9,1,6243,DEL_EXPLORED,-1
8,9,2,6243,POP,4,fbchaledjgpinkom
8,9,1,6244,DEL_CUTOFF,-4
8,9,2,6244,POP,-1,abchfledjgpinkom
8,9,1,6245,POP,1,bchdfpgejokinlam
8,9,2,6245,PUSH,4,blchfaedjgpinkom,-4,4,-1,1
8,9,1,6246,PUSH,-1,bchdfpgejokianlm,-4,1
8,9,2,6246,PUSH,1,blchfeadjgpinkom,-4,4,-1,1
8,9,1,6247,DEL_EXPLORED,1
8,9,2,6247,DEL_CUTOFF,1
8,9,1,6248,DEL_CUTOFF,-4
8,9,2,6248,DEL_EXPLORED,-1
8,9,1,6249,POP,-1,bchdfpgejokianlm
8,9,2,6249,DEL_CUTOFF,4
8,9,1,6250,DEL_EXPLORED,-4
8,9,2,6250,DEL_CUTOFF,-4
8,9,1,6251,POP,4,bchdfpgejokinalm
8,9,2,6251,POP,1,blchfeadjgpinkom
8,9,1,6252,PUSH,-4,bchdfagejpkinolm,-4,4,-1,1
8,9,2,6252,PUSH,-1,blchafedjgpinkom,-4,4,1
8,9,1,6253,PUSH,1,bchdfgaejpkinolm,-4,4,-1,1
8,9,2,6253,DEL_EXPLORED,1
8,9,1,6254,DEL_CUTOFF,1
8,9,2,6254,DEL_CUTOFF,4
8,9,1,6255,DEL_EXPLORED,-1
8,9,2,6255,DEL_CUTOFF,-4
8,9,1,6256,DEL_CUTOFF,4
8,9,2,6256,POP,-1,blchafedjgpinkom
8,9,1,6257,DEL_CUTOFF,-4
8,9,2,6257,PUSH,4,blchfgedjapinkom,-4,4,-1,1
8,9,1,6258,POP,1,bchdfgaejpkinolm
8,9,2,6258,DEL_CUTOFF,1
8,9,1,6259,PUSH,-1,bchdafgejpkinolm,-4,4,1
8,9,2,6259,DEL_CUTOFF,-1
8,9,1,6260,DEL_EXPLORED,1
8,9,2,6260,DEL_CUTOFF,4
8,9,1,6261,DEL_CUTOFF,4
8,9,2,6261,DEL_EXPLORED,-4
8,9,1,6262,DEL_CUTOFF,-4
8,9,2,6262,POP,4,blchfgedjapinkom
8,9,1,6263,POP,-1,bchdafgejpkinolm
8,9,2,6263,DEL_EXPLORED,-4
8,9,1,6264,DEL_EXPLORED,4
8,9,2,6264,POP,4,blchfaedjgpinkom
8,9,1,6265,PUSH,-4,bahdfcgejpkinolm,4,-1,1
8,9,2,6265,POP,-1,bachfledjgpinkom
8,9,1,6266,DEL_CUTOFF,1
8,9,2,6266,PUSH,4,bcehfladjgpinkom,-4,4,-1,1
8,9,1,6267,DEL_CUTOFF,-1
8,9,2,6267,PUSH,1,bcehfldajgpinkom,-4,4,-1
8,9,1,6268,DEL_EXPLORED,4
8,9,2,6268,DEL_EXPLORED,-1
8,9,1,6269,POP,-4,bahdfcgejpkinolm
8,9,2,6269,PUSH,4,bcehfldijgpankom,-4,4,-1
8,9,1,6270,POP,-4,bchdfagejpkinolm
8,9,2,6270,DEL_CUTOFF,-1
8,9,1,6271,POP,-1,bchdfpgejakinolm
8,9,2,6271,DEL_CUTOFF,4
8,9,1,6272,DEL_EXPLORED,4
8,9,2,6272,DEL_EXPLORED,-4
8,9,1,6273,PUSH,-4,bchdfpaejkginolm,-4,4,-1,1
8,9,2,6273,POP,4,bcehfldijgpankom
8,9,1,6274,PUSH,1,bchdfpeajkginolm,-4,4,-1
8,9,2,6274,PUSH,-4,bceafldhjgpinkom,4,-1
8,9,1,6275,DEL_EXPLORED,-1
8,9,2,6275,DEL_CUTOFF,-1
8,9,1,6276,PUSH,4,bchdfpeijkganolm,-4,4,-1
8,9,2,6276,DEL_EXPLORED,4
8,9,1,6277,DEL_CUTOFF,-1
8,9,2,6277,POP,-4,bceafldhjgpinkom
8,9,1,6278,DEL_CUTOFF,4
8,9,2,6278,POP,1,bcehfldajgpinkom
8,9,1,6279,DEL_EXPLORED,-4
8,9,2,6279,PUSH,-1,bcehfaldjgpinkom,-4,4,-1,1
8,9,1,6280,POP,4,bchdfpeijkganolm
8,9,2,6280,DEL_EXPLORED,1
8,9,1,6281,PUSH,-4,bchafpedjkginolm,4,-1
8,9,2,6281,PUSH,-1,bcehafldjgpinkom,-4,4,1
8,9,1,6282,DEL_CUTOFF,-1
8,9,2,6282,DEL_EXPLORED,1
8,9,1,6283,DEL_EXPLORED,4
8,9,2,6283,DEL_CUTOFF,4
8,9,1,6284,POP,-4,bchafpedjkginolm
8,9,2,6284,DEL_CUTOFF,-4
8,9,1,6285,POP,1,bchdfpeajkginolm
8,9,2,6285,POP,-1,bcehafldjgpinkom
8,9,1,6286,PUSH,-1,bchdfapejkginolm,-4,4,-1,1
8,9,2,6286,PUSH,4,bcehfgldjapinkom,-4,4,-1,1
8,9,1,6287,DEL_EXPLORED,1
8,9,2,6287,DEL_CUTOFF,1
8,9,1,6288,PUSH,-1,bchdafpejkginolm,-4,4,1
8,9,2,6288,DEL_CUTOFF,-1
8,9,1,6289,DEL_EXPLORED,1
8,9,2,6289,DEL_CUTOFF,4
8,9,1,6290,DEL_CUTOFF,4
8,9,2,6290,DEL_EXPLORED,-4
8,9,1,6291,DEL_CUTOFF,-4
8,9,2,6291,POP,4,bcehfgldjapinkom
8,9,1,6292,POP,-1,bchdafpejkginolm
8,9,2,6292,PUSH,-4,baehfcldjgpinkom,4,-1,1
8,9,1,6293,PUSH,4,bchdfkpejaginolm,-4,4,-1,1
8,9,2,6293,DEL_CUTOFF,1
8,9,1,6294,DEL_CUTOFF,1
8,9,2,6294,DEL_CUTOFF,-1
8,9,1,6295,DEL_CUTOFF,-1
8,9,2,6295,DEL_EXPLORED,4
8,9,1,6296,DEL_CUTOFF,4
8,9,2,6296,POP,-4,baehfcldjgpinkom
8,9,1,6297,DEL_EXPLORED,-4
8,9,2,6297,POP,-1,bcehfaldjgpinkom
8,9,1,6298,POP,4,bchdfkpejaginolm
8,9,2,6298,PUSH,4,bcehflpdjgainkom,-4,4,-1,1
8,9,1,6299,PUSH,-4,bahdfcpejkginolm,4,-1,1
8,9,2,6299,PUSH,1,bcehflpdjgiankom,-4,4,-1
8,9,1,6300,DEL_CUTOFF,1
8,9,2,6300,DEL_EXPLORED,-1
8,9,1,6301,DEL_CUTOFF,-1
8,9,2,6301,DEL_CUTOFF,4
8,9,1,6302,DEL_EXPLORED,4
8,9,2,6302,DEL_CUTOFF,-4
8,9,1,6303,POP,-4,bahdfcpejkginolm
8,9,2,6303,POP,1,bcehflpdjgiankom
8,9,1,6304,POP,-1,bchdfapejkginolm
8,9,2,6304,PUSH,-1,bcehflpdjaginkom,-4,4,-1,1
8,9,1,6305,DEL_EXPLORED,4
8,9,2,6305,DEL_EXPLORED,1
8,9,1,6306,PUSH,-4,bcadfphejkginolm,4,-1,1
8,9,2,6306,DEL_CUTOFF,-1
8,9,1,6307,PUSH,1,bcdafphejkginolm,4,-1
8,9,2,6307,DEL_CUTOFF,4
8,9,1,6308,DEL_EXPLORED,-1
8,9,2,6308,DEL_CUTOFF,-4
8,9,1,6309,DEL_CUTOFF,4
8,9,2,6309,POP,-1,bcehflpdjaginkom
8,9,1,6310,POP,1,bcdafphejkginolm
8,9,2,6310,PUSH,4,bcehflpdjgoinkam,-4,-1,1
8,9,1,6311,PUSH,-1,bacdfphejkginolm,4,-1,1
8,9,2,6311,DEL_CUTOFF,1
8,9,1,6312,DEL_EXPLORED,1
8,9,2,6312,DEL_CUTOFF,-1
8,9,1,6313,DEL_CUTOFF,-1
8,9,2,6313,DEL_EXPLORED,-4
8,9,1,6314,DEL_CUTOFF,4
8,9,2,6314,POP,4,bcehflpdjgoinkam
8,9,1,6315,POP,-1,bacdfphejkginolm
8,9,2,6315,DEL_EXPLORED,-4
8,9,1,6316,DEL_EXPLORED,4
8,9,2,6316,POP,4,bcehflpdjgainkom
8,9,1,6317,POP,-4,bcadfphejkginolm
8,9,2,6317,DEL_EXPLORED,-4
8,9,1,6318,POP,-4,bchdfpaejkginolm
8,9,2,6318,POP,4,bcehfladjgpinkom
8,9,1,6319,POP,-4,bchdfpgejkainolm
8,9,2,6319,POP,-1,bcahfledjgpinkom
8,9,1,6320,POP,1,bchdfpgejklinoam
8,9,2,6320,DEL_EXPLORED,4
8,9,1,6321,PUSH,-1,bchdfpgejklianom,-4,1
8,9,2,6321,POP,-4,bchafledjgpinkom
8,9,1,6322,DEL_EXPLORED,1
8,9,2,6322,POP,1,bchdfleajgpinkom
8,9,1,6323,PUSH,-4,bchdfpgeaklijnom,-4,4,1
8,9,2,6323,DEL_EXPLORED,-1
8,9,1,6324,PUSH,1,bchdfpgekalijnom,-4,4,-1,1
8,9,2,6324,PUSH,4,bchdflpejgainkom,-4,4,-1,1
8,9,1,6325,PUSH,1,bchdfpgeklaijnom,-4,4,-1,1
8,9,2,6325,PUSH,1,bchdflpejgiankom,-4,4,-1
8,9,1,6326,PUSH,1,bchdfpgekliajnom,-4,4,-1
8,9,2,6326,DEL_EXPLORED,-1
8,9,1,6327,DEL_EXPLORED,-1
8,9,2,6327,PUSH,4,bchdflpejgimnkoa,-4,-1
8,9,1,6328,DEL_CUTOFF,4
8,9,2,6328,PUSH,-1,bchdflpejgimnkao,-4,-1,1
8,9,1,6329,DEL_CUTOFF,-4
8,9,2,6329,DEL_EXPLORED,1
8,9,1,6330,POP,1,bchdfpgekliajnom
8,9,2,6330,PUSH,-1,bchdflpejgimnako,-4,-1,1
8,9,1,6331,DEL_EXPLORED,-1
8,9,2,6331,DEL_EXPLORED,1
8,9,1,6332,PUSH,4,bchdfpgekloijnam,-4,-1,1
8,9,2,6332,PUSH,-1,bchdflpejgimanko,-4,1
8,9,1,6333,DEL_CUTOFF,1
8,9,2,6333,DEL_EXPLORED,1
8,9,1,6334,DEL_CUTOFF,-1
8,9,2,6334,DEL_CUTOFF,-4
8,9,1,6335,DEL_EXPLORED,-4
8,9,2,6335,POP,-1,bchdflpejgimanko
8,9,1,6336,POP,4,bchdfpgekloijnam
8,9,2,6336,PUSH,-4,bchdflpejaimngko,-4,4,-1,1
8,9,1,6337,PUSH,-4,bchdfpaeklgijnom,-4,4,-1,1
8,9,2,6337,DEL_CUTOFF,1
8,9,1,6338,DEL_CUTOFF,1
8,9,2,6338,DEL_CUTOFF,-1
8,9,1,6339,DEL_CUTOFF,-1
8,9,2,6339,DEL_EXPLORED,4
8,9,1,6340,DEL_EXPLORED,4
8,9,2,6340,DEL_CUTOFF,-4
8,9,1,6341,DEL_CUTOFF,-4
8,9,2,6341,POP,-4,bchdflpejaimngko
8,9,1,6342,POP,-4,bchdfpaeklgijnom
8,9,2,6342,POP,-1,bchdflpejgimnako
8,9,1,6343,POP,1,bchdfpgeklaijnom
8,9,2,6343,PUSH,-4,bchdflpejgamnkio,-4,4,-1,1
8,9,1,6344,DEL_EXPLORED,-1
8,9,2,6344,PUSH,1,bchdflpejgmankio,-4,4,-1
8,9,1,6345,PUSH,4,bchdfpgeknlijaom,-4,-1,1
8,9,2,6345,DEL_EXPLORED,-1
8,9,1,6346,PUSH,1,bchdfpgeknlijoam,-4,-1,1
8,9,2,6346,DEL_CUTOFF,4
8,9,1,6347,DEL_CUTOFF,1
8,9,2,6347,DEL_CUTOFF,-4
8,9,1,6348,DEL_EXPLORED,-1
8,9,2,6348,POP,1,bchdflpejgmankio
8,9,1,6349,DEL_CUTOFF,-4
8,9,2,6349,PUSH,-1,bchdflpejagmnkio,-4,4,-1,1
8,9,1,6350,POP,1,bchdfpgeknlijoam
8,9,2,6350,DEL_EXPLORED,1
8,9,1,6351,PUSH,-1,bchdfpgeknliajom,-4,1
8,9,2,6351,DEL_CUTOFF,-1
8,9,1,6352,DEL_EXPLORED,1
8,9,2,6352,DEL_CUTOFF,4
8,9,1,6353,DEL_CUTOFF,-4
8,9,2,6353,DEL_CUTOFF,-4
8,9,1,6354,POP,-1,bchdfpgeknliajom
8,9,2,6354,POP,-1,bchdflpejagmnkio
8,9,1,6355,DEL_EXPLORED,-4
8,9,2,6355,DEL_EXPLORED,4
8,9,1,6356,POP,4,bchdfpgeknlijaom
8,9,2,6356,PUSH,-4,bchdflaejgpmnkio,-4,4,-1,1
8,9,1,6357,PUSH,-4,bchdfagekplijnom,-4,4,-1,1
8,9,2,6357,DEL_CUTOFF,1
8,9,1,6358,PUSH,1,bchdfgaekplijnom,-4,4,-1,1
8,9,2,6358,DEL_CUTOFF,-1
8,9,1,6359,DEL_CUTOFF,1
8,9,2,6359,DEL_EXPLORED,4
8,9,1,6360,DEL_EXPLORED,-1
8,9,2,6360,DEL_CUTOFF,-4
8,9,1,6361,DEL_CUTOFF,4
8,9,2,6361,POP,-4,bchdflaejgpmnkio
8,9,1,6362,DEL_CUTOFF,-4
8,9,2,6362,POP,-4,bchdflpejgamnkio
8,9,1,6363,POP,1,bchdfgaekplijnom
8,9,2,6363,POP,-1,bchdflpejgimnkao
8,9,1,6364,PUSH,-1,bchdafgekplijnom,-4,4,1
8,9,2,6364,DEL_EXPLORED,-4
8,9,1,6365,DEL_EXPLORED,1
8,9,2,6365,POP,4,bchdflpejgimnkoa
8,9,1,6366,DEL_CUTOFF,4
8,9,2,6366,PUSH,-4,bchdflpajgienkom,-4,4,-1
8,9,1,6367,DEL_CUTOFF,-4
8,9,2,6367,PUSH,-1,bchdflapjgienkom,-4,4,-1,1
8,9,1,6368,POP,-1,bchdafgekplijnom
8,9,2,6368,DEL_EXPLORED,1
8,9,1,6369,DEL_EXPLORED,4
8,9,2,6369,PUSH,-1,bchdfalpjgienkom,-4,4,-1,1
8,9,1,6370,PUSH,-4,bahdfcgekplijnom,4,-1,1
8,9,2,6370,DEL_EXPLORED,1
8,9,1,6371,DEL_CUTOFF,1
8,9,2,6371,PUSH,-1,bchdaflpjgienkom,-4,4,1
8,9,1,6372,DEL_CUTOFF,-1
8,9,2,6372,DEL_EXPLORED,1
8,9,1,6373,DEL_EXPLORED,4
8,9,2,6373,DEL_CUTOFF,4
8,9,1,6374,POP,-4,bahdfcgekplijnom
8,9,2,6374,DEL_CUTOFF,-4
8,9,1,6375,POP,-4,bchdfagekplijnom
8,9,2,6375,POP,-1,bchdaflpjgienkom
8,9,1,6376,POP,1,bchdfpgekalijnom
8,9,2,6376,PUSH,4,bchdfglpjaienkom,-4,4,-1,1
8,9,1,6377,DEL_EXPLORED,4
8,9,2,6377,DEL_CUTOFF,1
8,9,1,6378,PUSH,-4,bchdapgefklijnom,-4,4,1
8,9,2,6378,DEL_CUTOFF,-1
8,9,1,6379,PUSH,1,bchdpagefklijnom,-4,4,-1,1
8,9,2,6379,DEL_CUTOFF,4
8,9,1,6380,PUSH,1,bchdpgaefklijnom,-4,4,-1,1
8,9,2,6380,DEL_EXPLORED,-4
8,9,1,6381,DEL_CUTOFF,1
8,9,2,6381,POP,4,bchdfglpjaienkom
8,9,1,6382,DEL_EXPLORED,-1
8,9,2,6382,PUSH,-4,bahdfclpjgienkom,4,-1,1
8,9,1,6383,DEL_CUTOFF,4
8,9,2,6383,DEL_CUTOFF,1
8,9,1,6384,DEL_CUTOFF,-4
8,9,2,6384,DEL_CUTOFF,-1
8,9,1,6385,POP,1,bchdpgaefklijnom
8,9,2,6385,DEL_EXPLORED,4
8,9,1,6386,DEL_EXPLORED,-1
8,9,2,6386,POP,-4,bahdfclpjgienkom
8,9,1,6387,PUSH,4,bchdpkgefalijnom,-4,4,-1,1
8,9,2,6387,POP,-1,bchdfalpjgienkom
8,9,1,6388,DEL_CUTOFF,1
8,9,2,6388,PUSH,4,bchdflipjgaenkom,-4,4,-1,1
8,9,1,6389,DEL_CUTOFF,-1
8,9,2,6389,PUSH,1,bchdflipjgeankom,-4,4,-1
8,9,1,6390,DEL_CUTOFF,4
8,9,2,6390,DEL_EXPLORED,-1
8,9,1,6391,DEL_EXPLORED,-4
8,9,2,6391,DEL_CUTOFF,4
8,9,1,6392,POP,4,bchdpkgefalijnom
8,9,2,6392,DEL_CUTOFF,-4
8,9,1,6393,PUSH,-4,bahdpcgefklijnom,4,-1,1
8,9,2,6393,POP,1,bchdflipjgeankom
8,9,1,6394,DEL_CUTOFF,1
8,9,2,6394,PUSH,-1,bchdflipjagenkom,-4,4,-1,1
8,9,1,6395,DEL_CUTOFF,-1
8,9,2,6395,DEL_EXPLORED,1
8,9,1,6396,DEL_EXPLORED,4
8,9,2,6396,DEL_CUTOFF,-1
8,9,1,6397,POP,-4,bahdpcgefklijnom
8,9,2,6397,DEL_CUTOFF,4
8,9,1,6398,POP,1,bchdpagefklijnom
8,9,2,6398,DEL_CUTOFF,-4
8,9,1,6399,DEL_EXPLORED,4
8,9,2,6399,POP,-1,bchdflipjagenkom
8,9,1,6400,PUSH,-4,achdbpgefklijnom,4,1
8,9,2,6400,PUSH,4,bchdflipjgoenkam,-4,-1,1
8,9,1,6401,PUSH,1,cahdbpgefklijnom,4,-1,1
8,9,2,6401,DEL_CUTOFF,1
8,9,1,6402,DEL_CUTOFF,1
8,9,2,6402,DEL_CUTOFF,-1
8,9,1,6403,DEL_EXPLORED,-1
8,9,2,6403,DEL_EXPLORED,-4
8,9,1,6404,DEL_CUTOFF,4
8,9,2,6404,POP,4,bchdflipjgoenkam
8,9,1,6405,POP,1,cahdbpgefklijnom
8,9,2,6405,DEL_EXPLORED,-4
8,9,1,6406,DEL_EXPLORED,4
8,9,2,6406,POP,4,bchdflipjgaenkom
8,9,1,6407,POP,-4,achdbpgefklijnom
8,9,2,6407,PUSH,-4,bcadflhpjgienkom,4,-1,1
8,9,1,6408,POP,-4,bchdapgefklijnom
8,9,2,6408,PUSH,1,bcdaflhpjgienkom,4,-1
8,9,1,6409,POP,-4,bchdfpgeaklijnom
8,9,2,6409,DEL_EXPLORED,-1
8,9,1,6410,POP,-1,bchdfpgejklianom
8,9,2,6410,DEL_CUTOFF,4
8,9,1,6411,DEL_EXPLORED,-4
8,9,2,6411,POP,1,bcdaflhpjgienkom
8,9,1,6412,POP,4,bchdfpgejklinaom
8,9,2,6412,PUSH,-1,bacdflhpjgienkom,4,-1,1
8,9,1,6413,DEL_EXPLORED,-4
8,9,2,6413,DEL_EXPLORED,1
8,9,1,6414,POP,4,bchdfpgejalinkom
8,9,2,6414,DEL_CUTOFF,-1
8,9,1,6415,PUSH,-4,bahdfcgejplinkom,4,-1,1
8,9,2,6415,DEL_CUTOFF,4
8,9,1,6416,PUSH,1,bhadfcgejplinkom,4,-1,1
8,9,2,6416,POP,-1,bacdflhpjgienkom
8,9,1,6417,PUSH,1,bhdafcgejplinkom,4,-1
8,9,2,6417,DEL_EXPLORED,4
8,9,1,6418,DEL_EXPLORED,-1
8,9,2,6418,POP,-4,bcadflhpjgienkom
8,9,1,6419,PUSH,4,bhdefcgajplinkom,-4,4,-1
8,9,2,6419,POP,-1,bchdflapjgienkom
8,9,1,6420,PUSH,-1,bhdefcagjplinkom,-4,4,-1,1
8,9,2,6420,DEL_EXPLORED,4
8,9,1,6421,DEL_EXPLORED,1
8,9,2,6421,PUSH,-4,bchaflpdjgienkom,4,-1
8,9,1,6422,PUSH,-1,bhdefacgjplinkom,-4,4,-1,1
8,9,2,6422,PUSH,-1,bcahflpdjgienkom,4,-1,1
8,9,1,6423,DEL_EXPLORED,1
8,9,2,6423,DEL_EXPLORED,1
8,9,1,6424,PUSH,-1,bhdeafcgjplinkom,-4,4,1
8,9,2,6424,PUSH,-1,bachflpdjgienkom,4,-1,1
8,9,1,6425,DEL_EXPLORED,1
8,9,2,6425,DEL_EXPLORED,1
8,9,1,6426,DEL_CUTOFF,4
8,9,2,6426,DEL_CUTOFF,-1
8,9,1,6427,DEL_CUTOFF,-4
8,9,2,6427,DEL_CUTOFF,4
8,9,1,6428,POP,-1,bhdeafcgjplinkom
8,9,2,6428,POP,-1,bachflpdjgienkom
8,9,1,6429,PUSH,4,bhdefpcgjalinkom,-4,4,-1,1
8,9,2,6429,PUSH,4,bcphfladjgienkom,-4,4,-1,1
8,9,1,6430,DEL_CUTOFF,1
8,9,2,6430,DEL_CUTOFF,1
8,9,1,6431,DEL_CUTOFF,-1
8,9,2,6431,DEL_CUTOFF,-1
8,9,1,6432,DEL_CUTOFF,4
8,9,2,6432,DEL_CUTOFF,4
8,9,1,6433,DEL_EXPLORED,-4
8,9,2,6433,DEL_EXPLORED,-4
8,9,1,6434,POP,4,bhdefpcgjalinkom
8,9,2,6434,POP,4,bcphfladjgienkom
8,9,1,6435,PUSH,-4,badefhcgjplinkom,4,-1,1
8,9,2,6435,POP,-1,bcahflpdjgienkom
8,9,1,6436,DEL_CUTOFF,1
8,9,2,6436,DEL_EXPLORED,4
8,9,1,6437,DEL_CUTOFF,-1
8,9,2,6437,POP,-4,bchaflpdjgienkom
8,9,1,6438,DEL_EXPLORED,4
8,9,2,6438,POP,-4,bchdflpajgienkom
8,9,1,6439,POP,-4,badefhcgjplinkom
8,9,2,6439,POP,1,bchdflpejgiankom
8,9,1,6440,POP,-1,bhdefacgjplinkom
8,9,2,6440,PUSH,-1,bchdflpejaginkom,-4,4,-1,1
8,9,1,6441,PUSH,4,bhdefclgjpainkom,-4,4,-1,1
8,9,2,6441,DEL_EXPLORED,1
8,9,1,6442,PUSH,1,bhdefclgjpiankom,-4,4,-1
8,9,2,6442,PUSH,-1,bchdflpeajginkom,-4,4,1
8,9,1,6443,DEL_EXPLORED,-1
8,9,2,6443,DEL_EXPLORED,1
8,9,1,6444,DEL_CUTOFF,4
8,9,2,6444,PUSH,4,bchdflpenjgiakom,-4,1
8,9,1,6445,DEL_CUTOFF,-4
8,9,2,6445,PUSH,1,bchdflpenjgikaom,-4,-1,1
8,9,1,6446,POP,1,bhdefclgjpiankom
8,9,2,6446,PUSH,1,bchdflpenjgikoam,-4,-1,1
8,9,1,6447,PUSH,-1,bhdefclgjapinkom,-4,4,-1,1
8,9,2,6447,DEL_CUTOFF,1
8,9,1,6448,DEL_EXPLORED,1
8,9,2,6448,DEL_EXPLORED,-1
8,9,1,6449,DEL_CUTOFF,-1
8,9,2,6449,DEL_CUTOFF,-4
8,9,1,6450,DEL_CUTOFF,4
8,9,2,6450,POP,1,bchdflpenjgikoam
8,9,1,6451,DEL_CUTOFF,-4
8,9,2,6451,DEL_EXPLORED,-1
8,9,1,6452,POP,-1,bhdefclgjapinkom
8,9,2,6452,PUSH,-4,bchdflpenagikjom,-4,4,-1,1
8,9,1,6453,PUSH,4,bhdefclgjpoinkam,-4,-1,1
8,9,2,6453,DEL_CUTOFF,1
8,9,1,6454,DEL_CUTOFF,1
8,9,2,6454,DEL_CUTOFF,-1
8,9,1,6455,DEL_CUTOFF,-1
8,9,2,6455,DEL_EXPLORED,4
8,9,1,6456,DEL_EXPLORED,-4
8,9,2,6456,DEL_CUTOFF,-4
8,9,1,6457,POP,4,bhdefclgjpoinkam
8,9,2,6457,POP,-4,bchdflpenagikjom
8,9,1,6458,DEL_EXPLORED,-4
8,9,2,6458,POP,1,bchdflpenjgikaom
8,9,1,6459,POP,4,bhdefclgjpainkom
8,9,2,6459,DEL_EXPLORED,-4
8,9,1,6460,PUSH,-4,bhaefcdgjplinkom,4,-1,1
8,9,2,6460,POP,4,bchdflpenjgiakom
8,9,1,6461,PUSH,1,bheafcdgjplinkom,4,-1
8,9,2,6461,PUSH,-4,bchdalpefjginkom,-4,4,1
8,9,1,6462,DEL_EXPLORED,-1
8,9,2,6462,PUSH,1,bchdlapefjginkom,-4,4,-1,1
8,9,1,6463,DEL_CUTOFF,4
8,9,2,6463,PUSH,1,bchdlpaefjginkom,-4,4,-1,1
8,9,1,6464,POP,1,bheafcdgjplinkom
8,9,2,6464,DEL_CUTOFF,1
8,9,1,6465,PUSH,-1,bahefcdgjplinkom,4,-1,1
8,9,2,6465,DEL_EXPLORED,-1
8,9,1,6466,DEL_EXPLORED,1
8,9,2,6466,DEL_CUTOFF,4
8,9,1,6467,DEL_CUTOFF,-1
8,9,2,6467,DEL_CUTOFF,-4
8,9,1,6468,DEL_CUTOFF,4
8,9,2,6468,POP,1,bchdlpaefjginkom
8,9,1,6469,POP,-1,bahefcdgjplinkom
8,9,2,6469,DEL_EXPLORED,-1
8,9,1,6470,DEL_EXPLORED,4
8,9,2,6470,PUSH,4,bchdljpefaginkom,-4,4,-1,1
8,9,1,6471,POP,-4,bhaefcdgjplinkom
8,9,2,6471,DEL_CUTOFF,1
8,9,1,6472,POP,-1,bhdefcagjplinkom
8,9,2,6472,DEL_CUTOFF,-1
8,9,1,6473,PUSH,4,bhdefcgijplankom,-4,4,-1
8,9,2,6473,DEL_CUTOFF,4
8,9,1,6474,PUSH,-1,bhdefcgijpalnkom,-4,4,-1,1
8,9,2,6474,DEL_EXPLORED,-4
8,9,1,6475,DEL_EXPLORED,1
8,9,2,6475,POP,4,bchdljpefaginkom
8,9,1,6476,PUSH,-1,bhdefcgijaplnkom,-4,4,-1,1
8,9,2,6476,PUSH,-4,bahdlcpefjginkom,4,-1,1
8,9,1,6477,DEL_EXPLORED,1
8,9,2,6477,DEL_CUTOFF,1
8,9,1,6478,DEL_CUTOFF,-1
8,9,2,6478,DEL_CUTOFF,-1
8,9,1,6479,DEL_CUTOFF,4
8,9,2,6479,DEL_EXPLORED,4
8,9,1,6480,DEL_CUTOFF,-4
8,9,2,6480,POP,-4,bahdlcpefjginkom
8,9,1,6481,POP,-1,bhdefcgijaplnkom
8,9,2,6481,POP,1,bchdlapefjginkom
8,9,1,6482,PUSH,4,bhdefcgijpolnkam,-4,-1,1
8,9,2,6482,DEL_EXPLORED,4
8,9,1,6483,DEL_CUTOFF,1
8,9,2,6483,PUSH,-4,achdblpefjginkom,4,1
8,9,1,6484,DEL_CUTOFF,-1
8,9,2,6484,PUSH,1,cahdblpefjginkom,4,-1,1
8,9,1,6485,DEL_EXPLORED,-4
8,9,2,6485,DEL_CUTOFF,1
8,9,1,6486,POP,4,bhdefcgijpolnkam
8,9,2,6486,DEL_EXPLORED,-1
8,9,1,6487,PUSH,-4,bhdefcaijpglnkom,-4,4,-1,1
8,9,2,6487,DEL_CUTOFF,4
8,9,1,6488,DEL_CUTOFF,1
8,9,2,6488,POP,1,cahdblpefjginkom
8,9,1,6489,DEL_CUTOFF,-1
8,9,2,6489,DEL_EXPLORED,4
8,9,1,6490,DEL_EXPLORED,4
8,9,2,6490,POP,-4,achdblpefjginkom
8,9,1,6491,DEL_CUTOFF,-4
8,9,2,6491,POP,-4,bchdalpefjginkom
8,9,1,6492,POP,-4,bhdefcaijpglnkom
8,9,2,6492,POP,-1,bchdflpeajginkom
8,9,1,6493,POP,-1,bhdefcgijpalnkom
8,9,2,6493,PUSH,4,bchdflpejkginaom,-4,-1,1
8,9,1,6494,PUSH,4,bhdefcgijplmnkoa,-4,-1
8,9,2,6494,PUSH,1,bchdflpejkginoam,-4,-1,1
8,9,1,6495,PUSH,-1,bhdefcgijplmnkao,-4,-1,1
8,9,2,6495,PUSH,1,bchdflpejkginoma,-4,-1
8,9,1,6496,DEL_EXPLORED,1
8,9,2,6496,DEL_EXPLORED,-1
8,9,1,6497,DEL_CUTOFF,-1
8,9,2,6497,PUSH,-4,bchdflpejkganomi,-4,4,-1
8,9,1,6498,DEL_CUTOFF,-4
8,9,2,6498,DEL_CUTOFF,-1
8,9,1,6499,POP,-1,bhdefcgijplmnkao
8,9,2,6499,DEL_EXPLORED,4
8,9,1,6500,DEL_EXPLORED,-4
8,9,2,6500,DEL_CUTOFF,-4
8,9,1,6501,POP,4,bhdefcgijplmnkoa
8,9,2,6501,POP,-4,bchdflpejkganomi
8,9,1,6502,DEL_EXPLORED,-4
8,9,2,6502,POP,1,bchdflpejkginoma
8,9,1,6503,POP,4,bhdefcgijplankom
8,9,2,6503,DEL_EXPLORED,-1
8,9,1,6504,DEL_EXPLORED,-4
8,9,2,6504,PUSH,-4,bchdflpejkainogm,-4,4,-1,1
8,9,1,6505,POP,4,bhdefcgajplinkom
8,9,2,6505,PUSH,1,bchdflpejkianogm,-4,4,-1
8,9,1,6506,POP,1,bhdafcgejplinkom
8,9,2,6506,DEL_EXPLORED,-1
8,9,1,6507,DEL_EXPLORED,-1
8,9,2,6507,DEL_CUTOFF,4
8,9,1,6508,PUSH,4,bhgdfcaejplinkom,-4,4,-1,1
8,9,2,6508,DEL_CUTOFF,-4
8,9,1,6509,PUSH,1,bhgdfceajplinkom,-4,4,-1
8,9,2,6509,POP,1,bchdflpejkianogm
8,9,1,6510,DEL_EXPLORED,-1
8,9,2,6510,PUSH,-1,bchdflpejakinogm,-4,4,-1,1
8,9,1,6511,PUSH,4,bhgdfceijplankom,-4,4,-1
8,9,2,6511,DEL_EXPLORED,1
8,9,1,6512,PUSH,-1,bhgdfceijpalnkom,-4,4,-1,1
8,9,2,6512,DEL_CUTOFF,-1
8,9,1,6513,DEL_EXPLORED,1
8,9,2,6513,DEL_CUTOFF,4
8,9,1,6514,PUSH,-1,bhgdfceijaplnkom,-4,4,-1,1
8,9,2,6514,DEL_CUTOFF,-4
8,9,1,6515,DEL_EXPLORED,1
8,9,2,6515,POP,-1,bchdflpejakinogm
8,9,1,6516,DEL_CUTOFF,-1
8,9,2,6516,DEL_EXPLORED,4
8,9,1,6517,DEL_CUTOFF,4
8,9,2,6517,PUSH,-4,bchdflaejkpinogm,-4,4,-1,1
8,9,1,6518,DEL_CUTOFF,-4
8,9,2,6518,DEL_CUTOFF,1
8,9,1,6519,POP,-1,bhgdfceijaplnkom
8,9,2,6519,DEL_CUTOFF,-1
8,9,1,6520,PUSH,4,bhgdfceijpolnkam,-4,-1,1
8,9,2,6520,DEL_EXPLORED,4
8,9,1,6521,DEL_CUTOFF,1
8,9,2,6521,DEL_CUTOFF,-4
8,9,1,6522,DEL_CUTOFF,-1
8,9,2,6522,POP,-4,bchdflaejkpinogm
8,9,1,6523,DEL_EXPLORED,-4
8,9,2,6523,POP,-4,bchdflpejkainogm
8,9,1,6524,POP,4,bhgdfceijpolnkam
8,9,2,6524,POP,1,bchdflpejkginoam
8,9,1,6525,PUSH,-4,bhgdfcaijpelnkom,-4,4,-1,1
8,9,2,6525,PUSH,-1,bchdflpejkgianom,-4,1
8,9,1,6526,DEL_CUTOFF,1
8,9,2,6526,DEL_EXPLORED,1
8,9,1,6527,DEL_CUTOFF,-1
8,9,2,6527,PUSH,-4,bchdflpeakgijnom,-4,4,1
8,9,1,6528,DEL_EXPLORED,4
8,9,2,6528,PUSH,1,bchdflpekagijnom,-4,4,-1,1
8,9,1,6529,DEL_CUTOFF,-4
8,9,2,6529,DEL_CUTOFF,1
8,9,1,6530,POP,-4,bhgdfcaijpelnkom
8,9,2,6530,DEL_EXPLORED,-1
8,9,1,6531,POP,-1,bhgdfceijpalnkom
8,9,2,6531,DEL_CUTOFF,4
8,9,1,6532,PUSH,4,bhgdfceijplmnkoa,-4,-1
8,9,2,6532,DEL_CUTOFF,-4
8,9,1,6533,PUSH,-1,bhgdfceijplmnkao,-4,-1,1
8,9,2,6533,POP,1,bchdflpekagijnom
8,9,1,6534,DEL_EXPLORED,1
8,9,2,6534,DEL_EXPLORED,4
8,9,1,6535,DEL_CUTOFF,-1
8,9,2,6535,PUSH,-4,bchdalpefkgijnom,-4,4,1
8,9,1,6536,DEL_CUTOFF,-4
8,9,2,6536,DEL_CUTOFF,1
8,9,1,6537,POP,-1,bhgdfceijplmnkao
8,9,2,6537,DEL_EXPLORED,4
8,9,1,6538,DEL_EXPLORED,-4
8,9,2,6538,DEL_CUTOFF,-4
8,9,1,6539,POP,4,bhgdfceijplmnkoa
8,9,2,6539,POP,-4,bchdalpefkgijnom
8,9,1,6540,DEL_EXPLORED,-4
8,9,2,6540,POP,-4,bchdflpeakgijnom
8,9,1,6541,POP,4,bhgdfceijplankom
8,9,2,6541,POP,-1,bchdflpejkgianom
8,9,1,6542,PUSH,-4,bhgafcedjplinkom,4,-1
8,9,2,6542,DEL_EXPLORED,-4
8,9,1,6543,PUSH,-1,bhagfcedjplinkom,4,-1,1
8,9,2,6543,POP,4,bchdflpejkginaom
8,9,1,6544,DEL_EXPLORED,1
8,9,2,6544,PUSH,-4,bchdfapejlginkom,-4,4,-1,1
8,9,1,6545,PUSH,-1,bahgfcedjplinkom,4,-1,1
8,9,2,6545,PUSH,1,bchdfpaejlginkom,-4,4,-1,1
8,9,1,6546,DEL_EXPLORED,1
8,9,2,6546,PUSH,1,bchdfpeajlginkom,-4,4,-1
8,9,1,6547,DEL_CUTOFF,-1
8,9,2,6547,DEL_EXPLORED,-1
8,9,1,6548,DEL_CUTOFF,4
8,9,2,6548,PUSH,4,bchdfpeijlgankom,-4,4,-1
8,9,1,6549,POP,-1,bahgfcedjplinkom
8,9,2,6549,DEL_CUTOFF,-1
8,9,1,6550,PUSH,4,bhegfcadjplinkom,-4,4,-1,1
8,9,2,6550,DEL_CUTOFF,4
8,9,1,6551,DEL_CUTOFF,1
8,9,2,6551,DEL_EXPLORED,-4
8,9,1,6552,DEL_CUTOFF,-1
8,9,2,6552,POP,4,bchdfpeijlgankom
8,9,1,6553,DEL_CUTOFF,4
8,9,2,6553,PUSH,-4,bchafpedjlginkom,4,-1
8,9,1,6554,DEL_EXPLORED,-4
8,9,2,6554,DEL_CUTOFF,-1
8,9,1,6555,POP,4,bhegfcadjplinkom
8,9,2,6555,DEL_EXPLORED,4
8,9,1,6556,POP,-1,bhagfcedjplinkom
8,9,2,6556,POP,-4,bchafpedjlginkom
8,9,1,6557,DEL_EXPLORED,4
8,9,2,6557,POP,1,bchdfpeajlginkom
8,9,1,6558,POP,-4,bhgafcedjplinkom
8,9,2,6558,DEL_EXPLORED,-1
8,9,1,6559,POP,1,bhgdfceajplinkom
8,9,2,6559,PUSH,4,bchdfpgejlainkom,-4,4,-1,1
8,9,1,6560,PUSH,-1,bhgdfacejplinkom,-4,4,-1,1
8,9,2,6560,PUSH,1,bchdfpgejliankom,-4,4,-1
8,9,1,6561,DEL_EXPLORED,1
8,9,2,6561,DEL_EXPLORED,-1
8,9,1,6562,PUSH,-1,bhgdafcejplinkom,-4,4,1
8,9,2,6562,DEL_CUTOFF,4
8,9,1,6563,DEL_EXPLORED,1
8,9,2,6563,DEL_CUTOFF,-4
8,9,1,6564,PUSH,4,bhgdjfceaplinkom,-4,4,1
8,9,2,6564,POP,1,bchdfpgejliankom
8,9,1,6565,PUSH,1,bhgdjfcepalinkom,-4,4,-1,1
8,9,2,6565,PUSH,-1,bchdfpgejalinkom,-4,4,-1,1
8,9,1,6566,DEL_CUTOFF,1
8,9,2,6566,DEL_EXPLORED,1
8,9,1,6567,DEL_EXPLORED,-1
8,9,2,6567,DEL_CUTOFF,-1
8,9,1,6568,DEL_CUTOFF,4
8,9,2,6568,DEL_CUTOFF,4
8,9,1,6569,DEL_CUTOFF,-4
8,9,2,6569,DEL_CUTOFF,-4
8,9,1,6570,POP,1,bhgdjfcepalinkom
8,9,2,6570,POP,-1,bchdfpgejalinkom
8,9,1,6571,PUSH,4,bhgdjfcenpliakom,-4,1
8,9,2,6571,PUSH,4,bchdfpgejloinkam,-4,-1,1
8,9,1,6572,DEL_CUTOFF,1
8,9,2,6572,DEL_CUTOFF,1
8,9,1,6573,DEL_EXPLORED,-4
8,9,2,6573,DEL_CUTOFF,-1
8,9,1,6574,POP,4,bhgdjfcenpliakom
8,9,2,6574,DEL_EXPLORED,-4
8,9,1,6575,DEL_EXPLORED,-4
8,9,2,6575,POP,4,bchdfpgejloinkam
8,9,1,6576,POP,4,bhgdjfceaplinkom
8,9,2,6576,DEL_EXPLORED,-4
8,9,1,6577,PUSH,-4,ahgdbfcejplinkom,4,1
8,9,2,6577,POP,4,bchdfpgejlainkom
8,9,1,6578,PUSH,1,hagdbfcejplinkom,4,-1,1
8,9,2,6578,PUSH,-4,bcadfphejlginkom,4,-1,1
8,9,1,6579,DEL_CUTOFF,1
8,9,2,6579,PUSH,1,bcdafphejlginkom,4,-1
8,9,1,6580,DEL_EXPLORED,-1
8,9,2,6580,DEL_EXPLORED,-1
8,9,1,6581,DEL_CUTOFF,4
8,9,2,6581,DEL_CUTOFF,4
8,9,1,6582,POP,1,hagdbfcejplinkom
8,9,2,6582,POP,1,bcdafphejlginkom
8,9,1,6583,DEL_EXPLORED,4
8,9,2,6583,PUSH,-1,bacdfphejlginkom,4,-1,1
8,9,1,6584,POP,-4,ahgdbfcejplinkom
8,9,2,6584,DEL_EXPLORED,1
8,9,1,6585,POP,-1,bhgdafcejplinkom
8,9,2,6585,DEL_CUTOFF,-1
8,9,1,6586,PUSH,4,bhgdfpcejalinkom,-4,4,-1,1
8,9,2,6586,DEL_CUTOFF,4
8,9,1,6587,PUSH,1,bhgdfpcejlainkom,-4,4,-1,1
8,9,2,6587,POP,-1,bacdfphejlginkom
8,9,1,6588,PUSH,1,bhgdfpcejliankom,-4,4,-1
8,9,2,6588,DEL_EXPLORED,4
8,9,1,6589,DEL_EXPLORED,-1
8,9,2,6589,POP,-4,bcadfphejlginkom
8,9,1,6590,DEL_CUTOFF,4
8,9,2,6590,POP,1,bchdfpaejlginkom
8,9,1,6591,DEL_CUTOFF,-4
8,9,2,6591,PUSH,-1,bchdafpejlginkom,-4,4,1
8,9,1,6592,POP,1,bhgdfpcejliankom
8,9,2,6592,DEL_EXPLORED,1
8,9,1,6593,DEL_EXPLORED,-1
8,9,2,6593,PUSH,4,bchdjfpealginkom,-4,4,1
8,9,1,6594,PUSH,4,bhgdfpcejloinkam,-4,-1,1
8,9,2,6594,PUSH,1,bchdjfpelaginkom,-4,4,-1,1
8,9,1,6595,DEL_CUTOFF,1
8,9,2,6595,DEL_CUTOFF,1
8,9,1,6596,DEL_CUTOFF,-1
8,9,2,6596,DEL_EXPLORED,-1
8,9,1,6597,DEL_EXPLORED,-4
8,9,2,6597,DEL_CUTOFF,4
8,9,1,6598,POP,4,bhgdfpcejloinkam
8,9,2,6598,DEL_CUTOFF,-4
8,9,1,6599,PUSH,-4,bhgdfpaejlcinkom,-4,4,-1,1
8,9,2,6599,POP,1,bchdjfpelaginkom
8,9,1,6600,DEL_CUTOFF,1
8,9,2,6600,PUSH,4,bchdjfpenlgiakom,-4,1
8,9,1,6601,DEL_CUTOFF,-1
8,9,2,6601,DEL_CUTOFF,1
8,9,1,6602,DEL_EXPLORED,4
8,9,2,6602,DEL_EXPLORED,-4
8,9,1,6603,DEL_CUTOFF,-4
8,9,2,6603,POP,4,bchdjfpenlgiakom
8,9,1,6604,POP,-4,bhgdfpaejlcinkom
8,9,2,6604,DEL_EXPLORED,-4
8,9,1,6605,POP,1,bhgdfpcejlainkom
8,9,2,6605,POP,4,bchdjfpealginkom
8,9,1,6606,PUSH,-1,bhgdfpceajlinkom,-4,4,1
8,9,2,6606,PUSH,-4,achdbfpejlginkom,4,1
8,9,1,6607,DEL_EXPLORED,1
8,9,2,6607,PUSH,1,cahdbfpejlginkom,4,-1,1
8,9,1,6608,PUSH,4,bhgdfpcenjliakom,-4,1
8,9,2,6608,DEL_CUTOFF,1
8,9,1,6609,DEL_CUTOFF,1
8,9,2,6609,DEL_EXPLORED,-1
8,9,1,6610,DEL_EXPLORED,-4
8,9,2,6610,DEL_CUTOFF,4
8,9,1,6611,POP,4,bhgdfpcenjliakom
8,9,2,6611,POP,1,cahdbfpejlginkom
8,9,1,6612,PUSH,-4,bhgdapcefjlinkom,-4,4,1
8,9,2,6612,DEL_EXPLORED,4
8,9,1,6613,DEL_CUTOFF,1
8,9,2,6613,POP,-4,achdbfpejlginkom
8,9,1,6614,DEL_EXPLORED,4
8,9,2,6614,POP,-1,bchdafpejlginkom
8,9,1,6615,DEL_CUTOFF,-4
8,9,2,6615,DEL_EXPLORED,4
8,9,1,6616,POP,-4,bhgdapcefjlinkom
8,9,2,6616,PUSH,-4,bahdfcpejlginkom,4,-1,1
8,9,1,6617,POP,-1,bhgdfpceajlinkom
8,9,2,6617,PUSH,1,bhadfcpejlginkom,4,-1,1
8,9,1,6618,PUSH,4,bhgdfpcejklinaom,-4,-1,1
8,9,2,6618,PUSH,1,bhdafcpejlginkom,4,-1
8,9,1,6619,PUSH,1,bhgdfpcejklinoam,-4,-1,1
8,9,2,6619,DEL_EXPLORED,-1
8,9,1,6620,DEL_CUTOFF,1
8,9,2,6620,DEL_CUTOFF,4
8,9,1,6621,DEL_EXPLORED,-1
8,9,2,6621,POP,1,bhdafcpejlginkom
8,9,1,6622,DEL_CUTOFF,-4
8,9,2,6622,DEL_EXPLORED,-1
8,9,1,6623,POP,1,bhgdfpcejklinoam
8,9,2,6623,PUSH,4,bhpdfcaejlginkom,-4,4,-1,1
8,9,1,6624,PUSH,-1,bhgdfpcejklianom,-4,1
8,9,2,6624,DEL_CUTOFF,1
8,9,1,6625,DEL_EXPLORED,1
8,9,2,6625,DEL_CUTOFF,-1
8,9,1,6626,DEL_CUTOFF,-4
8,9,2,6626,DEL_CUTOFF,4
8,9,1,6627,POP,-1,bhgdfpcejklianom
8,9,2,6627,DEL_EXPLORED,-4
8,9,1,6628,DEL_EXPLORED,-4
8,9,2,6628,POP,4,bhpdfcaejlginkom
8,9,1,6629,POP,4,bhgdfpcejklinaom
8,9,2,6629,POP,1,bhadfcpejlginkom
8,9,1,6630,DEL_EXPLORED,-4
8,9,2,6630,PUSH,-1,abhdfcpejlginkom,4,1
8,9,1,6631,POP,4,bhgdfpcejalinkom
8,9,2,6631,DEL_EXPLORED,1
8,9,1,6632,PUSH,-4,bagdfhcejplinkom,4,-1,1
8,9,2,6632,PUSH,4,fbhdacpejlginkom,-4,4,1
8,9,1,6633,PUSH,1,bgadfhcejplinkom,4,-1,1
8,9,2,6633,DEL_CUTOFF,1
8,9,1,6634,PUSH,1,bgdafhcejplinkom,4,-1
8,9,2,6634,DEL_CUTOFF,4
8,9,1,6635,DEL_EXPLORED,-1
8,9,2,6635,DEL_EXPLORED,-4
8,9,1,6636,DEL_CUTOFF,4
8,9,2,6636,POP,4,fbhdacpejlginkom
8,9,1,6637,POP,1,bgdafhcejplinkom
8,9,2,6637,POP,-1,abhdfcpejlginkom
8,9,1,6638,DEL_EXPLORED,-1
8,9,2,6638,DEL_EXPLORED,4
8,9,1,6639,PUSH,4,bgcdfhaejplinkom,-4,4,-1,1
8,9,2,6639,POP,-4,bahdfcpejlginkom
8,9,1,6640,DEL_CUTOFF,1
8,9,2,6640,POP,-4,bchdfapejlginkom
8,9,1,6641,DEL_CUTOFF,-1
8,9,2,6641,POP,-1,bchdflpejaginkom
8,9,1,6642,DEL_CUTOFF,4
8,9,2,6642,PUSH,4,bchdflpejgoinkam,-4,-1,1
8,9,1,6643,DEL_EXPLORED,-4
8,9,2,6643,PUSH,1,bchdflpejgoinkma,-4,-1
8,9,1,6644,POP,4,bgcdfhaejplinkom
8,9,2,6644,DEL_EXPLORED,-1
8,9,1,6645,POP,1,bgadfhcejplinkom
8,9,2,6645,PUSH,-4,bchdflpejgoankmi,-4,4,-1
8,9,1,6646,PUSH,-1,abgdfhcejplinkom,4,1
8,9,2,6646,PUSH,-1,bchdflpejgaonkmi,-4,4,-1,1
8,9,1,6647,DEL_EXPLORED,1
8,9,2,6647,DEL_EXPLORED,1
8,9,1,6648,PUSH,4,fbgdahcejplinkom,-4,4,1
8,9,2,6648,PUSH,-1,bchdflpejagonkmi,-4,4,-1,1
8,9,1,6649,DEL_CUTOFF,1
8,9,2,6649,DEL_EXPLORED,1
8,9,1,6650,DEL_CUTOFF,4
8,9,2,6650,DEL_CUTOFF,-1
8,9,1,6651,DEL_EXPLORED,-4
8,9,2,6651,DEL_CUTOFF,4
8,9,1,6652,POP,4,fbgdahcejplinkom
8,9,2,6652,DEL_CUTOFF,-4
8,9,1,6653,POP,-1,abgdfhcejplinkom
8,9,2,6653,POP,-1,bchdflpejagonkmi
8,9,1,6654,DEL_EXPLORED,4
8,9,2,6654,PUSH,4,bchdflpejgmonkai,-4,-1,1
8,9,1,6655,POP,-4,bagdfhcejplinkom
8,9,2,6655,DEL_CUTOFF,1
8,9,1,6656,POP,-1,bhgdfacejplinkom
8,9,2,6656,DEL_CUTOFF,-1
8,9,1,6657,PUSH,4,bhgdfclejpainkom,-4,4,-1,1
8,9,2,6657,DEL_EXPLORED,-4
8,9,1,6658,PUSH,1,bhgdfclejpiankom,-4,4,-1
8,9,2,6658,POP,4,bchdflpejgmonkai
8,9,1,6659,DEL_EXPLORED,-1
8,9,2,6659,PUSH,-4,bchdflaejgponkmi,-4,4,-1,1
8,9,1,6660,PUSH,4,bhgdfclejpimnkoa,-4,-1
8,9,2,6660,DEL_CUTOFF,1
8,9,1,6661,PUSH,-1,bhgdfclejpimnkao,-4,-1,1
8,9,2,6661,DEL_CUTOFF,-1
8,9,1,6662,DEL_EXPLORED,1
8,9,2,6662,DEL_EXPLORED,4
8,9,1,6663,DEL_CUTOFF,-1
8,9,2,6663,DEL_CUTOFF,-4
8,9,1,6664,DEL_CUTOFF,-4
8,9,2,6664,POP,-4,bchdflaejgponkmi
8,9,1,6665,POP,-1,bhgdfclejpimnkao
8,9,2,6665,POP,-1,bchdflpejgaonkmi
8,9,1,6666,DEL_EXPLORED,-4
8,9,2,6666,DEL_EXPLORED,4
8,9,1,6667,POP,4,bhgdfclejpimnkoa
8,9,2,6667,PUSH,-4,bchdflpajgoenkmi,-4,4,-1
8,9,1,6668,PUSH,-4,bhgdfclajpienkom,-4,4,-1
8,9,2,6668,PUSH,-1,bchdflapjgoenkmi,-4,4,-1,1
8,9,1,6669,PUSH,-1,bhgdfcaljpienkom,-4,4,-1,1
8,9,2,6669,DEL_EXPLORED,1
8,9,1,6670,DEL_EXPLORED,1
8,9,2,6670,DEL_CUTOFF,-1
8,9,1,6671,DEL_CUTOFF,-1
8,9,2,6671,DEL_CUTOFF,4
8,9,1,6672,DEL_CUTOFF,4
8,9,2,6672,DEL_CUTOFF,-4
8,9,1,6673,DEL_CUTOFF,-4
8,9,2,6673,POP,-1,bchdflapjgoenkmi
8,9,1,6674,POP,-1,bhgdfcaljpienkom
8,9,2,6674,DEL_EXPLORED,4
8,9,1,6675,DEL_EXPLORED,4
8,9,2,6675,PUSH,-4,bchaflpdjgoenkmi,4,-1
8,9,1,6676,PUSH,-4,bhgafcldjpienkom,4,-1
8,9,2,6676,DEL_CUTOFF,-1
8,9,1,6677,DEL_CUTOFF,-1
8,9,2,6677,DEL_EXPLORED,4
8,9,1,6678,DEL_EXPLORED,4
8,9,2,6678,POP,-4,bchaflpdjgoenkmi
8,9,1,6679,POP,-4,bhgafcldjpienkom
8,9,2,6679,POP,-4,bchdflpajgoenkmi
8,9,1,6680,POP,-4,bhgdfclajpienkom
8,9,2,6680,POP,-4,bchdflpejgoankmi
8,9,1,6681,POP,1,bhgdfclejpiankom
8,9,2,6681,POP,1,bchdflpejgoinkma
8,9,1,6682,PUSH,-1,bhgdfclejapinkom,-4,4,-1,1
8,9,2,6682,PUSH,-1,bchdflpejgoinakm,-4,-1,1
8,9,1,6683,DEL_EXPLORED,1
8,9,2,6683,DEL_EXPLORED,1
8,9,1,6684,PUSH,-1,bhgdfcleajpinkom,-4,4,1
8,9,2,6684,PUSH,-1,bchdflpejgoiankm,-4,1
8,9,1,6685,DEL_EXPLORED,1
8,9,2,6685,DEL_EXPLORED,1
8,9,1,6686,PUSH,4,bhgdfclenjpiakom,-4,1
8,9,2,6686,PUSH,-4,bchdflpeagoijnkm,-4,4,1
8,9,1,6687,DEL_CUTOFF,1
8,9,2,6687,PUSH,1,bchdflpegaoijnkm,-4,4,-1,1
8,9,1,6688,DEL_EXPLORED,-4
8,9,2,6688,DEL_CUTOFF,1
8,9,1,6689,POP,4,bhgdfclenjpiakom
8,9,2,6689,DEL_EXPLORED,-1
8,9,1,6690,PUSH,-4,bhgdaclefjpinkom,-4,4,1
8,9,2,6690,DEL_CUTOFF,4
8,9,1,6691,DEL_CUTOFF,1
8,9,2,6691,DEL_CUTOFF,-4
8,9,1,6692,DEL_EXPLORED,4
8,9,2,6692,POP,1,bchdflpegaoijnkm
8,9,1,6693,DEL_CUTOFF,-4
8,9,2,6693,DEL_EXPLORED,4
8,9,1,6694,POP,-4,bhgdaclefjpinkom
8,9,2,6694,PUSH,-4,bchdalpefgoijnkm,-4,4,1
8,9,1,6695,POP,-1,bhgdfcleajpinkom
8,9,2,6695,DEL_CUTOFF,1
8,9,1,6696,PUSH,4,bhgdfclejkpinaom,-4,-1,1
8,9,2,6696,DEL_EXPLORED,4
8,9,1,6697,PUSH,1,bhgdfclejkpinoam,-4,-1,1
8,9,2,6697,DEL_CUTOFF,-4
8,9,1,6698,DEL_CUTOFF,1
8,9,2,6698,POP,-4,bchdalpefgoijnkm
8,9,1,6699,DEL_EXPLORED,-1
8,9,2,6699,POP,-4,bchdflpeagoijnkm
8,9,1,6700,DEL_CUTOFF,-4
8,9,2,6700,POP,-1,bchdflpejgoiankm
8,9,1,6701,POP,1,bhgdfclejkpinoam
8,9,2,6701,PUSH,-4,bchdflpejaoingkm,-4,4,-1,1
8,9,1,6702,PUSH,-1,bhgdfclejkpianom,-4,1
8,9,2,6702,PUSH,1,bchdflpejoaingkm,-4,4,-1,1
8,9,1,6703,DEL_EXPLORED,1
8,9,2,6703,PUSH,1,bchdflpejoiangkm,-4,4,-1
8,9,1,6704,DEL_CUTOFF,-4
8,9,2,6704,DEL_EXPLORED,-1
8,9,1,6705,POP,-1,bhgdfclejkpianom
8,9,2,6705,DEL_CUTOFF,4
8,9,1,6706,DEL_EXPLORED,-4
8,9,2,6706,DEL_CUTOFF,-4
8,9,1,6707,POP,4,bhgdfclejkpinaom
8,9,2,6707,POP,1,bchdflpejoiangkm
8,9,1,6708,PUSH,-4,bhgdfalejcpinkom,-4,4,-1,1
8,9,2,6708,DEL_EXPLORED,-1
8,9,1,6709,PUSH,1,bhgdflaejcpinkom,-4,4,-1,1
8,9,2,6709,PUSH,4,bchdflpejokingam,-4,-1,1
8,9,1,6710,DEL_CUTOFF,1
8,9,2,6710,DEL_CUTOFF,1
8,9,1,6711,DEL_EXPLORED,-1
8,9,2,6711,DEL_CUTOFF,-1
8,9,1,6712,DEL_CUTOFF,4
8,9,2,6712,DEL_EXPLORED,-4
8,9,1,6713,DEL_CUTOFF,-4
8,9,2,6713,POP,4,bchdflpejokingam
8,9,1,6714,POP,1,bhgdflaejcpinkom
8,9,2,6714,PUSH,-4,bchdflaejopingkm,-4,4,-1,1
8,9,1,6715,PUSH,-1,bhgdaflejcpinkom,-4,4,1
8,9,2,6715,DEL_CUTOFF,1
8,9,1,6716,DEL_EXPLORED,1
8,9,2,6716,DEL_CUTOFF,-1
8,9,1,6717,DEL_CUTOFF,4
8,9,2,6717,DEL_EXPLORED,4
8,9,1,6718,DEL_CUTOFF,-4
8,9,2,6718,DEL_CUTOFF,-4
8,9,1,6719,POP,-1,bhgdaflejcpinkom
8,9,2,6719,POP,-4,bchdflaejopingkm
8,9,1,6720,DEL_EXPLORED,4
8,9,2,6720,POP,1,bchdflpejoaingkm
8,9,1,6721,PUSH,-4,bagdfhlejcpinkom,4,-1,1
8,9,2,6721,PUSH,-1,bchdflpeajoingkm,-4,4,1
8,9,1,6722,DEL_CUTOFF,1
8,9,2,6722,DEL_EXPLORED,1
8,9,1,6723,DEL_CUTOFF,-1
8,9,2,6723,PUSH,4,bchdflpenjoiagkm,-4,1
8,9,1,6724,DEL_EXPLORED,4
8,9,2,6724,DEL_CUTOFF,1
8,9,1,6725,POP,-4,bagdfhlejcpinkom
8,9,2,6725,DEL_EXPLORED,-4
8,9,1,6726,POP,-4,bhgdfalejcpinkom
8,9,2,6726,POP,4,bchdflpenjoiagkm
8,9,1,6727,POP,-1,bhgdfclejapinkom
8,9,2,6727,PUSH,-4,bchdalpefjoingkm,-4,4,1
8,9,1,6728,PUSH,4,bhgdfclejpoinkam,-4,-1,1
8,9,2,6728,DEL_CUTOFF,1
8,9,1,6729,PUSH,1,bhgdfclejpoinkma,-4,-1
8,9,2,6729,DEL_EXPLORED,4
8,9,1,6730,DEL_EXPLORED,-1
8,9,2,6730,DEL_CUTOFF,-4
8,9,1,6731,PUSH,-4,bhgdfclejpoankmi,-4,4,-1
8,9,2,6731,POP,-4,bchdalpefjoingkm
8,9,1,6732,DEL_CUTOFF,-1
8,9,2,6732,POP,-1,bchdflpeajoingkm
8,9,1,6733,DEL_EXPLORED,4
8,9,2,6733,DEL_EXPLORED,4
8,9,1,6734,DEL_CUTOFF,-4
8,9,2,6734,PUSH,-4,bchdfapejloingkm,-4,4,-1,1
8,9,1,6735,POP,-4,bhgdfclejpoankmi
8,9,2,6735,PUSH,1,bchdfpaejloingkm,-4,4,-1,1
8,9,1,6736,POP,1,bhgdfclejpoinkma
8,9,2,6736,DEL_CUTOFF,1
8,9,1,6737,PUSH,-1,bhgdfclejpoinakm,-4,-1,1
8,9,2,6737,DEL_EXPLORED,-1
8,9,1,6738,DEL_EXPLORED,1
8,9,2,6738,DEL_CUTOFF,4
8,9,1,6739,PUSH,-1,bhgdfclejpoiankm,-4,1
8,9,2,6739,DEL_CUTOFF,-4
8,9,1,6740,DEL_EXPLORED,1
8,9,2,6740,POP,1,bchdfpaejloingkm
8,9,1,6741,DEL_CUTOFF,-4
8,9,2,6741,PUSH,-1,bchdafpejloingkm,-4,4,1
8,9,1,6742,POP,-1,bhgdfclejpoiankm
8,9,2,6742,DEL_EXPLORED,1
8,9,1,6743,PUSH,-4,bhgdfclejaoinpkm,-4,4,-1,1
8,9,2,6743,DEL_CUTOFF,4
8,9,1,6744,DEL_CUTOFF,1
8,9,2,6744,DEL_CUTOFF,-4
8,9,1,6745,DEL_CUTOFF,-1
8,9,2,6745,POP,-1,bchdafpejloingkm
8,9,1,6746,DEL_EXPLORED,4
8,9,2,6746,DEL_EXPLORED,4
8,9,1,6747,DEL_CUTOFF,-4
8,9,2,6747,PUSH,-4,bahdfcpejloingkm,4,-1,1
8,9,1,6748,POP,-4,bhgdfclejaoinpkm
8,9,2,6748,DEL_CUTOFF,1
8,9,1,6749,POP,-1,bhgdfclejpoinakm
8,9,2,6749,DEL_CUTOFF,-1
8,9,1,6750,DEL_EXPLORED,-4
8,9,2,6750,DEL_EXPLORED,4
8,9,1,6751,POP,4,bhgdfclejpoinkam
8,9,2,6751,POP,-4,bahdfcpejloingkm
8,9,1,6752,DEL_EXPLORED,-4
8,9,2,6752,POP,-4,bchdfapejloingkm
8,9,1,6753,POP,4,bhgdfclejpainkom
8,9,2,6753,POP,-4,bchdflpejaoingkm
8,9,1,6754,DEL_EXPLORED,-4
8,9,2,6754,POP,-1,bchdflpejgoinakm
8,9,1,6755,POP,4,bhgdfcaejplinkom
8,9,2,6755,DEL_EXPLORED,-4
8,9,1,6756,POP,1,bhadfcgejplinkom
8,9,2,6756,POP,4,bchdflpejgoinkam
8,9,1,6757,PUSH,-1,abhdfcgejplinkom,4,1
8,9,2,6757,DEL_EXPLORED,-4
8,9,1,6758,DEL_EXPLORED,1
8,9,2,6758,POP,4,bchdflpejgainkom
8,9,1,6759,PUSH,4,fbhdacgejplinkom,-4,4,1
8,9,2,6759,PUSH,-4,bcadflhejgpinkom,4,-1,1
8,9,1,6760,PUSH,1,fbhdcagejplinkom,-4,4,-1,1
8,9,2,6760,PUSH,1,bcdaflhejgpinkom,4,-1
8,9,1,6761,PUSH,1,fbhdcgaejplinkom,-4,4,-1,1
8,9,2,6761,DEL_EXPLORED,-1
8,9,1,6762,PUSH,1,fbhdcgeajplinkom,-4,4,-1
8,9,2,6762,PUSH,4,bcdeflhajgpinkom,-4,4,-1
8,9,1,6763,DEL_EXPLORED,-1
8,9,2,6763,PUSH,-1,bcdeflahjgpinkom,-4,4,-1,1
8,9,1,6764,PUSH,4,fbhdcgeijplankom,-4,4,-1
8,9,2,6764,DEL_EXPLORED,1
8,9,1,6765,DEL_CUTOFF,-1
8,9,2,6765,PUSH,-1,bcdefalhjgpinkom,-4,4,-1,1
8,9,1,6766,DEL_CUTOFF,4
8,9,2,6766,DEL_EXPLORED,1
8,9,1,6767,DEL_EXPLORED,-4
8,9,2,6767,PUSH,-1,bcdeaflhjgpinkom,-4,4,1
8,9,1,6768,POP,4,fbhdcgeijplankom
8,9,2,6768,DEL_EXPLORED,1
8,9,1,6769,PUSH,-4,fbhacgedjplinkom,4,-1
8,9,2,6769,DEL_CUTOFF,4
8,9,1,6770,DEL_CUTOFF,-1
8,9,2,6770,DEL_CUTOFF,-4
8,9,1,6771,DEL_EXPLORED,4
8,9,2,6771,POP,-1,bcdeaflhjgpinkom
8,9,1,6772,POP,-4,fbhacgedjplinkom
8,9,2,6772,PUSH,4,bcdefglhjapinkom,-4,4,-1,1
8,9,1,6773,POP,1,fbhdcgeajplinkom
8,9,2,6773,DEL_CUTOFF,1
8,9,1,6774,DEL_EXPLORED,-1
8,9,2,6774,DEL_CUTOFF,-1
8,9,1,6775,PUSH,4,fbhdcglejpainkom,-4,4,-1,1
8,9,2,6775,DEL_CUTOFF,4
8,9,1,6776,PUSH,1,fbhdcglejpiankom,-4,4,-1
8,9,2,6776,DEL_EXPLORED,-4
8,9,1,6777,DEL_EXPLORED,-1
8,9,2,6777,POP,4,bcdefglhjapinkom
8,9,1,6778,DEL_CUTOFF,4
8,9,2,6778,PUSH,-4,badefclhjgpinkom,4,-1,1
8,9,1,6779,DEL_CUTOFF,-4
8,9,2,6779,DEL_CUTOFF,1
8,9,1,6780,POP,1,fbhdcglejpiankom
8,9,2,6780,DEL_CUTOFF,-1
8,9,1,6781,PUSH,-1,fbhdcglejapinkom,-4,4,-1,1
8,9,2,6781,DEL_EXPLORED,4
8,9,1,6782,DEL_EXPLORED,1
8,9,2,6782,POP,-4,badefclhjgpinkom
8,9,1,6783,DEL_CUTOFF,-1
8,9,2,6783,POP,-1,bcdefalhjgpinkom
8,9,1,6784,DEL_CUTOFF,4
8,9,2,6784,PUSH,4,bcdeflphjgainkom,-4,4,-1,1
8,9,1,6785,DEL_CUTOFF,-4
8,9,2,6785,PUSH,1,bcdeflphjgiankom,-4,4,-1
8,9,1,6786,POP,-1,fbhdcglejapinkom
8,9,2,6786,DEL_EXPLORED,-1
8,9,1,6787,PUSH,4,fbhdcglejpoinkam,-4,-1,1
8,9,2,6787,DEL_CUTOFF,4
8,9,1,6788,DEL_CUTOFF,1
8,9,2,6788,DEL_CUTOFF,-4
8,9,1,6789,DEL_CUTOFF,-1
8,9,2,6789,POP,1,bcdeflphjgiankom
8,9,1,6790,DEL_EXPLORED,-4
8,9,2,6790,PUSH,-1,bcdeflphjaginkom,-4,4,-1,1
8,9,1,6791,POP,4,fbhdcglejpoinkam
8,9,2,6791,DEL_EXPLORED,1
8,9,1,6792,DEL_EXPLORED,-4
8,9,2,6792,DEL_CUTOFF,-1
8,9,1,6793,POP,4,fbhdcglejpainkom
8,9,2,6793,DEL_CUTOFF,4
8,9,1,6794,PUSH,-4,fbadcghejplinkom,4,-1,1
8,9,2,6794,DEL_CUTOFF,-4
8,9,1,6795,PUSH,1,fbdacghejplinkom,4,-1
8,9,2,6795,POP,-1,bcdeflphjaginkom
8,9,1,6796,DEL_EXPLORED,-1
8,9,2,6796,PUSH,4,bcdeflphjgoinkam,-4,-1,1
8,9,1,6797,DEL_CUTOFF,4
8,9,2,6797,DEL_CUTOFF,1
8,9,1,6798,POP,1,fbdacghejplinkom
8,9,2,6798,DEL_CUTOFF,-1
8,9,1,6799,PUSH,-1,fabdcghejplinkom,4,-1,1
8,9,2,6799,DEL_EXPLORED,-4
8,9,1,6800,DEL_EXPLORED,1
8,9,2,6800,POP,4,bcdeflphjgoinkam
8,9,1,6801,DEL_CUTOFF,-1
8,9,2,6801,DEL_EXPLORED,-4
8,9,1,6802,DEL_CUTOFF,4
8,9,2,6802,POP,4,bcdeflphjgainkom
8,9,1,6803,POP,-1,fabdcghejplinkom
8,9,2,6803,PUSH,-4,bcaefldhjgpinkom,4,-1,1
8,9,1,6804,DEL_EXPLORED,4
8,9,2,6804,PUSH,1,bceafldhjgpinkom,4,-1
8,9,1,6805,POP,-4,fbadcghejplinkom
8,9,2,6805,DEL_EXPLORED,-1
8,9,1,6806,POP,1,fbhdcgaejplinkom
8,9,2,6806,DEL_CUTOFF,4
8,9,1,6807,DEL_EXPLORED,-1
8,9,2,6807,POP,1,bceafldhjgpinkom
8,9,1,6808,PUSH,4,fbhdcpgejalinkom,-4,4,-1,1
8,9,2,6808,PUSH,-1,bacefldhjgpinkom,4,-1,1
8,9,1,6809,PUSH,1,fbhdcpgejlainkom,-4,4,-1,1
8,9,2,6809,DEL_EXPLORED,1
8,9,1,6810,PUSH,1,fbhdcpgejliankom,-4,4,-1
8,9,2,6810,DEL_CUTOFF,-1
8,9,1,6811,DEL_EXPLORED,-1
8,9,2,6811,DEL_CUTOFF,4
8,9,1,6812,DEL_CUTOFF,4
8,9,2,6812,POP,-1,bacefldhjgpinkom
8,9,1,6813,DEL_CUTOFF,-4
8,9,2,6813,DEL_EXPLORED,4
8,9,1,6814,POP,1,fbhdcpgejliankom
8,9,2,6814,POP,-4,bcaefldhjgpinkom
8,9,1,6815,DEL_EXPLORED,-1
8,9,2,6815,POP,-1,bcdeflahjgpinkom
8,9,1,6816,PUSH,4,fbhdcpgejloinkam,-4,-1,1
8,9,2,6816,PUSH,4,bcdeflhijgpankom,-4,4,-1
8,9,1,6817,DEL_CUTOFF,1
8,9,2,6817,PUSH,-1,bcdeflhijgapnkom,-4,4,-1,1
8,9,1,6818,DEL_CUTOFF,-1
8,9,2,6818,DEL_EXPLORED,1
8,9,1,6819,DEL_EXPLORED,-4
8,9,2,6819,PUSH,-1,bcdeflhijagpnkom,-4,4,-1,1
8,9,1,6820,POP,4,fbhdcpgejloinkam
8,9,2,6820,DEL_EXPLORED,1
8,9,1,6821,PUSH,-4,fbhdcpaejlginkom,-4,4,-1,1
8,9,2,6821,DEL_CUTOFF,-1
8,9,1,6822,DEL_CUTOFF,1
8,9,2,6822,DEL_CUTOFF,4
8,9,1,6823,DEL_CUTOFF,-1
8,9,2,6823,DEL_CUTOFF,-4
8,9,1,6824,DEL_EXPLORED,4
8,9,2,6824,POP,-1,bcdeflhijagpnkom
8,9,1,6825,DEL_CUTOFF,-4
8,9,2,6825,PUSH,4,bcdeflhijgopnkam,-4,-1,1
8,9,1,6826,POP,-4,fbhdcpaejlginkom
8,9,2,6826,DEL_CUTOFF,1
8,9,1,6827,POP,1,fbhdcpgejlainkom
8,9,2,6827,DEL_CUTOFF,-1
8,9,1,6828,PUSH,-1,fbhdcpgeajlinkom,-4,4,1
8,9,2,6828,DEL_EXPLORED,-4
8,9,1,6829,DEL_EXPLORED,1
8,9,2,6829,POP,4,bcdeflhijgopnkam
8,9,1,6830,PUSH,4,fbhdcpgenjliakom,-4,1
8,9,2,6830,PUSH,-4,bcdeflaijghpnkom,-4,4,-1,1
8,9,1,6831,DEL_CUTOFF,1
8,9,2,6831,DEL_CUTOFF,1
8,9,1,6832,DEL_EXPLORED,-4
8,9,2,6832,DEL_CUTOFF,-1
8,9,1,6833,POP,4,fbhdcpgenjliakom
8,9,2,6833,DEL_EXPLORED,4
8,9,1,6834,PUSH,-4,fbhdapgecjlinkom,-4,4,1
8,9,2,6834,DEL_CUTOFF,-4
8,9,1,6835,DEL_CUTOFF,1
8,9,2,6835,POP,-4,bcdeflaijghpnkom
8,9,1,6836,DEL_EXPLORED,4
8,9,2,6836,POP,-1,bcdeflhijgapnkom
8,9,1,6837,DEL_CUTOFF,-4
8,9,2,6837,PUSH,4,bcdeflhijgpmnkoa,-4,-1
8,9,1,6838,POP,-4,fbhdapgecjlinkom
8,9,2,6838,PUSH,-1,bcdeflhijgpmnkao,-4,-1,1
8,9,1,6839,POP,-1,fbhdcpgeajlinkom
8,9,2,6839,DEL_EXPLORED,1
8,9,1,6840,PUSH,4,fbhdcpgejklinaom,-4,-1,1
8,9,2,6840,DEL_CUTOFF,-1
8,9,1,6841,PUSH,1,fbhdcpgejklinoam,-4,-1,1
8,9,2,6841,DEL_CUTOFF,-4
8,9,1,6842,DEL_CUTOFF,1
8,9,2,6842,POP,-1,bcdeflhijgpmnkao
8,9,1,6843,DEL_EXPLORED,-1
8,9,2,6843,DEL_EXPLORED,-4
8,9,1,6844,DEL_CUTOFF,-4
8,9,2,6844,POP,4,bcdeflhijgpmnkoa
8,9,1,6845,POP,1,fbhdcpgejklinoam
8,9,2,6845,DEL_EXPLORED,-4
8,9,1,6846,PUSH,-1,fbhdcpgejklianom,-4,1
8,9,2,6846,POP,4,bcdeflhijgpankom
8,9,1,6847,DEL_EXPLORED,1
8,9,2,6847,DEL_EXPLORED,-4
8,9,1,6848,DEL_CUTOFF,-4
8,9,2,6848,POP,4,bcdeflhajgpinkom
8,9,1,6849,POP,-1,fbhdcpgejklianom
8,9,2,6849,POP,1,bcdaflhejgpinkom
8,9,1,6850,DEL_EXPLORED,-4
8,9,2,6850,PUSH,-1,bacdflhejgpinkom,4,-1,1
8,9,1,6851,POP,4,fbhdcpgejklinaom
8,9,2,6851,DEL_EXPLORED,1
8,9,1,6852,DEL_EXPLORED,-4
8,9,2,6852,PUSH,-1,abcdflhejgpinkom,4,1
8,9,1,6853,POP,4,fbhdcpgejalinkom
8,9,2,6853,DEL_EXPLORED,1
8,9,1,6854,PUSH,-4,fahdcbgejplinkom,4,-1,1
8,9,2,6854,PUSH,4,fbcdalhejgpinkom,-4,4,1
8,9,1,6855,PUSH,1,fhadcbgejplinkom,4,-1,1
8,9,2,6855,PUSH,1,fbcdlahejgpinkom,-4,4,-1,1
8,9,1,6856,PUSH,1,fhdacbgejplinkom,4,-1
8,9,2,6856,PUSH,1,fbcdlhaejgpinkom,-4,4,-1,1
8,9,1,6857,DEL_EXPLORED,-1
8,9,2,6857,DEL_CUTOFF,1
8,9,1,6858,DEL_CUTOFF,4
8,9,2,6858,DEL_EXPLORED,-1
8,9,1,6859,POP,1,fhdacbgejplinkom
8,9,2,6859,DEL_CUTOFF,4
8,9,1,6860,DEL_EXPLORED,-1
8,9,2,6860,DEL_CUTOFF,-4
8,9,1,6861,PUSH,4,fhgdcbaejplinkom,-4,4,-1,1
8,9,2,6861,POP,1,fbcdlhaejgpinkom
8,9,1,6862,DEL_CUTOFF,1
8,9,2,6862,DEL_EXPLORED,-1
8,9,1,6863,DEL_CUTOFF,-1
8,9,2,6863,PUSH,4,fbcdlghejapinkom,-4,4,-1,1
8,9,1,6864,DEL_CUTOFF,4
8,9,2,6864,DEL_CUTOFF,1
8,9,1,6865,DEL_EXPLORED,-4
8,9,2,6865,DEL_CUTOFF,-1
8,9,1,6866,POP,4,fhgdcbaejplinkom
8,9,2,6866,DEL_CUTOFF,4
8,9,1,6867,POP,1,fhadcbgejplinkom
8,9,2,6867,DEL_EXPLORED,-4
8,9,1,6868,PUSH,-1,afhdcbgejplinkom,4,1
8,9,2,6868,POP,4,fbcdlghejapinkom
8,9,1,6869,DEL_EXPLORED,1
8,9,2,6869,PUSH,-4,facdlbhejgpinkom,4,-1,1
8,9,1,6870,PUSH,4,cfhdabgejplinkom,-4,4,1
8,9,2,6870,DEL_CUTOFF,1
8,9,1,6871,DEL_CUTOFF,1
8,9,2,6871,DEL_CUTOFF,-1
8,9,1,6872,DEL_CUTOFF,4
8,9,2,6872,DEL_EXPLORED,4
8,9,1,6873,DEL_EXPLORED,-4
8,9,2,6873,POP,-4,facdlbhejgpinkom
8,9,1,6874,POP,4,cfhdabgejplinkom
8,9,2,6874,POP,1,fbcdlahejgpinkom
8,9,1,6875,POP,-1,afhdcbgejplinkom
8,9,2,6875,PUSH,4,fbcdjlheagpinkom,-4,4,1
8,9,1,6876,DEL_EXPLORED,4
8,9,2,6876,PUSH,1,fbcdjlhegapinkom,-4,4,-1,1
8,9,1,6877,POP,-4,fahdcbgejplinkom
8,9,2,6877,DEL_CUTOFF,1
8,9,1,6878,POP,1,fbhdcagejplinkom
8,9,2,6878,DEL_EXPLORED,-1
8,9,1,6879,PUSH,4,fbhdjcgeaplinkom,-4,4,1
8,9,2,6879,DEL_CUTOFF,4
8,9,1,6880,PUSH,1,fbhdjcgepalinkom,-4,4,-1,1
8,9,2,6880,DEL_CUTOFF,-4
8,9,1,6881,PUSH,1,fbhdjcgeplainkom,-4,4,-1,1
8,9,2,6881,POP,1,fbcdjlhegapinkom
8,9,1,6882,PUSH,1,fbhdjcgepliankom,-4,4,-1
8,9,2,6882,PUSH,4,fbcdjlhengpiakom,-4,1
8,9,1,6883,DEL_EXPLORED,-1
8,9,2,6883,DEL_CUTOFF,1
8,9,1,6884,DEL_CUTOFF,4
8,9,2,6884,DEL_EXPLORED,-4
8,9,1,6885,DEL_CUTOFF,-4
8,9,2,6885,POP,4,fbcdjlhengpiakom
8,9,1,6886,POP,1,fbhdjcgepliankom
8,9,2,6886,DEL_EXPLORED,-4
8,9,1,6887,DEL_EXPLORED,-1
8,9,2,6887,POP,4,fbcdjlheagpinkom
8,9,1,6888,PUSH,4,fbhdjcgeploinkam,-4,-1,1
8,9,2,6888,DEL_EXPLORED,-4
8,9,1,6889,DEL_CUTOFF,1
8,9,2,6889,POP,4,fbcdalhejgpinkom
8,9,1,6890,DEL_CUTOFF,-1
8,9,2,6890,POP,-1,abcdflhejgpinkom
8,9,1,6891,DEL_EXPLORED,-4
8,9,2,6891,PUSH,4,blcdfahejgpinkom,-4,4,-1,1
8,9,1,6892,POP,4,fbhdjcgeploinkam
8,9,2,6892,PUSH,1,blcdfhaejgpinkom,-4,4,-1,1
8,9,1,6893,PUSH,-4,fbhdjcaeplginkom,-4,4,-1,1
8,9,2,6893,PUSH,1,blcdfheajgpinkom,-4,4,-1
8,9,1,6894,DEL_CUTOFF,1
8,9,2,6894,DEL_EXPLORED,-1
8,9,1,6895,DEL_CUTOFF,-1
8,9,2,6895,PUSH,4,blcdfheijgpankom,-4,4,-1
8,9,1,6896,DEL_EXPLORED,4
8,9,2,6896,DEL_CUTOFF,-1
8,9,1,6897,DEL_CUTOFF,-4
8,9,2,6897,DEL_CUTOFF,4
8,9,1,6898,POP,-4,fbhdjcaeplginkom
8,9,2,6898,DEL_EXPLORED,-4
8,9,1,6899,POP,1,fbhdjcgeplainkom
8,9,2,6899,POP,4,blcdfheijgpankom
8,9,1,6900,DEL_EXPLORED,-1
8,9,2,6900,PUSH,-4,blcafhedjgpinkom,4,-1
8,9,1,6901,PUSH,4,fbhdjcgepklinaom,-4,-1,1
8,9,2,6901,DEL_CUTOFF,-1
8,9,1,6902,PUSH,1,fbhdjcgepklinoam,-4,-1,1
8,9,2,6902,DEL_EXPLORED,4
8,9,1,6903,DEL_CUTOFF,1
8,9,2,6903,POP,-4,blcafhedjgpinkom
8,9,1,6904,DEL_EXPLORED,-1
8,9,2,6904,POP,1,blcdfheajgpinkom
8,9,1,6905,DEL_CUTOFF,-4
8,9,2,6905,DEL_EXPLORED,-1
8,9,1,6906,POP,1,fbhdjcgepklinoam
8,9,2,6906,PUSH,4,blcdfhpejgainkom,-4,4,-1,1
8,9,1,6907,PUSH,-1,fbhdjcgepklianom,-4,1
8,9,2,6907,PUSH,1,blcdfhpejgiankom,-4,4,-1
8,9,1,6908,DEL_EXPLORED,1
8,9,2,6908,DEL_EXPLORED,-1
8,9,1,6909,DEL_CUTOFF,-4
8,9,2,6909,DEL_CUTOFF,4
8,9,1,6910,POP,-1,fbhdjcgepklianom
8,9,2,6910,DEL_CUTOFF,-4
8,9,1,6911,DEL_EXPLORED,-4
8,9,2,6911,POP,1,blcdfhpejgiankom
8,9,1,6912,POP,4,fbhdjcgepklinaom
8,9,2,6912,PUSH,-1,blcdfhpejaginkom,-4,4,-1,1
8,9,1,6913,PUSH,-4,fbhdjagepclinkom,-4,4,-1,1
8,9,2,6913,DEL_EXPLORED,1
8,9,1,6914,PUSH,1,fbhdjgaepclinkom,-4,4,-1,1
8,9,2,6914,DEL_CUTOFF,-1
8,9,1,6915,DEL_CUTOFF,1
8,9,2,6915,DEL_CUTOFF,4
8,9,1,6916,DEL_EXPLORED,-1
8,9,2,6916,DEL_CUTOFF,-4
8,9,1,6917,DEL_CUTOFF,4
8,9,2,6917,POP,-1,blcdfhpejaginkom
8,9,1,6918,DEL_CUTOFF,-4
8,9,2,6918,PUSH,4,blcdfhpejgoinkam,-4,-1,1
8,9,1,6919,POP,1,fbhdjgaepclinkom
8,9,2,6919,DEL_CUTOFF,1
8,9,1,6920,PUSH,-1,fbhdajgepclinkom,-4,4,1
8,9,2,6920,DEL_CUTOFF,-1
8,9,1,6921,DEL_EXPLORED,1
8,9,2,6921,DEL_EXPLORED,-4
8,9,1,6922,DEL_CUTOFF,4
8,9,2,6922,POP,4,blcdfhpejgoinkam
8,9,1,6923,DEL_CUTOFF,-4
8,9,2,6923,DEL_EXPLORED,-4
8,9,1,6924,POP,-1,fbhdajgepclinkom
8,9,2,6924,POP,4,blcdfhpejgainkom
8,9,1,6925,DEL_EXPLORED,4
8,9,2,6925,PUSH,-4,bladfhcejgpinkom,4,-1,1
8,9,1,6926,PUSH,-4,fahdjbgepclinkom,4,-1,1
8,9,2,6926,PUSH,1,bldafhcejgpinkom,4,-1
8,9,1,6927,DEL_CUTOFF,1
8,9,2,6927,DEL_EXPLORED,-1
8,9,1,6928,DEL_CUTOFF,-1
8,9,2,6928,DEL_CUTOFF,4
8,9,1,6929,DEL_EXPLORED,4
8,9,2,6929,POP,1,bldafhcejgpinkom
8,9,1,6930,POP,-4,fahdjbgepclinkom
8,9,2,6930,PUSH,-1,baldfhcejgpinkom,4,-1,1
8,9,1,6931,POP,-4,fbhdjagepclinkom
8,9,2,6931,DEL_EXPLORED,1
8,9,1,6932,POP,1,fbhdjcgepalinkom
8,9,2,6932,DEL_CUTOFF,-1
8,9,1,6933,PUSH,4,fbhdjcgenpliakom,-4,1
8,9,2,6933,DEL_CUTOFF,4
8,9,1,6934,PUSH,1,fbhdjcgenplikaom,-4,-1,1
8,9,2,6934,POP,-1,baldfhcejgpinkom
8,9,1,6935,PUSH,1,fbhdjcgenplikoam,-4,-1,1
8,9,2,6935,DEL_EXPLORED,4
8,9,1,6936,DEL_CUTOFF,1
8,9,2,6936,POP,-4,bladfhcejgpinkom
8,9,1,6937,DEL_EXPLORED,-1
8,9,2,6937,POP,1,blcdfhaejgpinkom
8,9,1,6938,DEL_CUTOFF,-4
8,9,2,6938,PUSH,-1,blcdafhejgpinkom,-4,4,1
8,9,1,6939,POP,1,fbhdjcgenplikoam
8,9,2,6939,DEL_EXPLORED,1
8,9,1,6940,DEL_EXPLORED,-1
8,9,2,6940,PUSH,4,blcdjfheagpinkom,-4,4,1
8,9,1,6941,PUSH,-4,fbhdjcgenalikpom,-4,4,-1,1
8,9,2,6941,PUSH,1,blcdjfhegapinkom,-4,4,-1,1
8,9,1,6942,DEL_CUTOFF,1
8,9,2,6942,DEL_CUTOFF,1
8,9,1,6943,DEL_CUTOFF,-1
8,9,2,6943,DEL_EXPLORED,-1
8,9,1,6944,DEL_EXPLORED,4
8,9,2,6944,DEL_CUTOFF,4
8,9,1,6945,DEL_CUTOFF,-4
8,9,2,6945,DEL_CUTOFF,-4
8,9,1,6946,POP,-4,fbhdjcgenalikpom
8,9,2,6946,POP,1,blcdjfhegapinkom
8,9,1,6947,POP,1,fbhdjcgenplikaom
8,9,2,6947,PUSH,4,blcdjfhengpiakom,-4,1
8,9,1,6948,DEL_EXPLORED,-4
8,9,2,6948,DEL_CUTOFF,1
8,9,1,6949,POP,4,fbhdjcgenpliakom
8,9,2,6949,DEL_EXPLORED,-4
8,9,1,6950,DEL_EXPLORED,-4
8,9,2,6950,POP,4,blcdjfhengpiakom
8,9,1,6951,POP,4,fbhdjcgeaplinkom
8,9,2,6951,DEL_EXPLORED,-4
8,9,1,6952,DEL_EXPLORED,-4
8,9,2,6952,POP,4,blcdjfheagpinkom
8,9,1,6953,POP,4,fbhdacgejplinkom
8,9,2,6953,PUSH,-4,alcdbfhejgpinkom,4,1
8,9,1,6954,POP,-1,abhdfcgejplinkom
8,9,2,6954,PUSH,1,lacdbfhejgpinkom,4,-1,1
8,9,1,6955,DEL_EXPLORED,4
8,9,2,6955,DEL_CUTOFF,1
8,9,1,6956,POP,-4,bahdfcgejplinkom
8,9,2,6956,DEL_EXPLORED,-1
8,9,1,6957,POP,-1,bchdfagejplinkom
8,9,2,6957,DEL_CUTOFF,4
8,9,1,6958,DEL_EXPLORED,4
8,9,2,6958,POP,1,lacdbfhejgpinkom
8,9,1,6959,PUSH,-4,bcadfghejplinkom,4,-1,1
8,9,2,6959,DEL_EXPLORED,4
8,9,1,6960,PUSH,1,bcdafghejplinkom,4,-1
8,9,2,6960,POP,-4,alcdbfhejgpinkom
8,9,1,6961,DEL_EXPLORED,-1
8,9,2,6961,POP,-1,blcdafhejgpinkom
8,9,1,6962,PUSH,4,bcdefghajplinkom,-4,4,-1
8,9,2,6962,PUSH,4,blcdfghejapinkom,-4,4,-1,1
8,9,1,6963,PUSH,-1,bcdefgahjplinkom,-4,4,-1,1
8,9,2,6963,PUSH,1,blcdfghejpainkom,-4,4,-1,1
8,9,1,6964,DEL_EXPLORED,1
8,9,2,6964,PUSH,1,blcdfghejpiankom,-4,4,-1
8,9,1,6965,PUSH,-1,bcdefaghjplinkom,-4,4,-1,1
8,9,2,6965,DEL_EXPLORED,-1
8,9,1,6966,DEL_EXPLORED,1
8,9,2,6966,DEL_CUTOFF,4
8,9,1,6967,PUSH,-1,bcdeafghjplinkom,-4,4,1
8,9,2,6967,DEL_CUTOFF,-4
8,9,1,6968,DEL_EXPLORED,1
8,9,2,6968,POP,1,blcdfghejpiankom
8,9,1,6969,PUSH,4,bcdejfghaplinkom,-4,4,1
8,9,2,6969,DEL_EXPLORED,-1
8,9,1,6970,PUSH,1,bcdejfghpalinkom,-4,4,-1,1
8,9,2,6970,PUSH,4,blcdfghejpoinkam,-4,-1,1
8,9,1,6971,DEL_CUTOFF,1
8,9,2,6971,DEL_CUTOFF,1
8,9,1,6972,DEL_EXPLORED,-1
8,9,2,6972,DEL_CUTOFF,-1
8,9,1,6973,DEL_CUTOFF,4
8,9,2,6973,DEL_EXPLORED,-4
8,9,1,6974,DEL_CUTOFF,-4
8,9,2,6974,POP,4,blcdfghejpoinkam
8,9,1,6975,POP,1,bcdejfghpalinkom
8,9,2,6975,PUSH,-4,blcdfgaejphinkom,-4,4,-1,1
8,9,1,6976,PUSH,4,bcdejfghnpliakom,-4,1
8,9,2,6976,DEL_CUTOFF,1
8,9,1,6977,DEL_CUTOFF,1
8,9,2,6977,DEL_CUTOFF,-1
8,9,1,6978,DEL_EXPLORED,-4
8,9,2,6978,DEL_EXPLORED,4
8,9,1,6979,POP,4,bcdejfghnpliakom
8,9,2,6979,DEL_CUTOFF,-4
8,9,1,6980,DEL_EXPLORED,-4
8,9,2,6980,POP,-4,blcdfgaejphinkom
8,9,1,6981,POP,4,bcdejfghaplinkom
8,9,2,6981,POP,1,blcdfghejpainkom
8,9,1,6982,PUSH,-4,acdebfghjplinkom,4,1
8,9,2,6982,PUSH,-1,blcdfgheajpinkom,-4,4,1
8,9,1,6983,PUSH,1,cadebfghjplinkom,4,-1,1
8,9,2,6983,DEL_EXPLORED,1
8,9,1,6984,DEL_CUTOFF,1
8,9,2,6984,PUSH,4,blcdfghenjpiakom,-4,1
8,9,1,6985,DEL_EXPLORED,-1
8,9,2,6985,DEL_CUTOFF,1
8,9,1,6986,DEL_CUTOFF,4
8,9,2,6986,DEL_EXPLORED,-4
8,9,1,6987,POP,1,cadebfghjplinkom
8,9,2,6987,POP,4,blcdfghenjpiakom
8,9,1,6988,DEL_EXPLORED,4
8,9,2,6988,PUSH,-4,blcdaghefjpinkom,-4,4,1
8,9,1,6989,POP,-4,acdebfghjplinkom
8,9,2,6989,DEL_CUTOFF,1
8,9,1,6990,POP,-1,bcdeafghjplinkom
8,9,2,6990,DEL_EXPLORED,4
8,9,1,6991,PUSH,4,bcdefpghjalinkom,-4,4,-1,1
8,9,2,6991,DEL_CUTOFF,-4
8,9,1,6992,PUSH,1,bcdefpghjlainkom,-4,4,-1,1
8,9,2,6992,POP,-4,blcdaghefjpinkom
8,9,1,6993,PUSH,1,bcdefpghjliankom,-4,4,-1
8,9,2,6993,POP,-1,blcdfgheajpinkom
8,9,1,6994,DEL_EXPLORED,-1
8,9,2,6994,PUSH,4,blcdfghejkpinaom,-4,-1,1
8,9,1,6995,DEL_CUTOFF,4
8,9,2,6995,PUSH,1,blcdfghejkpinoam,-4,-1,1
8,9,1,6996,DEL_CUTOFF,-4
8,9,2,6996,DEL_CUTOFF,1
8,9,1,6997,POP,1,bcdefpghjliankom
8,9,2,6997,DEL_EXPLORED,-1
8,9,1,6998,DEL_EXPLORED,-1
8,9,2,6998,DEL_CUTOFF,-4
8,9,1,6999,PUSH,4,bcdefpghjloinkam,-4,-1,1
8,9,2,6999,POP,1,blcdfghejkpinoam
8,9,1,7000,DEL_CUTOFF,1
8,9,2,7000,PUSH,-1,blcdfghejkpianom,-4,1
8,9,1,7001,DEL_CUTOFF,-1
8,9,2,7001,DEL_EXPLORED,1
8,9,1,7002,DEL_EXPLORED,-4
8,9,2,7002,DEL_CUTOFF,-4
8,9,1,7003,POP,4,bcdefpghjloinkam
8,9,2,7003,POP,-1,blcdfghejkpianom
8,9,1,7004,PUSH,-4,bcdefpahjlginkom,-4,4,-1,1
8,9,2,7004,DEL_EXPLORED,-4
8,9,1,7005,DEL_CUTOFF,1
8,9,2,7005,POP,4,blcdfghejkpinaom
8,9,1,7006,DEL_CUTOFF,-1
8,9,2,7006,DEL_EXPLORED,-4
8,9,1,7007,DEL_EXPLORED,4
8,9,2,7007,POP,4,blcdfghejapinkom
8,9,1,7008,DEL_CUTOFF,-4
8,9,2,7008,DEL_EXPLORED,-4
8,9,1,7009,POP,-4,bcdefpahjlginkom
8,9,2,7009,POP,4,blcdfahejgpinkom
8,9,1,7010,POP,1,bcdefpghjlainkom
8,9,2,7010,POP,-1,bacdflhejgpinkom
8,9,1,7011,PUSH,-1,bcdefpghajlinkom,-4,4,1
8,9,2,7011,DEL_EXPLORED,4
8,9,1,7012,DEL_EXPLORED,1
8,9,2,7012,POP,-4,bcadflhejgpinkom
8,9,1,7013,PUSH,4,bcdefpghnjliakom,-4,1
8,9,2,7013,POP,1,bchdflaejgpinkom
8,9,1,7014,DEL_CUTOFF,1
8,9,2,7014,PUSH,-1,bchdaflejgpinkom,-4,4,1
8,9,1,7015,DEL_EXPLORED,-4
8,9,2,7015,DEL_EXPLORED,1
8,9,1,7016,POP,4,bcdefpghnjliakom
8,9,2,7016,PUSH,4,bchdjfleagpinkom,-4,4,1
8,9,1,7017,PUSH,-4,bcdeapghfjlinkom,-4,4,1
8,9,2,7017,PUSH,1,bchdjflegapinkom,-4,4,-1,1
8,9,1,7018,DEL_CUTOFF,1
8,9,2,7018,PUSH,1,bchdjflegpainkom,-4,4,-1,1
8,9,1,7019,DEL_EXPLORED,4
8,9,2,7019,PUSH,1,bchdjflegpiankom,-4,4,-1
8,9,1,7020,DEL_CUTOFF,-4
8,9,2,7020,DEL_EXPLORED,-1
8,9,1,7021,POP,-4,bcdeapghfjlinkom
8,9,2,7021,PUSH,4,bchdjflegpimnkoa,-4,-1
8,9,1,7022,POP,-1,bcdefpghajlinkom
8,9,2,7022,PUSH,-1,bchdjflegpimnkao,-4,-1,1
8,9,1,7023,PUSH,4,bcdefpghjklinaom,-4,-1,1
8,9,2,7023,DEL_EXPLORED,1
8,9,1,7024,PUSH,1,bcdefpghjklinoam,-4,-1,1
8,9,2,7024,DEL_CUTOFF,-1
8,9,1,7025,DEL_CUTOFF,1
8,9,2,7025,DEL_CUTOFF,-4
8,9,1,7026,DEL_EXPLORED,-1
8,9,2,7026,POP,-1,bchdjflegpimnkao
8,9,1,7027,DEL_CUTOFF,-4
8,9,2,7027,DEL_EXPLORED,-4
8,9,1,7028,POP,1,bcdefpghjklinoam
8,9,2,7028,POP,4,bchdjflegpimnkoa
8,9,1,7029,PUSH,-1,bcdefpghjklianom,-4,1
8,9,2,7029,PUSH,-4,bchdjflagpienkom,-4,4,-1
8,9,1,7030,DEL_EXPLORED,1
8,9,2,7030,PUSH,-1,bchdjfalgpienkom,-4,4,-1,1
8,9,1,7031,DEL_CUTOFF,-4
8,9,2,7031,DEL_EXPLORED,1
8,9,1,7032,POP,-1,bcdefpghjklianom
8,9,2,7032,DEL_CUTOFF,-1
8,9,1,7033,DEL_EXPLORED,-4
8,9,2,7033,DEL_CUTOFF,4
8,9,1,7034,POP,4,bcdefpghjklinaom
8,9,2,7034,DEL_CUTOFF,-4
8,9,1,7035,DEL_EXPLORED,-4
8,9,2,7035,POP,-1,bchdjfalgpienkom
8,9,1,7036,POP,4,bcdefpghjalinkom
8,9,2,7036,DEL_EXPLORED,4
8,9,1,7037,PUSH,-4,badefcghjplinkom,4,-1,1
8,9,2,7037,PUSH,-4,bchajfldgpienkom,4,-1
8,9,1,7038,PUSH,1,bdaefcghjplinkom,4,-1,1
8,9,2,7038,DEL_CUTOFF,-1
8,9,1,7039,PUSH,1,bdeafcghjplinkom,4,-1
8,9,2,7039,DEL_EXPLORED,4
8,9,1,7040,DEL_EXPLORED,-1
8,9,2,7040,POP,-4,bchajfldgpienkom
8,9,1,7041,DEL_CUTOFF,4
8,9,2,7041,POP,-4,bchdjflagpienkom
8,9,1,7042,POP,1,bdeafcghjplinkom
8,9,2,7042,POP,1,bchdjflegpiankom
8,9,1,7043,DEL_EXPLORED,-1
8,9,2,7043,DEL_EXPLORED,-1
8,9,1,7044,PUSH,4,bdgefcahjplinkom,-4,4,-1,1
8,9,2,7044,PUSH,4,bchdjflegpoinkam,-4,-1,1
8,9,1,7045,DEL_CUTOFF,1
8,9,2,7045,PUSH,1,bchdjflegpoinkma,-4,-1
8,9,1,7046,DEL_CUTOFF,-1
8,9,2,7046,DEL_EXPLORED,-1
8,9,1,7047,DEL_CUTOFF,4
8,9,2,7047,PUSH,-4,bchdjflegpoankmi,-4,4,-1
8,9,1,7048,DEL_EXPLORED,-4
8,9,2,7048,DEL_CUTOFF,-1
8,9,1,7049,POP,4,bdgefcahjplinkom
8,9,2,7049,DEL_EXPLORED,4
8,9,1,7050,POP,1,bdaefcghjplinkom
8,9,2,7050,DEL_CUTOFF,-4
8,9,1,7051,PUSH,-1,abdefcghjplinkom,4,1
8,9,2,7051,POP,-4,bchdjflegpoankmi
8,9,1,7052,DEL_EXPLORED,1
8,9,2,7052,POP,1,bchdjflegpoinkma
8,9,1,7053,PUSH,4,fbdeacghjplinkom,-4,4,1
8,9,2,7053,PUSH,-1,bchdjflegpoinakm,-4,-1,1
8,9,1,7054,DEL_CUTOFF,1
8,9,2,7054,DEL_EXPLORED,1
8,9,1,7055,DEL_CUTOFF,4
8,9,2,7055,PUSH,-1,bchdjflegpoiankm,-4,1
8,9,1,7056,DEL_EXPLORED,-4
8,9,2,7056,DEL_EXPLORED,1
8,9,1,7057,POP,4,fbdeacghjplinkom
8,9,2,7057,DEL_CUTOFF,-4
8,9,1,7058,POP,-1,abdefcghjplinkom
8,9,2,7058,POP,-1,bchdjflegpoiankm
8,9,1,7059,DEL_EXPLORED,4
8,9,2,7059,PUSH,-4,bchdjflegaoinpkm,-4,4,-1,1
8,9,1,7060,POP,-4,badefcghjplinkom
8,9,2,7060,DEL_CUTOFF,1
8,9,1,7061,POP,-1,bcdefaghjplinkom
8,9,2,7061,DEL_CUTOFF,-1
8,9,1,7062,PUSH,4,bcdefglhjpainkom,-4,4,-1,1
8,9,2,7062,DEL_EXPLORED,4
8,9,1,7063,PUSH,1,bcdefglhjpiankom,-4,4,-1
8,9,2,7063,DEL_CUTOFF,-4
8,9,1,7064,DEL_EXPLORED,-1
8,9,2,7064,POP,-4,bchdjflegaoinpkm
8,9,1,7065,PUSH,4,bcdefglhjpimnkoa,-4,-1
8,9,2,7065,POP,-1,bchdjflegpoinakm
8,9,1,7066,PUSH,-1,bcdefglhjpimnkao,-4,-1,1
8,9,2,7066,DEL_EXPLORED,-4
8,9,1,7067,DEL_EXPLORED,1
8,9,2,7067,POP,4,bchdjflegpoinkam
8,9,1,7068,DEL_CUTOFF,-1
8,9,2,7068,PUSH,-4,bchdjfaegplinkom,-4,4,-1,1
8,9,1,7069,DEL_CUTOFF,-4
8,9,2,7069,PUSH,1,bchdjfeagplinkom,-4,4,-1
8,9,1,7070,POP,-1,bcdefglhjpimnkao
8,9,2,7070,DEL_EXPLORED,-1
8,9,1,7071,DEL_EXPLORED,-4
8,9,2,7071,PUSH,4,bchdjfeigplankom,-4,4,-1
8,9,1,7072,POP,4,bcdefglhjpimnkoa
8,9,2,7072,DEL_CUTOFF,-1
8,9,1,7073,PUSH,-4,bcdefglajpihnkom,-4,4,-1
8,9,2,7073,DEL_CUTOFF,4
8,9,1,7074,PUSH,-1,bcdefgaljpihnkom,-4,4,-1,1
8,9,2,7074,DEL_EXPLORED,-4
8,9,1,7075,DEL_EXPLORED,1
8,9,2,7075,POP,4,bchdjfeigplankom
8,9,1,7076,DEL_CUTOFF,-1
8,9,2,7076,PUSH,-4,bchajfedgplinkom,4,-1
8,9,1,7077,DEL_CUTOFF,4
8,9,2,7077,DEL_CUTOFF,-1
8,9,1,7078,DEL_CUTOFF,-4
8,9,2,7078,DEL_EXPLORED,4
8,9,1,7079,POP,-1,bcdefgaljpihnkom
8,9,2,7079,POP,-4,bchajfedgplinkom
8,9,1,7080,DEL_EXPLORED,4
8,9,2,7080,POP,1,bchdjfeagplinkom
8,9,1,7081,PUSH,-4,bcdafglejpihnkom,4,-1
8,9,2,7081,PUSH,-1,bchdjafegplinkom,-4,4,-1,1
8,9,1,7082,DEL_CUTOFF,-1
8,9,2,7082,DEL_EXPLORED,1
8,9,1,7083,DEL_EXPLORED,4
8,9,2,7083,PUSH,-1,bchdajfegplinkom,-4,4,1
8,9,1,7084,POP,-4,bcdafglejpihnkom
8,9,2,7084,DEL_EXPLORED,1
8,9,1,7085,POP,-4,bcdefglajpihnkom
8,9,2,7085,DEL_CUTOFF,4
8,9,1,7086,POP,1,bcdefglhjpiankom
8,9,2,7086,DEL_CUTOFF,-4
8,9,1,7087,PUSH,-1,bcdefglhjapinkom,-4,4,-1,1
8,9,2,7087,POP,-1,bchdajfegplinkom
8,9,1,7088,DEL_EXPLORED,1
8,9,2,7088,PUSH,4,bchdjpfegalinkom,-4,4,-1,1
8,9,1,7089,PUSH,-1,bcdefglhajpinkom,-4,4,1
8,9,2,7089,DEL_CUTOFF,1
8,9,1,7090,DEL_EXPLORED,1
8,9,2,7090,DEL_CUTOFF,-1
8,9,1,7091,PUSH,4,bcdefglhnjpiakom,-4,1
8,9,2,7091,DEL_CUTOFF,4
8,9,1,7092,DEL_CUTOFF,1
8,9,2,7092,DEL_EXPLORED,-4
8,9,1,7093,DEL_EXPLORED,-4
8,9,2,7093,POP,4,bchdjpfegalinkom
8,9,1,7094,POP,4,bcdefglhnjpiakom
8,9,2,7094,PUSH,-4,bahdjcfegplinkom,4,-1,1
8,9,1,7095,PUSH,-4,bcdeaglhfjpinkom,-4,4,1
8,9,2,7095,DEL_CUTOFF,1
8,9,1,7096,DEL_CUTOFF,1
8,9,2,7096,DEL_CUTOFF,-1
8,9,1,7097,DEL_EXPLORED,4
8,9,2,7097,DEL_EXPLORED,4
8,9,1,7098,DEL_CUTOFF,-4
8,9,2,7098,POP,-4,bahdjcfegplinkom
8,9,1,7099,POP,-4,bcdeaglhfjpinkom
8,9,2,7099,POP,-1,bchdjafegplinkom
8,9,1,7100,POP,-1,bcdefglhajpinkom
8,9,2,7100,DEL_EXPLORED,4
8,9,1,7101,PUSH,4,bcdefglhjkpinaom,-4,-1,1
8,9,2,7101,PUSH,-4,bcadjfhegplinkom,4,-1,1
8,9,1,7102,PUSH,1,bcdefglhjkpinoam,-4,-1,1
8,9,2,7102,PUSH,1,bcdajfhegplinkom,4,-1
8,9,1,7103,DEL_CUTOFF,1
8,9,2,7103,DEL_EXPLORED,-1
8,9,1,7104,DEL_EXPLORED,-1
8,9,2,7104,DEL_CUTOFF,4
8,9,1,7105,DEL_CUTOFF,-4
8,9,2,7105,POP,1,bcdajfhegplinkom
8,9,1,7106,POP,1,bcdefglhjkpinoam
8,9,2,7106,PUSH,-1,bacdjfhegplinkom,4,-1,1
8,9,1,7107,PUSH,-1,bcdefglhjkpianom,-4,1
8,9,2,7107,DEL_EXPLORED,1
8,9,1,7108,DEL_EXPLORED,1
8,9,2,7108,DEL_CUTOFF,-1
8,9,1,7109,DEL_CUTOFF,-4
8,9,2,7109,DEL_CUTOFF,4
8,9,1,7110,POP,-1,bcdefglhjkpianom
8,9,2,7110,POP,-1,bacdjfhegplinkom
8,9,1,7111,DEL_EXPLORED,-4
8,9,2,7111,DEL_EXPLORED,4
8,9,1,7112,POP,4,bcdefglhjkpinaom
8,9,2,7112,POP,-4,bcadjfhegplinkom
8,9,1,7113,PUSH,-4,bcdefalhjgpinkom,-4,4,-1,1
8,9,2,7113,POP,-4,bchdjfaegplinkom
8,9,1,7114,PUSH,1,bcdeflahjgpinkom,-4,4,-1,1
8,9,2,7114,POP,1,bchdjflegpainkom
8,9,1,7115,DEL_CUTOFF,1
8,9,2,7115,DEL_EXPLORED,-1
8,9,1,7116,DEL_EXPLORED,-1
8,9,2,7116,PUSH,4,bchdjflegkpinaom,-4,-1,1
8,9,1,7117,DEL_CUTOFF,4
8,9,2,7117,PUSH,1,bchdjflegkpinoam,-4,-1,1
8,9,1,7118,DEL_CUTOFF,-4
8,9,2,7118,PUSH,1,bchdjflegkpinoma,-4,-1
8,9,1,7119,POP,1,bcdeflahjgpinkom
8,9,2,7119,DEL_EXPLORED,-1
8,9,1,7120,PUSH,-1,bcdeaflhjgpinkom,-4,4,1
8,9,2,7120,PUSH,-4,bchdjflegkpanomi,-4,4,-1
8,9,1,7121,DEL_EXPLORED,1
8,9,2,7121,DEL_CUTOFF,-1
8,9,1,7122,DEL_CUTOFF,4
8,9,2,7122,DEL_EXPLORED,4
8,9,1,7123,DEL_CUTOFF,-4
8,9,2,7123,DEL_CUTOFF,-4
8,9,1,7124,POP,-1,bcdeaflhjgpinkom
8,9,2,7124,POP,-4,bchdjflegkpanomi
8,9,1,7125,DEL_EXPLORED,4
8,9,2,7125,POP,1,bchdjflegkpinoma
8,9,1,7126,PUSH,-4,badefclhjgpinkom,4,-1,1
8,9,2,7126,DEL_EXPLORED,-1
8,9,1,7127,DEL_CUTOFF,1
8,9,2,7127,PUSH,-4,bchdjflegkainopm,-4,4,-1,1
8,9,1,7128,DEL_CUTOFF,-1
8,9,2,7128,PUSH,1,bchdjflegkianopm,-4,4,-1
8,9,1,7129,DEL_EXPLORED,4
8,9,2,7129,DEL_EXPLORED,-1
8,9,1,7130,POP,-4,badefclhjgpinkom
8,9,2,7130,DEL_CUTOFF,4
8,9,1,7131,POP,-4,bcdefalhjgpinkom
8,9,2,7131,DEL_CUTOFF,-4
8,9,1,7132,POP,-1,bcdefglhjapinkom
8,9,2,7132,POP,1,bchdjflegkianopm
8,9,1,7133,PUSH,4,bcdefglhjpoinkam,-4,-1,1
8,9,2,7133,PUSH,-1,bchdjflegakinopm,-4,4,-1,1
8,9,1,7134,PUSH,1,bcdefglhjpoinkma,-4,-1
8,9,2,7134,DEL_EXPLORED,1
8,9,1,7135,DEL_EXPLORED,-1
8,9,2,7135,DEL_CUTOFF,-1
8,9,1,7136,PUSH,-4,bcdefglhjpoankmi,-4,4,-1
8,9,2,7136,DEL_CUTOFF,4
8,9,1,7137,DEL_CUTOFF,-1
8,9,2,7137,DEL_CUTOFF,-4
8,9,1,7138,DEL_EXPLORED,4
8,9,2,7138,POP,-1,bchdjflegakinopm
8,9,1,7139,DEL_CUTOFF,-4
8,9,2,7139,DEL_EXPLORED,4
8,9,1,7140,POP,-4,bcdefglhjpoankmi
8,9,2,7140,PUSH,-4,bchdjfaegklinopm,-4,4,-1,1
8,9,1,7141,POP,1,bcdefglhjpoinkma
8,9,2,7141,DEL_CUTOFF,1
8,9,1,7142,PUSH,-1,bcdefglhjpoinakm,-4,-1,1
8,9,2,7142,DEL_CUTOFF,-1
8,9,1,7143,DEL_EXPLORED,1
8,9,2,7143,DEL_EXPLORED,4
8,9,1,7144,PUSH,-1,bcdefglhjpoiankm,-4,1
8,9,2,7144,DEL_CUTOFF,-4
8,9,1,7145,DEL_EXPLORED,1
8,9,2,7145,POP,-4,bchdjfaegklinopm
8,9,1,7146,DEL_CUTOFF,-4
8,9,2,7146,POP,-4,bchdjflegkainopm
8,9,1,7147,POP,-1,bcdefglhjpoiankm
8,9,2,7147,POP,1,bchdjflegkpinoam
8,9,1,7148,PUSH,-4,bcdefglhjaoinpkm,-4,4,-1,1
8,9,2,7148,PUSH,-1,bchdjflegkpianom,-4,1
8,9,1,7149,DEL_CUTOFF,1
8,9,2,7149,DEL_EXPLORED,1
8,9,1,7150,DEL_CUTOFF,-1
8,9,2,7150,PUSH,-4,bchdjfleakpignom,-4,4,1
8,9,1,7151,DEL_EXPLORED,4
8,9,2,7151,PUSH,1,bchdjflekapignom,-4,4,-1,1
8,9,1,7152,DEL_CUTOFF,-4
8,9,2,7152,DEL_CUTOFF,1
8,9,1,7153,POP,-4,bcdefglhjaoinpkm
8,9,2,7153,DEL_EXPLORED,-1
8,9,1,7154,POP,-1,bcdefglhjpoinakm
8,9,2,7154,DEL_CUTOFF,4
8,9,1,7155,DEL_EXPLORED,-4
8,9,2,7155,DEL_CUTOFF,-4
8,9,1,7156,POP,4,bcdefglhjpoinkam
8,9,2,7156,POP,1,bchdjflekapignom
8,9,1,7157,DEL_EXPLORED,-4
8,9,2,7157,DEL_EXPLORED,4
8,9,1,7158,POP,4,bcdefglhjpainkom
8,9,2,7158,PUSH,-4,bchdaflejkpignom,-4,4,1
8,9,1,7159,PUSH,-4,bcaefgdhjplinkom,4,-1,1
8,9,2,7159,DEL_CUTOFF,1
8,9,1,7160,PUSH,1,bceafgdhjplinkom,4,-1
8,9,2,7160,DEL_EXPLORED,4
8,9,1,7161,DEL_EXPLORED,-1
8,9,2,7161,DEL_CUTOFF,-4
8,9,1,7162,PUSH,4,bcehfgdajplinkom,-4,4,-1
8,9,2,7162,POP,-4,bchdaflejkpignom
8,9,1,7163,PUSH,-1,bcehfgadjplinkom,-4,4,-1,1
8,9,2,7163,POP,-4,bchdjfleakpignom
8,9,1,7164,DEL_EXPLORED,1
8,9,2,7164,POP,-1,bchdjflegkpianom
8,9,1,7165,DEL_CUTOFF,-1
8,9,2,7165,DEL_EXPLORED,-4
8,9,1,7166,DEL_CUTOFF,4
8,9,2,7166,POP,4,bchdjflegkpinaom
8,9,1,7167,DEL_CUTOFF,-4
8,9,2,7167,PUSH,-4,bchdjalegfpinkom,-4,4,-1,1
8,9,1,7168,POP,-1,bcehfgadjplinkom
8,9,2,7168,PUSH,1,bchdjlaegfpinkom,-4,4,-1,1
8,9,1,7169,PUSH,4,bcehfgdijplankom,-4,4,-1
8,9,2,7169,PUSH,1,bchdjleagfpinkom,-4,4,-1
8,9,1,7170,DEL_CUTOFF,-1
8,9,2,7170,DEL_EXPLORED,-1
8,9,1,7171,DEL_CUTOFF,4
8,9,2,7171,PUSH,4,bchdjleigfpankom,-4,4,-1
8,9,1,7172,DEL_EXPLORED,-4
8,9,2,7172,DEL_CUTOFF,-1
8,9,1,7173,POP,4,bcehfgdijplankom
8,9,2,7173,DEL_CUTOFF,4
8,9,1,7174,DEL_EXPLORED,-4
8,9,2,7174,DEL_EXPLORED,-4
8,9,1,7175,POP,4,bcehfgdajplinkom
8,9,2,7175,POP,4,bchdjleigfpankom
8,9,1,7176,POP,1,bceafgdhjplinkom
8,9,2,7176,PUSH,-4,bchajledgfpinkom,4,-1
8,9,1,7177,PUSH,-1,bacefgdhjplinkom,4,-1,1
8,9,2,7177,DEL_CUTOFF,-1
8,9,1,7178,DEL_EXPLORED,1
8,9,2,7178,DEL_EXPLORED,4
8,9,1,7179,PUSH,-1,abcefgdhjplinkom,4,1
8,9,2,7179,POP,-4,bchajledgfpinkom
8,9,1,7180,DEL_EXPLORED,1
8,9,2,7180,POP,1,bchdjleagfpinkom
8,9,1,7181,PUSH,4,fbceagdhjplinkom,-4,4,1
8,9,2,7181,DEL_EXPLORED,-1
8,9,1,7182,DEL_CUTOFF,1
8,9,2,7182,PUSH,4,bchdjlpegfainkom,-4,4,-1,1
8,9,1,7183,DEL_CUTOFF,4
8,9,2,7183,PUSH,1,bchdjlpegfiankom,-4,4,-1
8,9,1,7184,DEL_EXPLORED,-4
8,9,2,7184,DEL_EXPLORED,-1
8,9,1,7185,POP,4,fbceagdhjplinkom
8,9,2,7185,DEL_CUTOFF,4
8,9,1,7186,POP,-1,abcefgdhjplinkom
8,9,2,7186,DEL_CUTOFF,-4
8,9,1,7187,PUSH,4,bgcefadhjplinkom,-4,4,-1,1
8,9,2,7187,POP,1,bchdjlpegfiankom
8,9,1,7188,PUSH,1,bgcefdahjplinkom,-4,4,-1,1
8,9,2,7188,PUSH,-1,bchdjlpegafinkom,-4,4,-1,1
8,9,1,7189,DEL_CUTOFF,1
8,9,2,7189,DEL_EXPLORED,1
8,9,1,7190,DEL_EXPLORED,-1
8,9,2,7190,DEL_CUTOFF,-1
8,9,1,7191,DEL_CUTOFF,4
8,9,2,7191,DEL_CUTOFF,4
8,9,1,7192,DEL_CUTOFF,-4
8,9,2,7192,DEL_CUTOFF,-4
8,9,1,7193,POP,1,bgcefdahjplinkom
8,9,2,7193,POP,-1,bchdjlpegafinkom
8,9,1,7194,PUSH,-1,bgceafdhjplinkom,-4,4,1
8,9,2,7194,PUSH,4,bchdjlpegfoinkam,-4,-1,1
8,9,1,7195,DEL_EXPLORED,1
8,9,2,7195,DEL_CUTOFF,1
8,9,1,7196,DEL_CUTOFF,4
8,9,2,7196,DEL_CUTOFF,-1
8,9,1,7197,DEL_CUTOFF,-4
8,9,2,7197,DEL_EXPLORED,-4
8,9,1,7198,POP,-1,bgceafdhjplinkom
8,9,2,7198,POP,4,bchdjlpegfoinkam
8,9,1,7199,PUSH,4,bgcefpdhjalinkom,-4,4,-1,1
8,9,2,7199,DEL_EXPLORED,-4
8,9,1,7200,DEL_CUTOFF,1
8,9,2,7200,POP,4,bchdjlpegfainkom
8,9,1,7201,DEL_CUTOFF,-1
8,9,2,7201,PUSH,-4,bcadjlhegfpinkom,4,-1,1
8,9,1,7202,DEL_CUTOFF,4
8,9,2,7202,PUSH,1,bcdajlhegfpinkom,4,-1
8,9,1,7203,DEL_EXPLORED,-4
8,9,2,7203,DEL_EXPLORED,-1
8,9,1,7204,POP,4,bgcefpdhjalinkom
8,9,2,7204,DEL_CUTOFF,4
8,9,1,7205,DEL_EXPLORED,-4
8,9,2,7205,POP,1,bcdajlhegfpinkom
8,9,1,7206,POP,4,bgcefadhjplinkom
8,9,2,7206,PUSH,-1,bacdjlhegfpinkom,4,-1,1
8,9,1,7207,POP,-1,bacefgdhjplinkom
8,9,2,7207,DEL_EXPLORED,1
8,9,1,7208,DEL_EXPLORED,4
8,9,2,7208,DEL_CUTOFF,-1
8,9,1,7209,POP,-4,bcaefgdhjplinkom
8,9,2,7209,DEL_CUTOFF,4
8,9,1,7210,POP,-1,bcdefgahjplinkom
8,9,2,7210,POP,-1,bacdjlhegfpinkom
8,9,1,7211,PUSH,4,bcdefghijplankom,-4,4,-1
8,9,2,7211,DEL_EXPLORED,4
8,9,1,7212,PUSH,-1,bcdefghijpalnkom,-4,4,-1,1
8,9,2,7212,POP,-4,bcadjlhegfpinkom
8,9,1,7213,DEL_EXPLORED,1
8,9,2,7213,POP,1,bchdjlaegfpinkom
8,9,1,7214,PUSH,-1,bcdefghijaplnkom,-4,4,-1,1
8,9,2,7214,PUSH,-1,bchdajlegfpinkom,-4,4,1
8,9,1,7215,DEL_EXPLORED,1
8,9,2,7215,DEL_EXPLORED,1
8,9,1,7216,PUSH,-1,bcdefghiajplnkom,-4,4,1
8,9,2,7216,PUSH,4,bchdgjleafpinkom,-4,4,1
8,9,1,7217,DEL_EXPLORED,1
8,9,2,7217,PUSH,1,bchdgjlefapinkom,-4,4,-1,1
8,9,1,7218,PUSH,4,bcdefghinjplakom,-4,1
8,9,2,7218,DEL_CUTOFF,1
8,9,1,7219,DEL_CUTOFF,1
8,9,2,7219,DEL_EXPLORED,-1
8,9,1,7220,DEL_EXPLORED,-4
8,9,2,7220,DEL_CUTOFF,4
8,9,1,7221,POP,4,bcdefghinjplakom
8,9,2,7221,DEL_CUTOFF,-4
8,9,1,7222,PUSH,-4,bcdeaghifjplnkom,-4,4,1
8,9,2,7222,POP,1,bchdgjlefapinkom
8,9,1,7223,DEL_CUTOFF,1
8,9,2,7223,PUSH,4,bchdgjlenfpiakom,-4,1
8,9,1,7224,DEL_EXPLORED,4
8,9,2,7224,DEL_CUTOFF,1
8,9,1,7225,DEL_CUTOFF,-4
8,9,2,7225,DEL_EXPLORED,-4
8,9,1,7226,POP,-4,bcdeaghifjplnkom
8,9,2,7226,POP,4,bchdgjlenfpiakom
8,9,1,7227,POP,-1,bcdefghiajplnkom
8,9,2,7227,DEL_EXPLORED,-4
8,9,1,7228,PUSH,4,bcdefghijkplnaom,-4,-1,1
8,9,2,7228,POP,4,bchdgjleafpinkom
8,9,1,7229,PUSH,1,bcdefghijkplnoam,-4,-1,1
8,9,2,7229,PUSH,-4,achdbjlegfpinkom,4,1
8,9,1,7230,DEL_CUTOFF,1
8,9,2,7230,PUSH,1,cahdbjlegfpinkom,4,-1,1
8,9,1,7231,DEL_EXPLORED,-1
8,9,2,7231,DEL_CUTOFF,1
8,9,1,7232,DEL_CUTOFF,-4
8,9,2,7232,DEL_EXPLORED,-1
8,9,1,7233,POP,1,bcdefghijkplnoam
8,9,2,7233,DEL_CUTOFF,4
8,9,1,7234,PUSH,-1,bcdefghijkplanom,-4,1
8,9,2,7234,POP,1,cahdbjlegfpinkom
8,9,1,7235,DEL_EXPLORED,1
8,9,2,7235,DEL_EXPLORED,4
8,9,1,7236,DEL_CUTOFF,-4
8,9,2,7236,POP,-4,achdbjlegfpinkom
8,9,1,7237,POP,-1,bcdefghijkplanom
8,9,2,7237,POP,-1,bchdajlegfpinkom
8,9,1,7238,DEL_EXPLORED,-4
8,9,2,7238,DEL_EXPLORED,4
8,9,1,7239,POP,4,bcdefghijkplnaom
8,9,2,7239,PUSH,-4,bahdjclegfpinkom,4,-1,1
8,9,1,7240,PUSH,-4,bcdefahijgplnkom,-4,4,-1,1
8,9,2,7240,PUSH,1,bhadjclegfpinkom,4,-1,1
8,9,1,7241,PUSH,1,bcdefhaijgplnkom,-4,4,-1,1
8,9,2,7241,PUSH,1,bhdajclegfpinkom,4,-1
8,9,1,7242,DEL_CUTOFF,1
8,9,2,7242,DEL_EXPLORED,-1
8,9,1,7243,DEL_EXPLORED,-1
8,9,2,7243,DEL_CUTOFF,4
8,9,1,7244,DEL_CUTOFF,4
8,9,2,7244,POP,1,bhdajclegfpinkom
8,9,1,7245,DEL_CUTOFF,-4
8,9,2,7245,DEL_EXPLORED,-1
8,9,1,7246,POP,1,bcdefhaijgplnkom
8,9,2,7246,PUSH,4,bhldjcaegfpinkom,-4,4,-1,1
8,9,1,7247,PUSH,-1,bcdeafhijgplnkom,-4,4,1
8,9,2,7247,DEL_CUTOFF,1
8,9,1,7248,DEL_EXPLORED,1
8,9,2,7248,DEL_CUTOFF,-1
8,9,1,7249,DEL_CUTOFF,4
8,9,2,7249,DEL_CUTOFF,4
8,9,1,7250,DEL_CUTOFF,-4
8,9,2,7250,DEL_EXPLORED,-4
8,9,1,7251,POP,-1,bcdeafhijgplnkom
8,9,2,7251,POP,4,bhldjcaegfpinkom
8,9,1,7252,DEL_EXPLORED,4
8,9,2,7252,POP,1,bhadjclegfpinkom
8,9,1,7253,PUSH,-4,badefchijgplnkom,4,-1,1
8,9,2,7253,PUSH,-1,abhdjclegfpinkom,4,1
8,9,1,7254,DEL_CUTOFF,1
8,9,2,7254,DEL_EXPLORED,1
8,9,1,7255,DEL_CUTOFF,-1
8,9,2,7255,PUSH,4,jbhdaclegfpinkom,-4,4,1
8,9,1,7256,DEL_EXPLORED,4
8,9,2,7256,DEL_CUTOFF,1
8,9,1,7257,POP,-4,badefchijgplnkom
8,9,2,7257,DEL_CUTOFF,4
8,9,1,7258,POP,-4,bcdefahijgplnkom
8,9,2,7258,DEL_EXPLORED,-4
8,9,1,7259,POP,-1,bcdefghijaplnkom
8,9,2,7259,POP,4,jbhdaclegfpinkom
8,9,1,7260,PUSH,4,bcdefghijpolnkam,-4,-1,1
8,9,2,7260,POP,-1,abhdjclegfpinkom
8,9,1,7261,PUSH,1,bcdefghijpolnkma,-4,-1
8,9,2,7261,DEL_EXPLORED,4
8,9,1,7262,DEL_EXPLORED,-1
8,9,2,7262,POP,-4,bahdjclegfpinkom
8,9,1,7263,PUSH,-4,bcdefghijpoankml,-4,4,-1
8,9,2,7263,POP,-4,bchdjalegfpinkom
8,9,1,7264,DEL_CUTOFF,-1
8,9,2,7264,POP,1,bchdjflegapinkom
8,9,1,7265,DEL_EXPLORED,4
8,9,2,7265,PUSH,4,bchdjflengpiakom,-4,1
8,9,1,7266,DEL_CUTOFF,-4
8,9,2,7266,PUSH,1,bchdjflengpikaom,-4,-1,1
8,9,1,7267,POP,-4,bcdefghijpoankml
8,9,2,7267,PUSH,1,bchdjflengpikoam,-4,-1,1
8,9,1,7268,POP,1,bcdefghijpolnkma
8,9,2,7268,PUSH,1,bchdjflengpikoma,-4,-1
8,9,1,7269,PUSH,-1,bcdefghijpolnakm,-4,-1,1
8,9,2,7269,DEL_EXPLORED,-1
8,9,1,7270,DEL_EXPLORED,1
8,9,2,7270,PUSH,-4,bchdjflengpakomi,-4,4,-1
8,9,1,7271,PUSH,-1,bcdefghijpolankm,-4,1
8,9,2,7271,DEL_CUTOFF,-1
8,9,1,7272,DEL_EXPLORED,1
8,9,2,7272,DEL_EXPLORED,4
8,9,1,7273,DEL_CUTOFF,-4
8,9,2,7273,DEL_CUTOFF,-4
8,9,1,7274,POP,-1,bcdefghijpolankm
8,9,2,7274,POP,-4,bchdjflengpakomi
8,9,1,7275,PUSH,-4,bcdefghijaolnpkm,-4,4,-1,1
8,9,2,7275,POP,1,bchdjflengpikoma
8,9,1,7276,DEL_CUTOFF,1
8,9,2,7276,DEL_EXPLORED,-1
8,9,1,7277,DEL_CUTOFF,-1
8,9,2,7277,PUSH,-4,bchdjflengaikopm,-4,4,-1,1
8,9,1,7278,DEL_EXPLORED,4
8,9,2,7278,PUSH,1,bchdjflengiakopm,-4,4,-1
8,9,1,7279,DEL_CUTOFF,-4
8,9,2,7279,DEL_EXPLORED,-1
8,9,1,7280,POP,-4,bcdefghijaolnpkm
8,9,2,7280,DEL_CUTOFF,4
8,9,1,7281,POP,-1,bcdefghijpolnakm
8,9,2,7281,DEL_CUTOFF,-4
8,9,1,7282,DEL_EXPLORED,-4
8,9,2,7282,POP,1,bchdjflengiakopm
8,9,1,7283,POP,4,bcdefghijpolnkam
8,9,2,7283,PUSH,-1,bchdjflenagikopm,-4,4,-1,1
8,9,1,7284,PUSH,-4,bcdefgaijphlnkom,-4,4,-1,1
8,9,2,7284,DEL_EXPLORED,1
8,9,1,7285,PUSH,1,bcdefgiajphlnkom,-4,4,-1
8,9,2,7285,DEL_CUTOFF,-1
8,9,1,7286,DEL_EXPLORED,-1
8,9,2,7286,DEL_CUTOFF,4
8,9,1,7287,PUSH,4,bcdefgiljphankom,-4,4,-1
8,9,2,7287,DEL_CUTOFF,-4
8,9,1,7288,DEL_CUTOFF,-1
8,9,2,7288,POP,-1,bchdjflenagikopm
8,9,1,7289,DEL_CUTOFF,4
8,9,2,7289,DEL_EXPLORED,4
8,9,1,7290,DEL_EXPLORED,-4
8,9,2,7290,PUSH,-4,bchdjfaenglikopm,-4,4,-1,1
8,9,1,7291,POP,4,bcdefgiljphankom
8,9,2,7291,DEL_CUTOFF,1
8,9,1,7292,PUSH,-4,bcdafgiejphlnkom,4,-1
8,9,2,7292,DEL_CUTOFF,-1
8,9,1,7293,DEL_CUTOFF,-1
8,9,2,7293,DEL_EXPLORED,4
8,9,1,7294,DEL_EXPLORED,4
8,9,2,7294,DEL_CUTOFF,-4
8,9,1,7295,POP,-4,bcdafgiejphlnkom
8,9,2,7295,POP,-4,bchdjfaenglikopm
8,9,1,7296,POP,1,bcdefgiajphlnkom
8,9,2,7296,POP,-4,bchdjflengaikopm
8,9,1,7297,PUSH,-1,bcdefagijphlnkom,-4,4,-1,1
8,9,2,7297,POP,1,bchdjflengpikoam
8,9,1,7298,DEL_EXPLORED,1
8,9,2,7298,DEL_EXPLORED,-1
8,9,1,7299,PUSH,-1,bcdeafgijphlnkom,-4,4,1
8,9,2,7299,PUSH,-4,bchdjflenapikgom,-4,4,-1,1
8,9,1,7300,DEL_EXPLORED,1
8,9,2,7300,PUSH,1,bchdjflenpaikgom,-4,4,-1,1
8,9,1,7301,DEL_CUTOFF,4
8,9,2,7301,PUSH,1,bchdjflenpiakgom,-4,4,-1
8,9,1,7302,DEL_CUTOFF,-4
8,9,2,7302,DEL_EXPLORED,-1
8,9,1,7303,POP,-1,bcdeafgijphlnkom
8,9,2,7303,DEL_CUTOFF,4
8,9,1,7304,PUSH,4,bcdefpgijahlnkom,-4,4,-1,1
8,9,2,7304,DEL_CUTOFF,-4
8,9,1,7305,DEL_CUTOFF,1
8,9,2,7305,POP,1,bchdjflenpiakgom
8,9,1,7306,DEL_CUTOFF,-1
8,9,2,7306,DEL_EXPLORED,-1
8,9,1,7307,DEL_CUTOFF,4
8,9,2,7307,PUSH,4,bchdjflenpoikgam,-4,-1,1
8,9,1,7308,DEL_EXPLORED,-4
8,9,2,7308,DEL_CUTOFF,1
8,9,1,7309,POP,4,bcdefpgijahlnkom
8,9,2,7309,DEL_CUTOFF,-1
8,9,1,7310,PUSH,-4,badefcgijphlnkom,4,-1,1
8,9,2,7310,DEL_EXPLORED,-4
8,9,1,7311,DEL_CUTOFF,1
8,9,2,7311,POP,4,bchdjflenpoikgam
8,9,1,7312,DEL_CUTOFF,-1
8,9,2,7312,PUSH,-4,bchdjfaenplikgom,-4,4,-1,1
8,9,1,7313,DEL_EXPLORED,4
8,9,2,7313,DEL_CUTOFF,1
8,9,1,7314,POP,-4,badefcgijphlnkom
8,9,2,7314,DEL_CUTOFF,-1
8,9,1,7315,POP,-1,bcdefagijphlnkom
8,9,2,7315,DEL_EXPLORED,4
8,9,1,7316,DEL_EXPLORED,4
8,9,2,7316,DEL_CUTOFF,-4
8,9,1,7317,PUSH,-4,bcaefgdijphlnkom,4,-1,1
8,9,2,7317,POP,-4,bchdjfaenplikgom
8,9,1,7318,PUSH,1,bceafgdijphlnkom,4,-1
8,9,2,7318,POP,1,bchdjflenpaikgom
8,9,1,7319,DEL_EXPLORED,-1
8,9,2,7319,PUSH,-1,bchdjfleanpikgom,-4,4,1
8,9,1,7320,DEL_CUTOFF,4
8,9,2,7320,DEL_EXPLORED,1
8,9,1,7321,POP,1,bceafgdijphlnkom
8,9,2,7321,PUSH,4,bchdjfleknpiagom,-4,1
8,9,1,7322,PUSH,-1,bacefgdijphlnkom,4,-1,1
8,9,2,7322,DEL_CUTOFF,1
8,9,1,7323,DEL_EXPLORED,1
8,9,2,7323,DEL_EXPLORED,-4
8,9,1,7324,DEL_CUTOFF,-1
8,9,2,7324,POP,4,bchdjfleknpiagom
8,9,1,7325,DEL_CUTOFF,4
8,9,2,7325,PUSH,-4,bchdaflejnpikgom,-4,4,1
8,9,1,7326,POP,-1,bacefgdijphlnkom
8,9,2,7326,DEL_CUTOFF,1
8,9,1,7327,DEL_EXPLORED,4
8,9,2,7327,DEL_EXPLORED,4
8,9,1,7328,POP,-4,bcaefgdijphlnkom
8,9,2,7328,DEL_CUTOFF,-4
8,9,1,7329,POP,-4,bcdefgaijphlnkom
8,9,2,7329,POP,-4,bchdaflejnpikgom
8,9,1,7330,POP,-1,bcdefghijpalnkom
8,9,2,7330,POP,-1,bchdjfleanpikgom
8,9,1,7331,PUSH,4,bcdefghijplmnkoa,-4,-1
8,9,2,7331,DEL_EXPLORED,4
8,9,1,7332,PUSH,-1,bcdefghijplmnkao,-4,-1,1
8,9,2,7332,PUSH,-4,bchdjalenfpikgom,-4,4,-1,1
8,9,1,7333,DEL_EXPLORED,1
8,9,2,7333,PUSH,1,bchdjlaenfpikgom,-4,4,-1,1
8,9,1,7334,PUSH,-1,bcdefghijplmnako,-4,-1,1
8,9,2,7334,DEL_CUTOFF,1
8,9,1,7335,DEL_EXPLORED,1
8,9,2,7335,DEL_EXPLORED,-1
8,9,1,7336,PUSH,-1,bcdefghijplmanko,-4,1
8,9,2,7336,DEL_CUTOFF,4
8,9,1,7337,DEL_EXPLORED,1
8,9,2,7337,DEL_CUTOFF,-4
8,9,1,7338,DEL_CUTOFF,-4
8,9,2,7338,POP,1,bchdjlaenfpikgom
8,9,1,7339,POP,-1,bcdefghijplmanko
8,9,2,7339,PUSH,-1,bchdajlenfpikgom,-4,4,1
8,9,1,7340,PUSH,-4,bcdefghijalmnpko,-4,4,-1,1
8,9,2,7340,DEL_EXPLORED,1
8,9,1,7341,DEL_CUTOFF,1
8,9,2,7341,DEL_CUTOFF,4
8,9,1,7342,DEL_CUTOFF,-1
8,9,2,7342,DEL_CUTOFF,-4
8,9,1,7343,DEL_EXPLORED,4
8,9,2,7343,POP,-1,bchdajlenfpikgom
8,9,1,7344,DEL_CUTOFF,-4
8,9,2,7344,DEL_EXPLORED,4
8,9,1,7345,POP,-4,bcdefghijalmnpko
8,9,2,7345,PUSH,-4,bahdjclenfpikgom,4,-1,1
8,9,1,7346,POP,-1,bcdefghijplmnako
8,9,2,7346,DEL_CUTOFF,1
8,9,1,7347,PUSH,-4,bcdefghijpamnklo,-4,4,-1,1
8,9,2,7347,DEL_CUTOFF,-1
8,9,1,7348,PUSH,1,bcdefghijpmanklo,-4,4,-1
8,9,2,7348,DEL_EXPLORED,4
8,9,1,7349,DEL_EXPLORED,-1
8,9,2,7349,POP,-4,bahdjclenfpikgom
8,9,1,7350,DEL_CUTOFF,4
8,9,2,7350,POP,-4,bchdjalenfpikgom
8,9,1,7351,DEL_CUTOFF,-4
8,9,2,7351,POP,-4,bchdjflenapikgom
8,9,1,7352,POP,1,bcdefghijpmanklo
8,9,2,7352,POP,1,bchdjflengpikaom
8,9,1,7353,PUSH,-1,bcdefghijapmnklo,-4,4,-1,1
8,9,2,7353,DEL_EXPLORED,-4
8,9,1,7354,DEL_EXPLORED,1
8,9,2,7354,POP,4,bchdjflengpiakom
8,9,1,7355,DEL_CUTOFF,-1
8,9,2,7355,DEL_EXPLORED,-4
8,9,1,7356,DEL_CUTOFF,4
8,9,2,7356,POP,4,bchdjfleagpinkom
8,9,1,7357,DEL_CUTOFF,-4
8,9,2,7357,PUSH,-4,achdbflejgpinkom,4,1
8,9,1,7358,POP,-1,bcdefghijapmnklo
8,9,2,7358,PUSH,1,cahdbflejgpinkom,4,-1,1
8,9,1,7359,DEL_EXPLORED,4
8,9,2,7359,PUSH,1,chadbflejgpinkom,4,-1,1
8,9,1,7360,PUSH,-4,bcdefgaijphmnklo,-4,4,-1,1
8,9,2,7360,PUSH,1,chdabflejgpinkom,4,-1
8,9,1,7361,DEL_CUTOFF,1
8,9,2,7361,DEL_EXPLORED,-1
8,9,1,7362,DEL_CUTOFF,-1
8,9,2,7362,PUSH,4,chdebflajgpinkom,-4,4,-1
8,9,1,7363,DEL_EXPLORED,4
8,9,2,7363,PUSH,-1,chdebfaljgpinkom,-4,4,-1,1
8,9,1,7364,DEL_CUTOFF,-4
8,9,2,7364,DEL_EXPLORED,1
8,9,1,7365,POP,-4,bcdefgaijphmnklo
8,9,2,7365,DEL_CUTOFF,-1
8,9,1,7366,POP,-4,bcdefghijpamnklo
8,9,2,7366,DEL_CUTOFF,4
8,9,1,7367,POP,-1,bcdefghijplmnkao
8,9,2,7367,DEL_CUTOFF,-4
8,9,1,7368,DEL_EXPLORED,-4
8,9,2,7368,POP,-1,chdebfaljgpinkom
8,9,1,7369,POP,4,bcdefghijplmnkoa
8,9,2,7369,PUSH,4,chdebflijgpankom,-4,4,-1
8,9,1,7370,DEL_EXPLORED,-4
8,9,2,7370,DEL_CUTOFF,-1
8,9,1,7371,POP,4,bcdefghijplankom
8,9,2,7371,DEL_CUTOFF,4
8,9,1,7372,DEL_EXPLORED,-4
8,9,2,7372,DEL_EXPLORED,-4
8,9,1,7373,POP,4,bcdefghajplinkom
8,9,2,7373,POP,4,chdebflijgpankom
8,9,1,7374,POP,1,bcdafghejplinkom
8,9,2,7374,DEL_EXPLORED,-4
8,9,1,7375,PUSH,-1,bacdfghejplinkom,4,-1,1
8,9,2,7375,POP,4,chdebflajgpinkom
8,9,1,7376,DEL_EXPLORED,1
8,9,2,7376,POP,1,chdabflejgpinkom
8,9,1,7377,PUSH,-1,abcdfghejplinkom,4,1
8,9,2,7377,DEL_EXPLORED,-1
8,9,1,7378,DEL_EXPLORED,1
8,9,2,7378,PUSH,4,chldbfaejgpinkom,-4,4,-1,1
8,9,1,7379,PUSH,4,fbcdaghejplinkom,-4,4,1
8,9,2,7379,PUSH,1,chldbfeajgpinkom,-4,4,-1
8,9,1,7380,PUSH,1,fbcdgahejplinkom,-4,4,-1,1
8,9,2,7380,DEL_EXPLORED,-1
8,9,1,7381,PUSH,1,fbcdghaejplinkom,-4,4,-1,1
8,9,2,7381,PUSH,4,chldbfeijgpankom,-4,4,-1
8,9,1,7382,PUSH,1,fbcdgheajplinkom,-4,4,-1
8,9,2,7382,DEL_CUTOFF,-1
8,9,1,7383,DEL_EXPLORED,-1
8,9,2,7383,DEL_CUTOFF,4
8,9,1,7384,PUSH,4,fbcdgheijplankom,-4,4,-1
8,9,2,7384,DEL_EXPLORED,-4
8,9,1,7385,DEL_CUTOFF,-1
8,9,2,7385,POP,4,chldbfeijgpankom
8,9,1,7386,DEL_CUTOFF,4
8,9,2,7386,PUSH,-4,chlabfedjgpinkom,4,-1
8,9,1,7387,DEL_EXPLORED,-4
8,9,2,7387,DEL_CUTOFF,-1
8,9,1,7388,POP,4,fbcdgheijplankom
8,9,2,7388,DEL_EXPLORED,4
8,9,1,7389,PUSH,-4,fbcaghedjplinkom,4,-1
8,9,2,7389,POP,-4,chlabfedjgpinkom
8,9,1,7390,DEL_CUTOFF,-1
8,9,2,7390,POP,1,chldbfeajgpinkom
8,9,1,7391,DEL_EXPLORED,4
8,9,2,7391,PUSH,-1,chldbafejgpinkom,-4,4,-1,1
8,9,1,7392,POP,-4,fbcaghedjplinkom
8,9,2,7392,DEL_EXPLORED,1
8,9,1,7393,POP,1,fbcdgheajplinkom
8,9,2,7393,PUSH,-1,chldabfejgpinkom,-4,4,1
8,9,1,7394,DEL_EXPLORED,-1
8,9,2,7394,DEL_EXPLORED,1
8,9,1,7395,PUSH,4,fbcdghlejpainkom,-4,4,-1,1
8,9,2,7395,DEL_CUTOFF,4
8,9,1,7396,PUSH,1,fbcdghlejpiankom,-4,4,-1
8,9,2,7396,DEL_CUTOFF,-4
8,9,1,7397,DEL_EXPLORED,-1
8,9,2,7397,POP,-1,chldabfejgpinkom
8,9,1,7398,DEL_CUTOFF,4
8,9,2,7398,PUSH,4,chldbgfejapinkom,-4,4,-1,1
8,9,1,7399,DEL_CUTOFF,-4
8,9,2,7399,DEL_CUTOFF,1
8,9,1,7400,POP,1,fbcdghlejpiankom
8,9,2,7400,DEL_CUTOFF,-1
8,9,1,7401,PUSH,-1,fbcdghlejapinkom,-4,4,-1,1
8,9,2,7401,DEL_CUTOFF,4
8,9,1,7402,DEL_EXPLORED,1
8,9,2,7402,DEL_EXPLORED,-4
8,9,1,7403,DEL_CUTOFF,-1
8,9,2,7403,POP,4,chldbgfejapinkom
8,9,1,7404,DEL_CUTOFF,4
8,9,2,7404,PUSH,-4,caldbhfejgpinkom,4,-1,1
8,9,1,7405,DEL_CUTOFF,-4
8,9,2,7405,DEL_CUTOFF,1
8,9,1,7406,POP,-1,fbcdghlejapinkom
8,9,2,7406,DEL_CUTOFF,-1
8,9,1,7407,PUSH,4,fbcdghlejpoinkam,-4,-1,1
8,9,2,7407,DEL_EXPLORED,4
8,9,1,7408,DEL_CUTOFF,1
8,9,2,7408,POP,-4,caldbhfejgpinkom
8,9,1,7409,DEL_CUTOFF,-1
8,9,2,7409,POP,-1,chldbafejgpinkom
8,9,1,7410,DEL_EXPLORED,-4
8,9,2,7410,PUSH,4,chldbfpejgainkom,-4,4,-1,1
8,9,1,7411,POP,4,fbcdghlejpoinkam
8,9,2,7411,PUSH,1,chldbfpejgiankom,-4,4,-1
8,9,1,7412,DEL_EXPLORED,-4
8,9,2,7412,DEL_EXPLORED,-1
8,9,1,7413,POP,4,fbcdghlejpainkom
8,9,2,7413,DEL_CUTOFF,4
8,9,1,7414,PUSH,-4,fbadghcejplinkom,4,-1,1
8,9,2,7414,DEL_CUTOFF,-4
8,9,1,7415,PUSH,1,fbdaghcejplinkom,4,-1
8,9,2,7415,POP,1,chldbfpejgiankom
8,9,1,7416,DEL_EXPLORED,-1
8,9,2,7416,PUSH,-1,chldbfpejaginkom,-4,4,-1,1
8,9,1,7417,DEL_CUTOFF,4
8,9,2,7417,DEL_EXPLORED,1
8,9,1,7418,POP,1,fbdaghcejplinkom
8,9,2,7418,DEL_CUTOFF,-1
8,9,1,7419,PUSH,-1,fabdghcejplinkom,4,-1,1
8,9,2,7419,DEL_CUTOFF,4
8,9,1,7420,DEL_EXPLORED,1
8,9,2,7420,DEL_CUTOFF,-4
8,9,1,7421,DEL_CUTOFF,-1
8,9,2,7421,POP,-1,chldbfpejaginkom
8,9,1,7422,DEL_CUTOFF,4
8,9,2,7422,PUSH,4,chldbfpejgoinkam,-4,-1,1
8,9,1,7423,POP,-1,fabdghcejplinkom
8,9,2,7423,DEL_CUTOFF,1
8,9,1,7424,DEL_EXPLORED,4
8,9,2,7424,DEL_CUTOFF,-1
8,9,1,7425,POP,-4,fbadghcejplinkom
8,9,2,7425,DEL_EXPLORED,-4
8,9,1,7426,POP,1,fbcdghaejplinkom
8,9,2,7426,POP,4,chldbfpejgoinkam
8,9,1,7427,DEL_EXPLORED,-1
8,9,2,7427,DEL_EXPLORED,-4
8,9,1,7428,PUSH,4,fbcdgphejalinkom,-4,4,-1,1
8,9,2,7428,POP,4,chldbfpejgainkom
8,9,1,7429,PUSH,1,fbcdgphejlainkom,-4,4,-1,1
8,9,2,7429,DEL_EXPLORED,-4
8,9,1,7430,PUSH,1,fbcdgphejliankom,-4,4,-1
8,9,2,7430,POP,4,chldbfaejgpinkom
8,9,1,7431,DEL_EXPLORED,-1
8,9,2,7431,POP,1,chadbflejgpinkom
8,9,1,7432,DEL_CUTOFF,4
8,9,2,7432,DEL_EXPLORED,-1
8,9,1,7433,DEL_CUTOFF,-4
8,9,2,7433,PUSH,4,cfhdbalejgpinkom,-4,4,-1,1
8,9,1,7434,POP,1,fbcdgphejliankom
8,9,2,7434,PUSH,1,cfhdblaejgpinkom,-4,4,-1,1
8,9,1,7435,DEL_EXPLORED,-1
8,9,2,7435,PUSH,1,cfhdbleajgpinkom,-4,4,-1
8,9,1,7436,PUSH,4,fbcdgphejloinkam,-4,-1,1
8,9,2,7436,DEL_EXPLORED,-1
8,9,1,7437,DEL_CUTOFF,1
8,9,2,7437,PUSH,4,cfhdbleijgpankom,-4,4,-1
8,9,1,7438,DEL_CUTOFF,-1
8,9,2,7438,DEL_CUTOFF,-1
8,9,1,7439,DEL_EXPLORED,-4
8,9,2,7439,DEL_CUTOFF,4
8,9,1,7440,POP,4,fbcdgphejloinkam
8,9,2,7440,DEL_EXPLORED,-4
8,9,1,7441,PUSH,-4,fbcdgpaejlhinkom,-4,4,-1,1
8,9,2,7441,POP,4,cfhdbleijgpankom
8,9,1,7442,DEL_CUTOFF,1
8,9,2,7442,PUSH,-4,cfhabledjgpinkom,4,-1
8,9,1,7443,DEL_CUTOFF,-1
8,9,2,7443,DEL_CUTOFF,-1
8,9,1,7444,DEL_EXPLORED,4
8,9,2,7444,DEL_EXPLORED,4
8,9,1,7445,DEL_CUTOFF,-4
8,9,2,7445,POP,-4,cfhabledjgpinkom
8,9,1,7446,POP,-4,fbcdgpaejlhinkom
8,9,2,7446,POP,1,cfhdbleajgpinkom
8,9,1,7447,POP,1,fbcdgphejlainkom
8,9,2,7447,DEL_EXPLORED,-1
8,9,1,7448,PUSH,-1,fbcdgpheajlinkom,-4,4,1
8,9,2,7448,PUSH,4,cfhdblpejgainkom,-4,4,-1,1
8,9,1,7449,DEL_EXPLORED,1
8,9,2,7449,PUSH,1,cfhdblpejgiankom,-4,4,-1
8,9,1,7450,PUSH,4,fbcdgphenjliakom,-4,1
8,9,2,7450,DEL_EXPLORED,-1
8,9,1,7451,DEL_CUTOFF,1
8,9,2,7451,DEL_CUTOFF,4
8,9,1,7452,DEL_EXPLORED,-4
8,9,2,7452,DEL_CUTOFF,-4
8,9,1,7453,POP,4,fbcdgphenjliakom
8,9,2,7453,POP,1,cfhdblpejgiankom
8,9,1,7454,PUSH,-4,fbcdaphegjlinkom,-4,4,1
8,9,2,7454,PUSH,-1,cfhdblpejaginkom,-4,4,-1,1
8,9,1,7455,DEL_CUTOFF,1
8,9,2,7455,DEL_EXPLORED,1
8,9,1,7456,DEL_EXPLORED,4
8,9,2,7456,DEL_CUTOFF,-1
8,9,1,7457,DEL_CUTOFF,-4
8,9,2,7457,DEL_CUTOFF,4
8,9,1,7458,POP,-4,fbcdaphegjlinkom
8,9,2,7458,DEL_CUTOFF,-4
8,9,1,7459,POP,-1,fbcdgpheajlinkom
8,9,2,7459,POP,-1,cfhdblpejaginkom
8,9,1,7460,PUSH,4,fbcdgphejklinaom,-4,-1,1
8,9,2,7460,PUSH,4,cfhdblpejgoinkam,-4,-1,1
8,9,1,7461,PUSH,1,fbcdgphejklinoam,-4,-1,1
8,9,2,7461,DEL_CUTOFF,1
8,9,1,7462,DEL_CUTOFF,1
8,9,2,7462,DEL_CUTOFF,-1
8,9,1,7463,DEL_EXPLORED,-1
8,9,2,7463,DEL_EXPLORED,-4
8,9,1,7464,DEL_CUTOFF,-4
8,9,2,7464,POP,4,cfhdblpejgoinkam
8,9,1,7465,POP,1,fbcdgphejklinoam
8,9,2,7465,DEL_EXPLORED,-4
8,9,1,7466,PUSH,-1,fbcdgphejklianom,-4,1
8,9,2,7466,POP,4,cfhdblpejgainkom
8,9,1,7467,DEL_EXPLORED,1
8,9,2,7467,PUSH,-4,cfadblhejgpinkom,4,-1,1
8,9,1,7468,DEL_CUTOFF,-4
8,9,2,7468,PUSH,1,cfdablhejgpinkom,4,-1
8,9,1,7469,POP,-1,fbcdgphejklianom
8,9,2,7469,DEL_EXPLORED,-1
8,9,1,7470,DEL_EXPLORED,-4
8,9,2,7470,DEL_CUTOFF,4
8,9,1,7471,POP,4,fbcdgphejklinaom
8,9,2,7471,POP,1,cfdablhejgpinkom
8,9,1,7472,DEL_EXPLORED,-4
8,9,2,7472,PUSH,-1,cafdblhejgpinkom,4,-1,1
8,9,1,7473,POP,4,fbcdgphejalinkom
8,9,2,7473,DEL_EXPLORED,1
8,9,1,7474,PUSH,-4,facdgbhejplinkom,4,-1,1
8,9,2,7474,DEL_CUTOFF,-1
8,9,1,7475,PUSH,1,fcadgbhejplinkom,4,-1,1
8,9,2,7475,DEL_CUTOFF,4
8,9,1,7476,PUSH,1,fcdagbhejplinkom,4,-1
8,9,2,7476,POP,-1,cafdblhejgpinkom
8,9,1,7477,DEL_EXPLORED,-1
8,9,2,7477,DEL_EXPLORED,4
8,9,1,7478,DEL_CUTOFF,4
8,9,2,7478,POP,-4,cfadblhejgpinkom
8,9,1,7479,POP,1,fcdagbhejplinkom
8,9,2,7479,POP,1,cfhdblaejgpinkom
8,9,1,7480,DEL_EXPLORED,-1
8,9,2,7480,PUSH,-1,cfhdablejgpinkom,-4,4,1
8,9,1,7481,PUSH,4,fchdgbaejplinkom,-4,4,-1,1
8,9,2,7481,DEL_EXPLORED,1
8,9,1,7482,DEL_CUTOFF,1
8,9,2,7482,PUSH,4,cfhdjbleagpinkom,-4,4,1
8,9,1,7483,DEL_CUTOFF,-1
8,9,2,7483,PUSH,1,cfhdjblegapinkom,-4,4,-1,1
8,9,1,7484,DEL_CUTOFF,4
8,9,2,7484,DEL_CUTOFF,1
8,9,1,7485,DEL_EXPLORED,-4
8,9,2,7485,DEL_EXPLORED,-1
8,9,1,7486,POP,4,fchdgbaejplinkom
8,9,2,7486,DEL_CUTOFF,4
8,9,1,7487,POP,1,fcadgbhejplinkom
8,9,2,7487,DEL_CUTOFF,-4
8,9,1,7488,PUSH,-1,afcdgbhejplinkom,4,1
8,9,2,7488,POP,1,cfhdjblegapinkom
8,9,1,7489,DEL_EXPLORED,1
8,9,2,7489,PUSH,4,cfhdjblengpiakom,-4,1
8,9,1,7490,PUSH,4,gfcdabhejplinkom,-4,4,1
8,9,2,7490,DEL_CUTOFF,1
8,9,1,7491,DEL_CUTOFF,1
8,9,2,7491,DEL_EXPLORED,-4
8,9,1,7492,DEL_CUTOFF,4
8,9,2,7492,POP,4,cfhdjblengpiakom
8,9,1,7493,DEL_EXPLORED,-4
8,9,2,7493,DEL_EXPLORED,-4
8,9,1,7494,POP,4,gfcdabhejplinkom
8,9,2,7494,POP,4,cfhdjbleagpinkom
8,9,1,7495,POP,-1,afcdgbhejplinkom
8,9,2,7495,PUSH,-4,afhdcblejgpinkom,4,1
8,9,1,7496,DEL_EXPLORED,4
8,9,2,7496,PUSH,1,fahdcblejgpinkom,4,-1,1
8,9,1,7497,POP,-4,facdgbhejplinkom
8,9,2,7497,DEL_CUTOFF,1
8,9,1,7498,POP,1,fbcdgahejplinkom
8,9,2,7498,DEL_EXPLORED,-1
8,9,1,7499,PUSH,4,fbcdjgheaplinkom,-4,4,1
8,9,2,7499,DEL_CUTOFF,4
8,9,1,7500,PUSH,1,fbcdjghepalinkom,-4,4,-1,1
8,9,2,7500,POP,1,fahdcblejgpinkom
8,9,1,7501,PUSH,1,fbcdjgheplainkom,-4,4,-1,1
8,9,2,7501,DEL_EXPLORED,4
8,9,1,7502,PUSH,1,fbcdjghepliankom,-4,4,-1
8,9,2,7502,POP,-4,afhdcblejgpinkom
8,9,1,7503,DEL_EXPLORED,-1
8,9,2,7503,POP,-1,cfhdablejgpinkom
8,9,1,7504,DEL_CUTOFF,4
8,9,2,7504,PUSH,4,cfhdbglejapinkom,-4,4,-1,1
8,9,1,7505,DEL_CUTOFF,-4
8,9,2,7505,PUSH,1,cfhdbglejpainkom,-4,4,-1,1
8,9,1,7506,POP,1,fbcdjghepliankom
8,9,2,7506,PUSH,1,cfhdbglejpiankom,-4,4,-1
8,9,1,7507,DEL_EXPLORED,-1
8,9,2,7507,DEL_EXPLORED,-1
8,9,1,7508,PUSH,4,fbcdjgheploinkam,-4,-1,1
8,9,2,7508,DEL_CUTOFF,4
8,9,1,7509,DEL_CUTOFF,1
8,9,2,7509,DEL_CUTOFF,-4
8,9,1,7510,DEL_CUTOFF,-1
8,9,2,7510,POP,1,cfhdbglejpiankom
8,9,1,7511,DEL_EXPLORED,-4
8,9,2,7511,DEL_EXPLORED,-1
8,9,1,7512,POP,4,fbcdjgheploinkam
8,9,2,7512,PUSH,4,cfhdbglejpoinkam,-4,-1,1
8,9,1,7513,PUSH,-4,fbcdjgaeplhinkom,-4,4,-1,1
8,9,2,7513,DEL_CUTOFF,1
8,9,1,7514,DEL_CUTOFF,1
8,9,2,7514,DEL_CUTOFF,-1
8,9,1,7515,DEL_CUTOFF,-1
8,9,2,7515,DEL_EXPLORED,-4
8,9,1,7516,DEL_EXPLORED,4
8,9,2,7516,POP,4,cfhdbglejpoinkam
8,9,1,7517,DEL_CUTOFF,-4
8,9,2,7517,PUSH,-4,cfhdbgaejplinkom,-4,4,-1,1
8,9,1,7518,POP,-4,fbcdjgaeplhinkom
8,9,2,7518,DEL_CUTOFF,1
8,9,1,7519,POP,1,fbcdjgheplainkom
8,9,2,7519,DEL_CUTOFF,-1
8,9,1,7520,DEL_EXPLORED,-1
8,9,2,7520,DEL_EXPLORED,4
8,9,1,7521,PUSH,4,fbcdjghepklinaom,-4,-1,1
8,9,2,7521,DEL_CUTOFF,-4
8,9,1,7522,PUSH,1,fbcdjghepklinoam,-4,-1,1
8,9,2,7522,POP,-4,cfhdbgaejplinkom
8,9,1,7523,DEL_CUTOFF,1
8,9,2,7523,POP,1,cfhdbglejpainkom
8,9,1,7524,DEL_EXPLORED,-1
8,9,2,7524,PUSH,-1,cfhdbgleajpinkom,-4,4,1
8,9,1,7525,DEL_CUTOFF,-4
8,9,2,7525,DEL_EXPLORED,1
8,9,1,7526,POP,1,fbcdjghepklinoam
8,9,2,7526,PUSH,4,cfhdbglenjpiakom,-4,1
8,9,1,7527,PUSH,-1,fbcdjghepklianom,-4,1
8,9,2,7527,DEL_CUTOFF,1
8,9,1,7528,DEL_EXPLORED,1
8,9,2,7528,DEL_EXPLORED,-4
8,9,1,7529,DEL_CUTOFF,-4
8,9,2,7529,POP,4,cfhdbglenjpiakom
8,9,1,7530,POP,-1,fbcdjghepklianom
8,9,2,7530,PUSH,-4,cfhdaglebjpinkom,-4,4,1
8,9,1,7531,DEL_EXPLORED,-4
8,9,2,7531,DEL_CUTOFF,1
8,9,1,7532,POP,4,fbcdjghepklinaom
8,9,2,7532,DEL_EXPLORED,4
8,9,1,7533,PUSH,-4,fbcdjahepglinkom,-4,4,-1,1
8,9,2,7533,DEL_CUTOFF,-4
8,9,1,7534,PUSH,1,fbcdjhaepglinkom,-4,4,-1,1
8,9,2,7534,POP,-4,cfhdaglebjpinkom
8,9,1,7535,DEL_CUTOFF,1
8,9,2,7535,POP,-1,cfhdbgleajpinkom
8,9,1,7536,DEL_EXPLORED,-1
8,9,2,7536,PUSH,4,cfhdbglejkpinaom,-4,-1,1
8,9,1,7537,DEL_CUTOFF,4
8,9,2,7537,PUSH,1,cfhdbglejkpinoam,-4,-1,1
8,9,1,7538,DEL_CUTOFF,-4
8,9,2,7538,DEL_CUTOFF,1
8,9,1,7539,POP,1,fbcdjhaepglinkom
8,9,2,7539,DEL_EXPLORED,-1
8,9,1,7540,PUSH,-1,fbcdajhepglinkom,-4,4,1
8,9,2,7540,DEL_CUTOFF,-4
8,9,1,7541,DEL_EXPLORED,1
8,9,2,7541,POP,1,cfhdbglejkpinoam
8,9,1,7542,DEL_CUTOFF,4
8,9,2,7542,PUSH,-1,cfhdbglejkpianom,-4,1
8,9,1,7543,DEL_CUTOFF,-4
8,9,2,7543,DEL_EXPLORED,1
8,9,1,7544,POP,-1,fbcdajhepglinkom
8,9,2,7544,DEL_CUTOFF,-4
8,9,1,7545,DEL_EXPLORED,4
8,9,2,7545,POP,-1,cfhdbglejkpianom
8,9,1,7546,PUSH,-4,facdjbhepglinkom,4,-1,1
8,9,2,7546,DEL_EXPLORED,-4
8,9,1,7547,DEL_CUTOFF,1
8,9,2,7547,POP,4,cfhdbglejkpinaom
8,9,1,7548,DEL_CUTOFF,-1
8,9,2,7548,DEL_EXPLORED,-4
8,9,1,7549,DEL_EXPLORED,4
8,9,2,7549,POP,4,cfhdbglejapinkom
8,9,1,7550,POP,-4,facdjbhepglinkom
8,9,2,7550,DEL_EXPLORED,-4
8,9,1,7551,POP,-4,fbcdjahepglinkom
8,9,2,7551,POP,4,cfhdbalejgpinkom
8,9,1,7552,POP,1,fbcdjghepalinkom
8,9,2,7552,POP,1,cahdbflejgpinkom
8,9,1,7553,PUSH,4,fbcdjghenpliakom,-4,1
8,9,2,7553,DEL_EXPLORED,4
8,9,1,7554,PUSH,1,fbcdjghenplikaom,-4,-1,1
8,9,2,7554,POP,-4,achdbflejgpinkom
8,9,1,7555,PUSH,1,fbcdjghenplikoam,-4,-1,1
8,9,2,7555,POP,-1,bchdaflejgpinkom
8,9,1,7556,DEL_CUTOFF,1
8,9,2,7556,DEL_EXPLORED,4
8,9,1,7557,DEL_EXPLORED,-1
8,9,2,7557,PUSH,-4,bahdfclejgpinkom,4,-1,1
8,9,1,7558,DEL_CUTOFF,-4
8,9,2,7558,PUSH,1,bhadfclejgpinkom,4,-1,1
8,9,1,7559,POP,1,fbcdjghenplikoam
8,9,2,7559,PUSH,1,bhdafclejgpinkom,4,-1
8,9,1,7560,DEL_EXPLORED,-1
8,9,2,7560,DEL_EXPLORED,-1
8,9,1,7561,PUSH,-4,fbcdjghenalikpom,-4,4,-1,1
8,9,2,7561,PUSH,4,bhdefclajgpinkom,-4,4,-1
8,9,1,7562,DEL_CUTOFF,1
8,9,2,7562,PUSH,-1,bhdefcaljgpinkom,-4,4,-1,1
8,9,1,7563,DEL_CUTOFF,-1
8,9,2,7563,DEL_EXPLORED,1
8,9,1,7564,DEL_EXPLORED,4
8,9,2,7564,PUSH,-1,bhdefacljgpinkom,-4,4,-1,1
8,9,1,7565,DEL_CUTOFF,-4
8,9,2,7565,DEL_EXPLORED,1
8,9,1,7566,POP,-4,fbcdjghenalikpom
8,9,2,7566,PUSH,-1,bhdeafcljgpinkom,-4,4,1
8,9,1,7567,POP,1,fbcdjghenplikaom
8,9,2,7567,DEL_EXPLORED,1
8,9,1,7568,DEL_EXPLORED,-4
8,9,2,7568,DEL_CUTOFF,4
8,9,1,7569,POP,4,fbcdjghenpliakom
8,9,2,7569,DEL_CUTOFF,-4
8,9,1,7570,DEL_EXPLORED,-4
8,9,2,7570,POP,-1,bhdeafcljgpinkom
8,9,1,7571,POP,4,fbcdjgheaplinkom
8,9,2,7571,PUSH,4,bhdefgcljapinkom,-4,4,-1,1
8,9,1,7572,DEL_EXPLORED,-4
8,9,2,7572,DEL_CUTOFF,1
8,9,1,7573,POP,4,fbcdaghejplinkom
8,9,2,7573,DEL_CUTOFF,-1
8,9,1,7574,POP,-1,abcdfghejplinkom
8,9,2,7574,DEL_CUTOFF,4
8,9,1,7575,PUSH,4,bgcdfahejplinkom,-4,4,-1,1
8,9,2,7575,DEL_EXPLORED,-4
8,9,1,7576,PUSH,1,bgcdfhaejplinkom,-4,4,-1,1
8,9,2,7576,POP,4,bhdefgcljapinkom
8,9,1,7577,PUSH,1,bgcdfheajplinkom,-4,4,-1
8,9,2,7577,PUSH,-4,badefhcljgpinkom,4,-1,1
8,9,1,7578,DEL_EXPLORED,-1
8,9,2,7578,DEL_CUTOFF,1
8,9,1,7579,PUSH,4,bgcdfheijplankom,-4,4,-1
8,9,2,7579,DEL_CUTOFF,-1
8,9,1,7580,PUSH,-1,bgcdfheijpalnkom,-4,4,-1,1
8,9,2,7580,DEL_EXPLORED,4
8,9,1,7581,DEL_EXPLORED,1
8,9,2,7581,POP,-4,badefhcljgpinkom
8,9,1,7582,PUSH,-1,bgcdfheijaplnkom,-4,4,-1,1
8,9,2,7582,POP,-1,bhdefacljgpinkom
8,9,1,7583,DEL_EXPLORED,1
8,9,2,7583,PUSH,4,bhdefcpljgainkom,-4,4,-1,1
8,9,1,7584,DEL_CUTOFF,-1
8,9,2,7584,PUSH,1,bhdefcpljgiankom,-4,4,-1
8,9,1,7585,DEL_CUTOFF,4
8,9,2,7585,DEL_EXPLORED,-1
8,9,1,7586,DEL_CUTOFF,-4
8,9,2,7586,DEL_CUTOFF,4
8,9,1,7587,POP,-1,bgcdfheijaplnkom
8,9,2,7587,DEL_CUTOFF,-4
8,9,1,7588,PUSH,4,bgcdfheijpolnkam,-4,-1,1
8,9,2,7588,POP,1,bhdefcpljgiankom
8,9,1,7589,DEL_CUTOFF,1
8,9,2,7589,PUSH,-1,bhdefcpljaginkom,-4,4,-1,1
8,9,1,7590,DEL_CUTOFF,-1
8,9,2,7590,DEL_EXPLORED,1
8,9,1,7591,DEL_EXPLORED,-4
8,9,2,7591,DEL_CUTOFF,-1
8,9,1,7592,POP,4,bgcdfheijpolnkam
8,9,2,7592,DEL_CUTOFF,4
8,9,1,7593,PUSH,-4,bgcdfhaijpelnkom,-4,4,-1,1
8,9,2,7593,DEL_CUTOFF,-4
8,9,1,7594,DEL_CUTOFF,1
8,9,2,7594,POP,-1,bhdefcpljaginkom
8,9,1,7595,DEL_CUTOFF,-1
8,9,2,7595,PUSH,4,bhdefcpljgoinkam,-4,-1,1
8,9,1,7596,DEL_EXPLORED,4
8,9,2,7596,DEL_CUTOFF,1
8,9,1,7597,DEL_CUTOFF,-4
8,9,2,7597,DEL_CUTOFF,-1
8,9,1,7598,POP,-4,bgcdfhaijpelnkom
8,9,2,7598,DEL_EXPLORED,-4
8,9,1,7599,POP,-1,bgcdfheijpalnkom
8,9,2,7599,POP,4,bhdefcpljgoinkam
8,9,1,7600,PUSH,4,bgcdfheijplmnkoa,-4,-1
8,9,2,7600,DEL_EXPLORED,-4
8,9,1,7601,PUSH,-1,bgcdfheijplmnkao,-4,-1,1
8,9,2,7601,POP,4,bhdefcpljgainkom
8,9,1,7602,DEL_EXPLORED,1
8,9,2,7602,PUSH,-4,bhaefcdljgpinkom,4,-1,1
8,9,1,7603,DEL_CUTOFF,-1
8,9,2,7603,PUSH,1,bheafcdljgpinkom,4,-1
8,9,1,7604,DEL_CUTOFF,-4
8,9,2,7604,DEL_EXPLORED,-1
8,9,1,7605,POP,-1,bgcdfheijplmnkao
8,9,2,7605,DEL_CUTOFF,4
8,9,1,7606,DEL_EXPLORED,-4
8,9,2,7606,POP,1,bheafcdljgpinkom
8,9,1,7607,POP,4,bgcdfheijplmnkoa
8,9,2,7607,PUSH,-1,bahefcdljgpinkom,4,-1,1
8,9,1,7608,DEL_EXPLORED,-4
8,9,2,7608,DEL_EXPLORED,1
8,9,1,7609,POP,4,bgcdfheijplankom
8,9,2,7609,DEL_CUTOFF,-1
8,9,1,7610,PUSH,-4,bgcafhedjplinkom,4,-1
8,9,2,7610,DEL_CUTOFF,4
8,9,1,7611,PUSH,-1,bgacfhedjplinkom,4,-1,1
8,9,2,7611,POP,-1,bahefcdljgpinkom
8,9,1,7612,DEL_EXPLORED,1
8,9,2,7612,DEL_EXPLORED,4
8,9,1,7613,PUSH,-1,bagcfhedjplinkom,4,-1,1
8,9,2,7613,POP,-4,bhaefcdljgpinkom
8,9,1,7614,DEL_EXPLORED,1
8,9,2,7614,POP,-1,bhdefcaljgpinkom
8,9,1,7615,DEL_CUTOFF,-1
8,9,2,7615,PUSH,4,bhdefclijgpankom,-4,4,-1
8,9,1,7616,DEL_CUTOFF,4
8,9,2,7616,PUSH,-1,bhdefclijgapnkom,-4,4,-1,1
8,9,1,7617,POP,-1,bagcfhedjplinkom
8,9,2,7617,DEL_EXPLORED,1
8,9,1,7618,PUSH,4,bgecfhadjplinkom,-4,4,-1,1
8,9,2,7618,PUSH,-1,bhdefclijagpnkom,-4,4,-1,1
8,9,1,7619,DEL_CUTOFF,1
8,9,2,7619,DEL_EXPLORED,1
8,9,1,7620,DEL_CUTOFF,-1
8,9,2,7620,DEL_CUTOFF,-1
8,9,1,7621,DEL_CUTOFF,4
8,9,2,7621,DEL_CUTOFF,4
8,9,1,7622,DEL_EXPLORED,-4
8,9,2,7622,DEL_CUTOFF,-4
8,9,1,7623,POP,4,bgecfhadjplinkom
8,9,2,7623,POP,-1,bhdefclijagpnkom
8,9,1,7624,POP,-1,bgacfhedjplinkom
8,9,2,7624,PUSH,4,bhdefclijgopnkam,-4,-1,1
8,9,1,7625,DEL_EXPLORED,4
8,9,2,7625,DEL_CUTOFF,1
8,9,1,7626,POP,-4,bgcafhedjplinkom
8,9,2,7626,DEL_CUTOFF,-1
8,9,1,7627,POP,1,bgcdfheajplinkom
8,9,2,7627,DEL_EXPLORED,-4
8,9,1,7628,DEL_EXPLORED,-1
8,9,2,7628,POP,4,bhdefclijgopnkam
8,9,1,7629,PUSH,4,bgcdfhlejpainkom,-4,4,-1,1
8,9,2,7629,PUSH,-4,bhdefcaijglpnkom,-4,4,-1,1
8,9,1,7630,PUSH,1,bgcdfhlejpiankom,-4,4,-1
8,9,2,7630,DEL_CUTOFF,1
8,9,1,7631,DEL_EXPLORED,-1
8,9,2,7631,DEL_CUTOFF,-1
8,9,1,7632,PUSH,4,bgcdfhlejpimnkoa,-4,-1
8,9,2,7632,DEL_EXPLORED,4
8,9,1,7633,PUSH,-1,bgcdfhlejpimnkao,-4,-1,1
8,9,2,7633,DEL_CUTOFF,-4
8,9,1,7634,DEL_EXPLORED,1
8,9,2,7634,POP,-4,bhdefcaijglpnkom
8,9,1,7635,DEL_CUTOFF,-1
8,9,2,7635,POP,-1,bhdefclijgapnkom
8,9,1,7636,DEL_CUTOFF,-4
8,9,2,7636,PUSH,4,bhdefclijgpmnkoa,-4,-1
8,9,1,7637,POP,-1,bgcdfhlejpimnkao
8,9,2,7637,PUSH,-1,bhdefclijgpmnkao,-4,-1,1
8,9,1,7638,DEL_EXPLORED,-4
8,9,2,7638,DEL_EXPLORED,1
8,9,1,7639,POP,4,bgcdfhlejpimnkoa
8,9,2,7639,DEL_CUTOFF,-1
8,9,1,7640,PUSH,-4,bgcdfhlajpienkom,-4,4,-1
8,9,2,7640,DEL_CUTOFF,-4
8,9,1,7641,PUSH,-1,bgcdfhaljpienkom,-4,4,-1,1
8,9,2,7641,POP,-1,bhdefclijgpmnkao
8,9,1,7642,DEL_EXPLORED,1
8,9,2,7642,DEL_EXPLORED,-4
8,9,1,7643,DEL_CUTOFF,-1
8,9,2,7643,POP,4,bhdefclijgpmnkoa
8,9,1,7644,DEL_CUTOFF,4
8,9,2,7644,DEL_EXPLORED,-4
8,9,1,7645,DEL_CUTOFF,-4
8,9,2,7645,POP,4,bhdefclijgpankom
8,9,1,7646,POP,-1,bgcdfhaljpienkom
8,9,2,7646,DEL_EXPLORED,-4
8,9,1,7647,DEL_EXPLORED,4
8,9,2,7647,POP,4,bhdefclajgpinkom
8,9,1,7648,PUSH,-4,bgcafhldjpienkom,4,-1
8,9,2,7648,POP,1,bhdafclejgpinkom
8,9,1,7649,DEL_CUTOFF,-1
8,9,2,7649,DEL_EXPLORED,-1
8,9,1,7650,DEL_EXPLORED,4
8,9,2,7650,PUSH,4,bhldfcaejgpinkom,-4,4,-1,1
8,9,1,7651,POP,-4,bgcafhldjpienkom
8,9,2,7651,PUSH,1,bhldfceajgpinkom,-4,4,-1
8,9,1,7652,POP,-4,bgcdfhlajpienkom
8,9,2,7652,DEL_EXPLORED,-1
8,9,1,7653,POP,1,bgcdfhlejpiankom
8,9,2,7653,PUSH,4,bhldfceijgpankom,-4,4,-1
8,9,1,7654,PUSH,-1,bgcdfhlejapinkom,-4,4,-1,1
8,9,2,7654,PUSH,-1,bhldfceijgapnkom,-4,4,-1,1
8,9,1,7655,DEL_EXPLORED,1
8,9,2,7655,DEL_EXPLORED,1
8,9,1,7656,PUSH,-1,bgcdfhleajpinkom,-4,4,1
8,9,2,7656,PUSH,-1,bhldfceijagpnkom,-4,4,-1,1
8,9,1,7657,DEL_EXPLORED,1
8,9,2,7657,DEL_EXPLORED,1
8,9,1,7658,PUSH,4,bgcdfhlenjpiakom,-4,1
8,9,2,7658,DEL_CUTOFF,-1
8,9,1,7659,DEL_CUTOFF,1
8,9,2,7659,DEL_CUTOFF,4
8,9,1,7660,DEL_EXPLORED,-4
8,9,2,7660,DEL_CUTOFF,-4
8,9,1,7661,POP,4,bgcdfhlenjpiakom
8,9,2,7661,POP,-1,bhldfceijagpnkom
8,9,1,7662,PUSH,-4,bgcdahlefjpinkom,-4,4,1
8,9,2,7662,PUSH,4,bhldfceijgopnkam,-4,-1,1
8,9,1,7663,DEL_CUTOFF,1
8,9,2,7663,DEL_CUTOFF,1
8,9,1,7664,DEL_EXPLORED,4
8,9,2,7664,DEL_CUTOFF,-1
8,9,1,7665,DEL_CUTOFF,-4
8,9,2,7665,DEL_EXPLORED,-4
8,9,1,7666,POP,-4,bgcdahlefjpinkom
8,9,2,7666,POP,4,bhldfceijgopnkam
8,9,1,7667,POP,-1,bgcdfhleajpinkom
8,9,2,7667,PUSH,-4,bhldfcaijgepnkom,-4,4,-1,1
8,9,1,7668,PUSH,4,bgcdfhlejkpinaom,-4,-1,1
8,9,2,7668,DEL_CUTOFF,1
8,9,1,7669,PUSH,1,bgcdfhlejkpinoam,-4,-1,1
8,9,2,7669,DEL_CUTOFF,-1
8,9,1,7670,DEL_CUTOFF,1
8,9,2,7670,DEL_EXPLORED,4
8,9,1,7671,DEL_EXPLORED,-1
8,9,2,7671,DEL_CUTOFF,-4
8,9,1,7672,DEL_CUTOFF,-4
8,9,2,7672,POP,-4,bhldfcaijgepnkom
8,9,1,7673,POP,1,bgcdfhlejkpinoam
8,9,2,7673,POP,-1,bhldfceijgapnkom
8,9,1,7674,PUSH,-1,bgcdfhlejkpianom,-4,1
8,9,2,7674,PUSH,4,bhldfceijgpmnkoa,-4,-1
8,9,1,7675,DEL_EXPLORED,1
8,9,2,7675,PUSH,-1,bhldfceijgpmnkao,-4,-1,1
8,9,1,7676,DEL_CUTOFF,-4
8,9,2,7676,DEL_EXPLORED,1
8,9,1,7677,POP,-1,bgcdfhlejkpianom
8,9,2,7677,DEL_CUTOFF,-1
8,9,1,7678,DEL_EXPLORED,-4
8,9,2,7678,DEL_CUTOFF,-4
8,9,1,7679,POP,4,bgcdfhlejkpinaom
8,9,2,7679,POP,-1,bhldfceijgpmnkao
8,9,1,7680,PUSH,-4,bgcdfalejhpinkom,-4,4,-1,1
8,9,2,7680,DEL_EXPLORED,-4
8,9,1,7681,PUSH,1,bgcdflaejhpinkom,-4,4,-1,1
8,9,2,7681,POP,4,bhldfceijgpmnkoa
8,9,1,7682,DEL_CUTOFF,1
8,9,2,7682,DEL_EXPLORED,-4
8,9,1,7683,DEL_EXPLORED,-1
8,9,2,7683,POP,4,bhldfceijgpankom
8,9,1,7684,DEL_CUTOFF,4
8,9,2,7684,PUSH,-4,bhlafcedjgpinkom,4,-1
8,9,1,7685,DEL_CUTOFF,-4
8,9,2,7685,PUSH,-1,bhalfcedjgpinkom,4,-1,1
8,9,1,7686,POP,1,bgcdflaejhpinkom
8,9,2,7686,DEL_EXPLORED,1
8,9,1,7687,PUSH,-1,bgcdaflejhpinkom,-4,4,1
8,9,2,7687,PUSH,-1,bahlfcedjgpinkom,4,-1,1
8,9,1,7688,DEL_EXPLORED,1
8,9,2,7688,DEL_EXPLORED,1
8,9,1,7689,DEL_CUTOFF,4
8,9,2,7689,DEL_CUTOFF,-1
8,9,1,7690,DEL_CUTOFF,-4
8,9,2,7690,DEL_CUTOFF,4
8,9,1,7691,POP,-1,bgcdaflejhpinkom
8,9,2,7691,POP,-1,bahlfcedjgpinkom
8,9,1,7692,DEL_EXPLORED,4
8,9,2,7692,PUSH,4,bhelfcadjgpinkom,-4,4,-1,1
8,9,1,7693,PUSH,-4,bacdfglejhpinkom,4,-1,1
8,9,2,7693,DEL_CUTOFF,1
8,9,1,7694,DEL_CUTOFF,1
8,9,2,7694,DEL_CUTOFF,-1
8,9,1,7695,DEL_CUTOFF,-1
8,9,2,7695,DEL_CUTOFF,4
8,9,1,7696,DEL_EXPLORED,4
8,9,2,7696,DEL_EXPLORED,-4
8,9,1,7697,POP,-4,bacdfglejhpinkom
8,9,2,7697,POP,4,bhelfcadjgpinkom
8,9,1,7698,POP,-4,bgcdfalejhpinkom
8,9,2,7698,POP,-1,bhalfcedjgpinkom
8,9,1,7699,POP,-1,bgcdfhlejapinkom
8,9,2,7699,DEL_EXPLORED,4
8,9,1,7700,PUSH,4,bgcdfhlejpoinkam,-4,-1,1
8,9,2,7700,POP,-4,bhlafcedjgpinkom
8,9,1,7701,PUSH,1,bgcdfhlejpoinkma,-4,-1
8,9,2,7701,POP,1,bhldfceajgpinkom
8,9,1,7702,DEL_EXPLORED,-1
8,9,2,7702,PUSH,-1,bhldfacejgpinkom,-4,4,-1,1
8,9,1,7703,PUSH,-4,bgcdfhlejpoankmi,-4,4,-1
8,9,2,7703,DEL_EXPLORED,1
8,9,1,7704,DEL_CUTOFF,-1
8,9,2,7704,PUSH,-1,bhldafcejgpinkom,-4,4,1
8,9,1,7705,DEL_EXPLORED,4
8,9,2,7705,DEL_EXPLORED,1
8,9,1,7706,DEL_CUTOFF,-4
8,9,2,7706,PUSH,4,bhldjfceagpinkom,-4,4,1
8,9,1,7707,POP,-4,bgcdfhlejpoankmi
8,9,2,7707,PUSH,1,bhldjfcegapinkom,-4,4,-1,1
8,9,1,7708,POP,1,bgcdfhlejpoinkma
8,9,2,7708,DEL_CUTOFF,1
8,9,1,7709,PUSH,-1,bgcdfhlejpoinakm,-4,-1,1
8,9,2,7709,DEL_EXPLORED,-1
8,9,1,7710,DEL_EXPLORED,1
8,9,2,7710,DEL_CUTOFF,4
8,9,1,7711,PUSH,-1,bgcdfhlejpoiankm,-4,1
8,9,2,7711,DEL_CUTOFF,-4
8,9,1,7712,DEL_EXPLORED,1
8,9,2,7712,POP,1,bhldjfcegapinkom
8,9,1,7713,DEL_CUTOFF,-4
8,9,2,7713,PUSH,4,bhldjfcengpiakom,-4,1
8,9,1,7714,POP,-1,bgcdfhlejpoiankm
8,9,2,7714,DEL_CUTOFF,1
8,9,1,7715,PUSH,-4,bgcdfhlejaoinpkm,-4,4,-1,1
8,9,2,7715,DEL_EXPLORED,-4
8,9,1,7716,DEL_CUTOFF,1
8,9,2,7716,POP,4,bhldjfcengpiakom
8,9,1,7717,DEL_CUTOFF,-1
8,9,2,7717,DEL_EXPLORED,-4
8,9,1,7718,DEL_EXPLORED,4
8,9,2,7718,POP,4,bhldjfceagpinkom
8,9,1,7719,DEL_CUTOFF,-4
8,9,2,7719,PUSH,-4,ahldbfcejgpinkom,4,1
8,9,1,7720,POP,-4,bgcdfhlejaoinpkm
8,9,2,7720,PUSH,1,haldbfcejgpinkom,4,-1,1
8,9,1,7721,POP,-1,bgcdfhlejpoinakm
8,9,2,7721,DEL_CUTOFF,1
8,9,1,7722,DEL_EXPLORED,-4
8,9,2,7722,DEL_EXPLORED,-1
8,9,1,7723,POP,4,bgcdfhlejpoinkam
8,9,2,7723,DEL_CUTOFF,4
8,9,1,7724,DEL_EXPLORED,-4
8,9,2,7724,POP,1,haldbfcejgpinkom
8,9,1,7725,POP,4,bgcdfhlejpainkom
8,9,2,7725,DEL_EXPLORED,4
8,9,1,7726,PUSH,-4,bgadfhcejplinkom,4,-1,1
8,9,2,7726,POP,-4,ahldbfcejgpinkom
8,9,1,7727,PUSH,1,bgdafhcejplinkom,4,-1
8,9,2,7727,POP,-1,bhldafcejgpinkom
8,9,1,7728,DEL_EXPLORED,-1
8,9,2,7728,PUSH,4,bhldfgcejapinkom,-4,4,-1,1
8,9,1,7729,PUSH,4,bgdefhcajplinkom,-4,4,-1
8,9,2,7729,PUSH,1,bhldfgcejpainkom,-4,4,-1,1
8,9,1,7730,PUSH,-1,bgdefhacjplinkom,-4,4,-1,1
8,9,2,7730,PUSH,1,bhldfgcejpiankom,-4,4,-1
8,9,1,7731,DEL_EXPLORED,1
8,9,2,7731,DEL_EXPLORED,-1
8,9,1,7732,DEL_CUTOFF,-1
8,9,2,7732,DEL_CUTOFF,4
8,9,1,7733,DEL_CUTOFF,4
8,9,2,7733,DEL_CUTOFF,-4
8,9,1,7734,DEL_CUTOFF,-4
8,9,2,7734,POP,1,bhldfgcejpiankom
8,9,1,7735,POP,-1,bgdefhacjplinkom
8,9,2,7735,DEL_EXPLORED,-1
8,9,1,7736,PUSH,4,bgdefhcijplankom,-4,4,-1
8,9,2,7736,PUSH,4,bhldfgcejpoinkam,-4,-1,1
8,9,1,7737,DEL_CUTOFF,-1
8,9,2,7737,DEL_CUTOFF,1
8,9,1,7738,DEL_CUTOFF,4
8,9,2,7738,DEL_CUTOFF,-1
8,9,1,7739,DEL_EXPLORED,-4
8,9,2,7739,DEL_EXPLORED,-4
8,9,1,7740,POP,4,bgdefhcijplankom
8,9,2,7740,POP,4,bhldfgcejpoinkam
8,9,1,7741,DEL_EXPLORED,-4
8,9,2,7741,PUSH,-4,bhldfgaejpcinkom,-4,4,-1,1
8,9,1,7742,POP,4,bgdefhcajplinkom
8,9,2,7742,DEL_CUTOFF,1
8,9,1,7743,POP,1,bgdafhcejplinkom
8,9,2,7743,DEL_CUTOFF,-1
8,9,1,7744,PUSH,-1,bagdfhcejplinkom,4,-1,1
8,9,2,7744,DEL_EXPLORED,4
8,9,1,7745,DEL_EXPLORED,1
8,9,2,7745,DEL_CUTOFF,-4
8,9,1,7746,PUSH,-1,abgdfhcejplinkom,4,1
8,9,2,7746,POP,-4,bhldfgaejpcinkom
8,9,1,7747,DEL_EXPLORED,1
8,9,2,7747,POP,1,bhldfgcejpainkom
8,9,1,7748,PUSH,4,fbgdahcejplinkom,-4,4,1
8,9,2,7748,PUSH,-1,bhldfgceajpinkom,-4,4,1
8,9,1,7749,DEL_CUTOFF,1
8,9,2,7749,DEL_EXPLORED,1
8,9,1,7750,DEL_CUTOFF,4
8,9,2,7750,PUSH,4,bhldfgcenjpiakom,-4,1
8,9,1,7751,DEL_EXPLORED,-4
8,9,2,7751,DEL_CUTOFF,1
8,9,1,7752,POP,4,fbgdahcejplinkom
8,9,2,7752,DEL_EXPLORED,-4
8,9,1,7753,POP,-1,abgdfhcejplinkom
8,9,2,7753,POP,4,bhldfgcenjpiakom
8,9,1,7754,PUSH,4,bhgdfacejplinkom,-4,4,-1,1
8,9,2,7754,PUSH,-4,bhldagcefjpinkom,-4,4,1
8,9,1,7755,PUSH,1,bhgdfcaejplinkom,-4,4,-1,1
8,9,2,7755,DEL_CUTOFF,1
8,9,1,7756,DEL_CUTOFF,1
8,9,2,7756,DEL_EXPLORED,4
8,9,1,7757,DEL_EXPLORED,-1
8,9,2,7757,DEL_CUTOFF,-4
8,9,1,7758,DEL_CUTOFF,4
8,9,2,7758,POP,-4,bhldagcefjpinkom
8,9,1,7759,DEL_CUTOFF,-4
8,9,2,7759,POP,-1,bhldfgceajpinkom
8,9,1,7760,POP,1,bhgdfcaejplinkom
8,9,2,7760,PUSH,4,bhldfgcejkpinaom,-4,-1,1
8,9,1,7761,PUSH,-1,bhgdafcejplinkom,-4,4,1
8,9,2,7761,PUSH,1,bhldfgcejkpinoam,-4,-1,1
8,9,1,7762,DEL_EXPLORED,1
8,9,2,7762,DEL_CUTOFF,1
8,9,1,7763,DEL_CUTOFF,4
8,9,2,7763,DEL_EXPLORED,-1
8,9,1,7764,DEL_CUTOFF,-4
8,9,2,7764,DEL_CUTOFF,-4
8,9,1,7765,POP,-1,bhgdafcejplinkom
8,9,2,7765,POP,1,bhldfgcejkpinoam
8,9,1,7766,PUSH,4,bhgdfpcejalinkom,-4,4,-1,1
8,9,2,7766,PUSH,-1,bhldfgcejkpianom,-4,1
8,9,1,7767,DEL_CUTOFF,1
8,9,2,7767,DEL_EXPLORED,1
8,9,1,7768,DEL_CUTOFF,-1
8,9,2,7768,DEL_CUTOFF,-4
8,9,1,7769,DEL_CUTOFF,4
8,9,2,7769,POP,-1,bhldfgcejkpianom
8,9,1,7770,DEL_EXPLORED,-4
8,9,2,7770,DEL_EXPLORED,-4
8,9,1,7771,POP,4,bhgdfpcejalinkom
8,9,2,7771,POP,4,bhldfgcejkpinaom
8,9,1,7772,DEL_EXPLORED,-4
8,9,2,7772,DEL_EXPLORED,-4
8,9,1,7773,POP,4,bhgdfacejplinkom
8,9,2,7773,POP,4,bhldfgcejapinkom
8,9,1,7774,POP,-1,bagdfhcejplinkom
8,9,2,7774,PUSH,-4,baldfhcejgpinkom,4,-1,1
8,9,1,7775,DEL_EXPLORED,4
8,9,2,7775,PUSH,1,bladfhcejgpinkom,4,-1,1
8,9,1,7776,POP,-4,bgadfhcejplinkom
8,9,2,7776,PUSH,1,bldafhcejgpinkom,4,-1
8,9,1,7777,POP,1,bgcdfhaejplinkom
8,9,2,7777,DEL_EXPLORED,-1
8,9,1,7778,PUSH,-1,bgcdafhejplinkom,-4,4,1
8,9,2,7778,DEL_CUTOFF,4
8,9,1,7779,DEL_EXPLORED,1
8,9,2,7779,POP,1,bldafhcejgpinkom
8,9,1,7780,PUSH,4,bgcdjfheaplinkom,-4,4,1
8,9,2,7780,DEL_EXPLORED,-1
8,9,1,7781,PUSH,1,bgcdjfhepalinkom,-4,4,-1,1
8,9,2,7781,PUSH,4,blcdfhaejgpinkom,-4,4,-1,1
8,9,1,7782,PUSH,1,bgcdjfheplainkom,-4,4,-1,1
8,9,2,7782,DEL_CUTOFF,1
8,9,1,7783,PUSH,1,bgcdjfhepliankom,-4,4,-1
8,9,2,7783,DEL_CUTOFF,-1
8,9,1,7784,DEL_EXPLORED,-1
8,9,2,7784,DEL_CUTOFF,4
8,9,1,7785,DEL_CUTOFF,4
8,9,2,7785,DEL_EXPLORED,-4
8,9,1,7786,DEL_CUTOFF,-4
8,9,2,7786,POP,4,blcdfhaejgpinkom
8,9,1,7787,POP,1,bgcdjfhepliankom
8,9,2,7787,POP,1,bladfhcejgpinkom
8,9,1,7788,DEL_EXPLORED,-1
8,9,2,7788,PUSH,-1,abldfhcejgpinkom,4,1
8,9,1,7789,PUSH,4,bgcdjfheploinkam,-4,-1,1
8,9,2,7789,DEL_EXPLORED,1
8,9,1,7790,DEL_CUTOFF,1
8,9,2,7790,PUSH,4,fbldahcejgpinkom,-4,4,1
8,9,1,7791,DEL_CUTOFF,-1
8,9,2,7791,DEL_CUTOFF,1
8,9,1,7792,DEL_EXPLORED,-4
8,9,2,7792,DEL_CUTOFF,4
8,9,1,7793,POP,4,bgcdjfheploinkam
8,9,2,7793,DEL_EXPLORED,-4
8,9,1,7794,PUSH,-4,bgcdjfaeplhinkom,-4,4,-1,1
8,9,2,7794,POP,4,fbldahcejgpinkom
8,9,1,7795,DEL_CUTOFF,1
8,9,2,7795,POP,-1,abldfhcejgpinkom
8,9,1,7796,DEL_CUTOFF,-1
8,9,2,7796,DEL_EXPLORED,4
8,9,1,7797,DEL_EXPLORED,4
8,9,2,7797,POP,-4,baldfhcejgpinkom
8,9,1,7798,DEL_CUTOFF,-4
8,9,2,7798,POP,-1,bhldfacejgpinkom
8,9,1,7799,POP,-4,bgcdjfaeplhinkom
8,9,2,7799,PUSH,4,bhldfcpejgainkom,-4,4,-1,1
8,9,1,7800,POP,1,bgcdjfheplainkom
8,9,2,7800,PUSH,1,bhldfcpejgiankom,-4,4,-1
8,9,1,7801,DEL_EXPLORED,-1
8,9,2,7801,DEL_EXPLORED,-1
8,9,1,7802,PUSH,4,bgcdjfhepklinaom,-4,-1,1
8,9,2,7802,PUSH,4,bhldfcpejgimnkoa,-4,-1
8,9,1,7803,PUSH,1,bgcdjfhepklinoam,-4,-1,1
8,9,2,7803,PUSH,-1,bhldfcpejgimnkao,-4,-1,1
8,9,1,7804,DEL_CUTOFF,1
8,9,2,7804,DEL_EXPLORED,1
8,9,1,7805,DEL_EXPLORED,-1
8,9,2,7805,DEL_CUTOFF,-1
8,9,1,7806,DEL_CUTOFF,-4
8,9,2,7806,DEL_CUTOFF,-4
8,9,1,7807,POP,1,bgcdjfhepklinoam
8,9,2,7807,POP,-1,bhldfcpejgimnkao
8,9,1,7808,PUSH,-1,bgcdjfhepklianom,-4,1
8,9,2,7808,DEL_EXPLORED,-4
8,9,1,7809,DEL_EXPLORED,1
8,9,2,7809,POP,4,bhldfcpejgimnkoa
8,9,1,7810,DEL_CUTOFF,-4
8,9,2,7810,PUSH,-4,bhldfcpajgienkom,-4,4,-1
8,9,1,7811,POP,-1,bgcdjfhepklianom
8,9,2,7811,PUSH,-1,bhldfcapjgienkom,-4,4,-1,1
8,9,1,7812,DEL_EXPLORED,-4
8,9,2,7812,DEL_EXPLORED,1
8,9,1,7813,POP,4,bgcdjfhepklinaom
8,9,2,7813,DEL_CUTOFF,-1
8,9,1,7814,PUSH,-4,bgcdjahepflinkom,-4,4,-1,1
8,9,2,7814,DEL_CUTOFF,4
8,9,1,7815,PUSH,1,bgcdjhaepflinkom,-4,4,-1,1
8,9,2,7815,DEL_CUTOFF,-4
8,9,1,7816,DEL_CUTOFF,1
8,9,2,7816,POP,-1,bhldfcapjgienkom
8,9,1,7817,DEL_EXPLORED,-1
8,9,2,7817,DEL_EXPLORED,4
8,9,1,7818,DEL_CUTOFF,4
8,9,2,7818,PUSH,-4,bhlafcpdjgienkom,4,-1
8,9,1,7819,DEL_CUTOFF,-4
8,9,2,7819,DEL_CUTOFF,-1
8,9,1,7820,POP,1,bgcdjhaepflinkom
8,9,2,7820,DEL_EXPLORED,4
8,9,1,7821,PUSH,-1,bgcdajhepflinkom,-4,4,1
8,9,2,7821,POP,-4,bhlafcpdjgienkom
8,9,1,7822,DEL_EXPLORED,1
8,9,2,7822,POP,-4,bhldfcpajgienkom
8,9,1,7823,DEL_CUTOFF,4
8,9,2,7823,POP,1,bhldfcpejgiankom
8,9,1,7824,DEL_CUTOFF,-4
8,9,2,7824,PUSH,-1,bhldfcpejaginkom,-4,4,-1,1
8,9,1,7825,POP,-1,bgcdajhepflinkom
8,9,2,7825,DEL_EXPLORED,1
8,9,1,7826,DEL_EXPLORED,4
8,9,2,7826,PUSH,-1,bhldfcpeajginkom,-4,4,1
8,9,1,7827,PUSH,-4,bacdjghepflinkom,4,-1,1
8,9,2,7827,DEL_EXPLORED,1
8,9,1,7828,DEL_CUTOFF,1
8,9,2,7828,PUSH,4,bhldfcpenjgiakom,-4,1
8,9,1,7829,DEL_CUTOFF,-1
8,9,2,7829,DEL_CUTOFF,1
8,9,1,7830,DEL_EXPLORED,4
8,9,2,7830,DEL_EXPLORED,-4
8,9,1,7831,POP,-4,bacdjghepflinkom
8,9,2,7831,POP,4,bhldfcpenjgiakom
8,9,1,7832,POP,-4,bgcdjahepflinkom
8,9,2,7832,PUSH,-4,bhldacpefjginkom,-4,4,1
8,9,1,7833,POP,1,bgcdjfhepalinkom
8,9,2,7833,DEL_CUTOFF,1
8,9,1,7834,PUSH,4,bgcdjfhenpliakom,-4,1
8,9,2,7834,DEL_EXPLORED,4
8,9,1,7835,PUSH,1,bgcdjfhenplikaom,-4,-1,1
8,9,2,7835,DEL_CUTOFF,-4
8,9,1,7836,PUSH,1,bgcdjfhenplikoam,-4,-1,1
8,9,2,7836,POP,-4,bhldacpefjginkom
8,9,1,7837,DEL_CUTOFF,1
8,9,2,7837,POP,-1,bhldfcpeajginkom
8,9,1,7838,DEL_EXPLORED,-1
8,9,2,7838,PUSH,4,bhldfcpejkginaom,-4,-1,1
8,9,1,7839,DEL_CUTOFF,-4
8,9,2,7839,PUSH,1,bhldfcpejkginoam,-4,-1,1
8,9,1,7840,POP,1,bgcdjfhenplikoam
8,9,2,7840,DEL_CUTOFF,1
8,9,1,7841,DEL_EXPLORED,-1
8,9,2,7841,DEL_EXPLORED,-1
8,9,1,7842,PUSH,-4,bgcdjfhenalikpom,-4,4,-1,1
8,9,2,7842,DEL_CUTOFF,-4
8,9,1,7843,DEL_CUTOFF,1
8,9,2,7843,POP,1,bhldfcpejkginoam
8,9,1,7844,DEL_CUTOFF,-1
8,9,2,7844,PUSH,-1,bhldfcpejkgianom,-4,1
8,9,1,7845,DEL_EXPLORED,4
8,9,2,7845,DEL_EXPLORED,1
8,9,1,7846,DEL_CUTOFF,-4
8,9,2,7846,DEL_CUTOFF,-4
8,9,1,7847,POP,-4,bgcdjfhenalikpom
8,9,2,7847,POP,-1,bhldfcpejkgianom
8,9,1,7848,POP,1,bgcdjfhenplikaom
8,9,2,7848,DEL_EXPLORED,-4
8,9,1,7849,DEL_EXPLORED,-4
8,9,2,7849,POP,4,bhldfcpejkginaom
8,9,1,7850,POP,4,bgcdjfhenpliakom
8,9,2,7850,PUSH,-4,bhldfapejcginkom,-4,4,-1,1
8,9,1,7851,DEL_EXPLORED,-4
8,9,2,7851,PUSH,1,bhldfpaejcginkom,-4,4,-1,1
8,9,1,7852,POP,4,bgcdjfheaplinkom
8,9,2,7852,DEL_CUTOFF,1
8,9,1,7853,PUSH,-4,agcdbfhejplinkom,4,1
8,9,2,7853,DEL_EXPLORED,-1
8,9,1,7854,PUSH,1,gacdbfhejplinkom,4,-1,1
8,9,2,7854,DEL_CUTOFF,4
8,9,1,7855,PUSH,1,gcadbfhejplinkom,4,-1,1
8,9,2,7855,DEL_CUTOFF,-4
8,9,1,7856,PUSH,1,gcdabfhejplinkom,4,-1
8,9,2,7856,POP,1,bhldfpaejcginkom
8,9,1,7857,DEL_EXPLORED,-1
8,9,2,7857,PUSH,-1,bhldafpejcginkom,-4,4,1
8,9,1,7858,DEL_CUTOFF,4
8,9,2,7858,DEL_EXPLORED,1
8,9,1,7859,POP,1,gcdabfhejplinkom
8,9,2,7859,DEL_CUTOFF,4
8,9,1,7860,DEL_EXPLORED,-1
8,9,2,7860,DEL_CUTOFF,-4
8,9,1,7861,PUSH,4,gchdbfaejplinkom,-4,4,-1,1
8,9,2,7861,POP,-1,bhldafpejcginkom
8,9,1,7862,DEL_CUTOFF,1
8,9,2,7862,DEL_EXPLORED,4
8,9,1,7863,DEL_CUTOFF,-1
8,9,2,7863,PUSH,-4,baldfhpejcginkom,4,-1,1
8,9,1,7864,DEL_CUTOFF,4
8,9,2,7864,DEL_CUTOFF,1
8,9,1,7865,DEL_EXPLORED,-4
8,9,2,7865,DEL_CUTOFF,-1
8,9,1,7866,POP,4,gchdbfaejplinkom
8,9,2,7866,DEL_EXPLORED,4
8,9,1,7867,POP,1,gcadbfhejplinkom
8,9,2,7867,POP,-4,baldfhpejcginkom
8,9,1,7868,DEL_EXPLORED,-1
8,9,2,7868,POP,-4,bhldfapejcginkom
8,9,1,7869,PUSH,4,gfcdbahejplinkom,-4,4,-1,1
8,9,2,7869,POP,-1,bhldfcpejaginkom
8,9,1,7870,PUSH,1,gfcdbhaejplinkom,-4,4,-1,1
8,9,2,7870,PUSH,4,bhldfcpejgoinkam,-4,-1,1
8,9,1,7871,DEL_CUTOFF,1
8,9,2,7871,PUSH,1,bhldfcpejgoinkma,-4,-1
8,9,1,7872,DEL_EXPLORED,-1
8,9,2,7872,DEL_EXPLORED,-1
8,9,1,7873,DEL_CUTOFF,4
8,9,2,7873,PUSH,-4,bhldfcpejgoankmi,-4,4,-1
8,9,1,7874,DEL_CUTOFF,-4
8,9,2,7874,DEL_CUTOFF,-1
8,9,1,7875,POP,1,gfcdbhaejplinkom
8,9,2,7875,DEL_EXPLORED,4
8,9,1,7876,PUSH,-1,gfcdabhejplinkom,-4,4,1
8,9,2,7876,DEL_CUTOFF,-4
8,9,1,7877,DEL_EXPLORED,1
8,9,2,7877,POP,-4,bhldfcpejgoankmi
8,9,1,7878,DEL_CUTOFF,4
8,9,2,7878,POP,1,bhldfcpejgoinkma
8,9,1,7879,DEL_CUTOFF,-4
8,9,2,7879,PUSH,-1,bhldfcpejgoinakm,-4,-1,1
8,9,1,7880,POP,-1,gfcdabhejplinkom
8,9,2,7880,DEL_EXPLORED,1
8,9,1,7881,PUSH,4,gfcdbphejalinkom,-4,4,-1,1
8,9,2,7881,PUSH,-1,bhldfcpejgoiankm,-4,1
8,9,1,7882,DEL_CUTOFF,1
8,9,2,7882,DEL_EXPLORED,1
8,9,1,7883,DEL_CUTOFF,-1
8,9,2,7883,DEL_CUTOFF,-4
8,9,1,7884,DEL_CUTOFF,4
8,9,2,7884,POP,-1,bhldfcpejgoiankm
8,9,1,7885,DEL_EXPLORED,-4
8,9,2,7885,PUSH,-4,bhldfcpejaoingkm,-4,4,-1,1
8,9,1,7886,POP,4,gfcdbphejalinkom
8,9,2,7886,DEL_CUTOFF,1
8,9,1,7887,DEL_EXPLORED,-4
8,9,2,7887,DEL_CUTOFF,-1
8,9,1,7888,POP,4,gfcdbahejplinkom
8,9,2,7888,DEL_EXPLORED,4
8,9,1,7889,POP,1,gacdbfhejplinkom
8,9,2,7889,DEL_CUTOFF,-4
8,9,1,7890,DEL_EXPLORED,4
8,9,2,7890,POP,-4,bhldfcpejaoingkm
8,9,1,7891,POP,-4,agcdbfhejplinkom
8,9,2,7891,POP,-1,bhldfcpejgoinakm
8,9,1,7892,POP,-1,bgcdafhejplinkom
8,9,2,7892,DEL_EXPLORED,-4
8,9,1,7893,PUSH,4,bgcdfphejalinkom,-4,4,-1,1
8,9,2,7893,POP,4,bhldfcpejgoinkam
8,9,1,7894,PUSH,1,bgcdfphejlainkom,-4,4,-1,1
8,9,2,7894,DEL_EXPLORED,-4
8,9,1,7895,PUSH,1,bgcdfphejliankom,-4,4,-1
8,9,2,7895,POP,4,bhldfcpejgainkom
8,9,1,7896,DEL_EXPLORED,-1
8,9,2,7896,DEL_EXPLORED,-4
8,9,1,7897,PUSH,4,bgcdfphejlimnkoa,-4,-1
8,9,2,7897,POP,4,bhldfcaejgpinkom
8,9,1,7898,PUSH,-1,bgcdfphejlimnkao,-4,-1,1
8,9,2,7898,POP,1,bhadfclejgpinkom
8,9,1,7899,DEL_EXPLORED,1
8,9,2,7899,PUSH,-1,abhdfclejgpinkom,4,1
8,9,1,7900,DEL_CUTOFF,-1
8,9,2,7900,DEL_EXPLORED,1
8,9,1,7901,DEL_CUTOFF,-4
8,9,2,7901,PUSH,4,fbhdaclejgpinkom,-4,4,1
8,9,1,7902,POP,-1,bgcdfphejlimnkao
8,9,2,7902,PUSH,1,fbhdcalejgpinkom,-4,4,-1,1
8,9,1,7903,DEL_EXPLORED,-4
8,9,2,7903,PUSH,1,fbhdclaejgpinkom,-4,4,-1,1
8,9,1,7904,POP,4,bgcdfphejlimnkoa
8,9,2,7904,PUSH,1,fbhdcleajgpinkom,-4,4,-1
8,9,1,7905,PUSH,-4,bgcdfphajlienkom,-4,4,-1
8,9,2,7905,DEL_EXPLORED,-1
8,9,1,7906,PUSH,-1,bgcdfpahjlienkom,-4,4,-1,1
8,9,2,7906,PUSH,4,fbhdcleijgpankom,-4,4,-1
8,9,1,7907,DEL_EXPLORED,1
8,9,2,7907,DEL_CUTOFF,-1
8,9,1,7908,DEL_CUTOFF,-1
8,9,2,7908,DEL_CUTOFF,4
8,9,1,7909,DEL_CUTOFF,4
8,9,2,7909,DEL_EXPLORED,-4
8,9,1,7910,DEL_CUTOFF,-4
8,9,2,7910,POP,4,fbhdcleijgpankom
8,9,1,7911,POP,-1,bgcdfpahjlienkom
8,9,2,7911,PUSH,-4,fbhacledjgpinkom,4,-1
8,9,1,7912,DEL_EXPLORED,4
8,9,2,7912,DEL_CUTOFF,-1
8,9,1,7913,PUSH,-4,bgcafphdjlienkom,4,-1
8,9,2,7913,DEL_EXPLORED,4
8,9,1,7914,DEL_CUTOFF,-1
8,9,2,7914,POP,-4,fbhacledjgpinkom
8,9,1,7915,DEL_EXPLORED,4
8,9,2,7915,POP,1,fbhdcleajgpinkom
8,9,1,7916,POP,-4,bgcafphdjlienkom
8,9,2,7916,DEL_EXPLORED,-1
8,9,1,7917,POP,-4,bgcdfphajlienkom
8,9,2,7917,PUSH,4,fbhdclpejgainkom,-4,4,-1,1
8,9,1,7918,POP,1,bgcdfphejliankom
8,9,2,7918,PUSH,1,fbhdclpejgiankom,-4,4,-1
8,9,1,7919,DEL_EXPLORED,-1
8,9,2,7919,DEL_EXPLORED,-1
8,9,1,7920,PUSH,4,bgcdfphejloinkam,-4,-1,1
8,9,2,7920,DEL_CUTOFF,4
8,9,1,7921,PUSH,1,bgcdfphejloinkma,-4,-1
8,9,2,7921,DEL_CUTOFF,-4
8,9,1,7922,DEL_EXPLORED,-1
8,9,2,7922,POP,1,fbhdclpejgiankom
8,9,1,7923,PUSH,-4,bgcdfphejloankmi,-4,4,-1
8,9,2,7923,PUSH,-1,fbhdclpejaginkom,-4,4,-1,1
8,9,1,7924,DEL_CUTOFF,-1
8,9,2,7924,DEL_EXPLORED,1
8,9,1,7925,DEL_EXPLORED,4
8,9,2,7925,DEL_CUTOFF,-1
8,9,1,7926,DEL_CUTOFF,-4
8,9,2,7926,DEL_CUTOFF,4
8,9,1,7927,POP,-4,bgcdfphejloankmi
8,9,2,7927,DEL_CUTOFF,-4
8,9,1,7928,POP,1,bgcdfphejloinkma
8,9,2,7928,POP,-1,fbhdclpejaginkom
8,9,1,7929,PUSH,-1,bgcdfphejloinakm,-4,-1,1
8,9,2,7929,PUSH,4,fbhdclpejgoinkam,-4,-1,1
8,9,1,7930,DEL_EXPLORED,1
8,9,2,7930,DEL_CUTOFF,1
8,9,1,7931,PUSH,-1,bgcdfphejloiankm,-4,1
8,9,2,7931,DEL_CUTOFF,-1
8,9,1,7932,DEL_EXPLORED,1
8,9,2,7932,DEL_EXPLORED,-4
8,9,1,7933,DEL_CUTOFF,-4
8,9,2,7933,POP,4,fbhdclpejgoinkam
8,9,1,7934,POP,-1,bgcdfphejloiankm
8,9,2,7934,DEL_EXPLORED,-4
8,9,1,7935,PUSH,-4,bgcdfphejaoinlkm,-4,4,-1,1
8,9,2,7935,POP,4,fbhdclpejgainkom
8,9,1,7936,DEL_CUTOFF,1
8,9,2,7936,PUSH,-4,fbadclhejgpinkom,4,-1,1
8,9,1,7937,DEL_CUTOFF,-1
8,9,2,7937,PUSH,1,fbdaclhejgpinkom,4,-1
8,9,1,7938,DEL_EXPLORED,4
8,9,2,7938,DEL_EXPLORED,-1
8,9,1,7939,DEL_CUTOFF,-4
8,9,2,7939,DEL_CUTOFF,4
8,9,1,7940,POP,-4,bgcdfphejaoinlkm
8,9,2,7940,POP,1,fbdaclhejgpinkom
8,9,1,7941,POP,-1,bgcdfphejloinakm
8,9,2,7941,PUSH,-1,fabdclhejgpinkom,4,-1,1
8,9,1,7942,DEL_EXPLORED,-4
8,9,2,7942,DEL_EXPLORED,1
8,9,1,7943,POP,4,bgcdfphejloinkam
8,9,2,7943,DEL_CUTOFF,-1
8,9,1,7944,PUSH,-4,bgcdfpaejlhinkom,-4,4,-1,1
8,9,2,7944,DEL_CUTOFF,4
8,9,1,7945,PUSH,1,bgcdfpeajlhinkom,-4,4,-1
8,9,2,7945,POP,-1,fabdclhejgpinkom
8,9,1,7946,DEL_EXPLORED,-1
8,9,2,7946,DEL_EXPLORED,4
8,9,1,7947,PUSH,4,bgcdfpeijlhankom,-4,4,-1
8,9,2,7947,POP,-4,fbadclhejgpinkom
8,9,1,7948,DEL_CUTOFF,-1
8,9,2,7948,POP,1,fbhdclaejgpinkom
8,9,1,7949,DEL_CUTOFF,4
8,9,2,7949,DEL_EXPLORED,-1
8,9,1,7950,DEL_EXPLORED,-4
8,9,2,7950,PUSH,4,fbhdcglejapinkom,-4,4,-1,1
8,9,1,7951,POP,4,bgcdfpeijlhankom
8,9,2,7951,PUSH,1,fbhdcglejpainkom,-4,4,-1,1
8,9,1,7952,PUSH,-4,bgcafpedjlhinkom,4,-1
8,9,2,7952,PUSH,1,fbhdcglejpiankom,-4,4,-1
8,9,1,7953,DEL_CUTOFF,-1
8,9,2,7953,DEL_EXPLORED,-1
8,9,1,7954,DEL_EXPLORED,4
8,9,2,7954,DEL_CUTOFF,4
8,9,1,7955,POP,-4,bgcafpedjlhinkom
8,9,2,7955,DEL_CUTOFF,-4
8,9,1,7956,POP,1,bgcdfpeajlhinkom
8,9,2,7956,POP,1,fbhdcglejpiankom
8,9,1,7957,PUSH,-1,bgcdfapejlhinkom,-4,4,-1,1
8,9,2,7957,DEL_EXPLORED,-1
8,9,1,7958,DEL_EXPLORED,1
8,9,2,7958,PUSH,4,fbhdcglejpoinkam,-4,-1,1
8,9,1,7959,PUSH,-1,bgcdafpejlhinkom,-4,4,1
8,9,2,7959,DEL_CUTOFF,1
8,9,1,7960,DEL_EXPLORED,1
8,9,2,7960,DEL_CUTOFF,-1
8,9,1,7961,DEL_CUTOFF,4
8,9,2,7961,DEL_EXPLORED,-4
8,9,1,7962,DEL_CUTOFF,-4
8,9,2,7962,POP,4,fbhdcglejpoinkam
8,9,1,7963,POP,-1,bgcdafpejlhinkom
8,9,2,7963,PUSH,-4,fbhdcgaejplinkom,-4,4,-1,1
8,9,1,7964,PUSH,4,bgcdflpejahinkom,-4,4,-1,1
8,9,2,7964,DEL_CUTOFF,1
8,9,1,7965,DEL_CUTOFF,1
8,9,2,7965,DEL_CUTOFF,-1
8,9,1,7966,DEL_CUTOFF,-1
8,9,2,7966,DEL_EXPLORED,4
8,9,1,7967,DEL_CUTOFF,4
8,9,2,7967,DEL_CUTOFF,-4
8,9,1,7968,DEL_EXPLORED,-4
8,9,2,7968,POP,-4,fbhdcgaejplinkom
8,9,1,7969,POP,4,bgcdflpejahinkom
8,9,2,7969,POP,1,fbhdcglejpainkom
8,9,1,7970,PUSH,-4,bacdfgpejlhinkom,4,-1,1
8,9,2,7970,PUSH,-1,fbhdcgleajpinkom,-4,4,1
8,9,1,7971,DEL_CUTOFF,1
8,9,2,7971,DEL_EXPLORED,1
8,9,1,7972,DEL_CUTOFF,-1
8,9,2,7972,PUSH,4,fbhdcglenjpiakom,-4,1
8,9,1,7973,DEL_EXPLORED,4
8,9,2,7973,DEL_CUTOFF,1
8,9,1,7974,POP,-4,bacdfgpejlhinkom
8,9,2,7974,DEL_EXPLORED,-4
8,9,1,7975,POP,-1,bgcdfapejlhinkom
8,9,2,7975,POP,4,fbhdcglenjpiakom
8,9,1,7976,DEL_EXPLORED,4
8,9,2,7976,PUSH,-4,fbhdaglecjpinkom,-4,4,1
8,9,1,7977,PUSH,-4,bgadfpcejlhinkom,4,-1,1
8,9,2,7977,DEL_CUTOFF,1
8,9,1,7978,PUSH,1,bgdafpcejlhinkom,4,-1
8,9,2,7978,DEL_EXPLORED,4
8,9,1,7979,DEL_EXPLORED,-1
8,9,2,7979,DEL_CUTOFF,-4
8,9,1,7980,DEL_CUTOFF,4
8,9,2,7980,POP,-4,fbhdaglecjpinkom
8,9,1,7981,POP,1,bgdafpcejlhinkom
8,9,2,7981,POP,-1,fbhdcgleajpinkom
8,9,1,7982,PUSH,-1,bagdfpcejlhinkom,4,-1,1
8,9,2,7982,PUSH,4,fbhdcglejkpinaom,-4,-1,1
8,9,1,7983,DEL_EXPLORED,1
8,9,2,7983,PUSH,1,fbhdcglejkpinoam,-4,-1,1
8,9,1,7984,DEL_CUTOFF,-1
8,9,2,7984,DEL_CUTOFF,1
8,9,1,7985,DEL_CUTOFF,4
8,9,2,7985,DEL_EXPLORED,-1
8,9,1,7986,POP,-1,bagdfpcejlhinkom
8,9,2,7986,DEL_CUTOFF,-4
8,9,1,7987,DEL_EXPLORED,4
8,9,2,7987,POP,1,fbhdcglejkpinoam
8,9,1,7988,POP,-4,bgadfpcejlhinkom
8,9,2,7988,PUSH,-1,fbhdcglejkpianom,-4,1
8,9,1,7989,POP,-4,bgcdfpaejlhinkom
8,9,2,7989,DEL_EXPLORED,1
8,9,1,7990,POP,1,bgcdfphejlainkom
8,9,2,7990,DEL_CUTOFF,-4
8,9,1,7991,PUSH,-1,bgcdfpheajlinkom,-4,4,1
8,9,2,7991,POP,-1,fbhdcglejkpianom
8,9,1,7992,DEL_EXPLORED,1
8,9,2,7992,DEL_EXPLORED,-4
8,9,1,7993,PUSH,4,bgcdfphenjliakom,-4,1
8,9,2,7993,POP,4,fbhdcglejkpinaom
8,9,1,7994,PUSH,1,bgcdfphenjlikaom,-4,-1,1
8,9,2,7994,DEL_EXPLORED,-4
8,9,1,7995,PUSH,1,bgcdfphenjlikoam,-4,-1,1
8,9,2,7995,POP,4,fbhdcglejapinkom
8,9,1,7996,DEL_CUTOFF,1
8,9,2,7996,PUSH,-4,fahdcblejgpinkom,4,-1,1
8,9,1,7997,DEL_EXPLORED,-1
8,9,2,7997,PUSH,1,fhadcblejgpinkom,4,-1,1
8,9,1,7998,DEL_CUTOFF,-4
8,9,2,7998,PUSH,1,fhdacblejgpinkom,4,-1
8,9,1,7999,POP,1,bgcdfphenjlikoam
8,9,2,7999,DEL_EXPLORED,-1
8,9,1,8000,DEL_EXPLORED,-1
8,9,2,8000,DEL_CUTOFF,4
8,9,1,8001,PUSH,-4,bgcdfphenalikjom,-4,4,-1,1
8,9,2,8001,POP,1,fhdacblejgpinkom
8,9,1,8002,DEL_CUTOFF,1
8,9,2,8002,DEL_EXPLORED,-1
8,9,1,8003,DEL_CUTOFF,-1
8,9,2,8003,PUSH,4,fhldcbaejgpinkom,-4,4,-1,1
8,9,1,8004,DEL_EXPLORED,4
8,9,2,8004,DEL_CUTOFF,1
8,9,1,8005,DEL_CUTOFF,-4
8,9,2,8005,DEL_CUTOFF,-1
8,9,1,8006,POP,-4,bgcdfphenalikjom
8,9,2,8006,DEL_CUTOFF,4
8,9,1,8007,POP,1,bgcdfphenjlikaom
8,9,2,8007,DEL_EXPLORED,-4
8,9,1,8008,DEL_EXPLORED,-4
8,9,2,8008,POP,4,fhldcbaejgpinkom
8,9,1,8009,POP,4,bgcdfphenjliakom
8,9,2,8009,POP,1,fhadcblejgpinkom
8,9,1,8010,PUSH,-4,bgcdaphefjlinkom,-4,4,1
8,9,2,8010,PUSH,-1,afhdcblejgpinkom,4,1
8,9,1,8011,PUSH,1,bgcdpahefjlinkom,-4,4,-1,1
8,9,2,8011,DEL_EXPLORED,1
8,9,1,8012,PUSH,1,bgcdphaefjlinkom,-4,4,-1,1
8,9,2,8012,PUSH,4,cfhdablejgpinkom,-4,4,1
8,9,1,8013,DEL_CUTOFF,1
8,9,2,8013,DEL_CUTOFF,1
8,9,1,8014,DEL_EXPLORED,-1
8,9,2,8014,DEL_CUTOFF,4
8,9,1,8015,DEL_CUTOFF,4
8,9,2,8015,DEL_EXPLORED,-4
8,9,1,8016,DEL_CUTOFF,-4
8,9,2,8016,POP,4,cfhdablejgpinkom
8,9,1,8017,POP,1,bgcdphaefjlinkom
8,9,2,8017,POP,-1,afhdcblejgpinkom
8,9,1,8018,DEL_EXPLORED,-1
8,9,2,8018,DEL_EXPLORED,4
8,9,1,8019,PUSH,4,bgcdpjhefalinkom,-4,4,-1,1
8,9,2,8019,POP,-4,fahdcblejgpinkom
8,9,1,8020,DEL_CUTOFF,1
8,9,2,8020,POP,1,fbhdcalejgpinkom
8,9,1,8021,DEL_CUTOFF,-1
8,9,2,8021,PUSH,4,fbhdjcleagpinkom,-4,4,1
8,9,1,8022,DEL_CUTOFF,4
8,9,2,8022,PUSH,1,fbhdjclegapinkom,-4,4,-1,1
8,9,1,8023,DEL_EXPLORED,-4
8,9,2,8023,PUSH,1,fbhdjclegpainkom,-4,4,-1,1
8,9,1,8024,POP,4,bgcdpjhefalinkom
8,9,2,8024,PUSH,1,fbhdjclegpiankom,-4,4,-1
8,9,1,8025,PUSH,-4,bacdpghefjlinkom,4,-1,1
8,9,2,8025,DEL_EXPLORED,-1
8,9,1,8026,DEL_CUTOFF,1
8,9,2,8026,DEL_CUTOFF,4
8,9,1,8027,DEL_CUTOFF,-1
8,9,2,8027,DEL_CUTOFF,-4
8,9,1,8028,DEL_EXPLORED,4
8,9,2,8028,POP,1,fbhdjclegpiankom
8,9,1,8029,POP,-4,bacdpghefjlinkom
8,9,2,8029,DEL_EXPLORED,-1
8,9,1,8030,POP,1,bgcdpahefjlinkom
8,9,2,8030,PUSH,4,fbhdjclegpoinkam,-4,-1,1
8,9,1,8031,DEL_EXPLORED,4
8,9,2,8031,DEL_CUTOFF,1
8,9,1,8032,PUSH,-4,agcdbphefjlinkom,4,1
8,9,2,8032,DEL_CUTOFF,-1
8,9,1,8033,PUSH,1,gacdbphefjlinkom,4,-1,1
8,9,2,8033,DEL_EXPLORED,-4
8,9,1,8034,DEL_CUTOFF,1
8,9,2,8034,POP,4,fbhdjclegpoinkam
8,9,1,8035,DEL_EXPLORED,-1
8,9,2,8035,PUSH,-4,fbhdjcaegplinkom,-4,4,-1,1
8,9,1,8036,DEL_CUTOFF,4
8,9,2,8036,DEL_CUTOFF,1
8,9,1,8037,POP,1,gacdbphefjlinkom
8,9,2,8037,DEL_CUTOFF,-1
8,9,1,8038,DEL_EXPLORED,4
8,9,2,8038,DEL_EXPLORED,4
8,9,1,8039,POP,-4,agcdbphefjlinkom
8,9,2,8039,DEL_CUTOFF,-4
8,9,1,8040,POP,-4,bgcdaphefjlinkom
8,9,2,8040,POP,-4,fbhdjcaegplinkom
8,9,1,8041,POP,-1,bgcdfpheajlinkom
8,9,2,8041,POP,1,fbhdjclegpainkom
8,9,1,8042,PUSH,4,bgcdfphejklinaom,-4,-1,1
8,9,2,8042,DEL_EXPLORED,-1
8,9,1,8043,PUSH,1,bgcdfphejklinoam,-4,-1,1
8,9,2,8043,PUSH,4,fbhdjclegkpinaom,-4,-1,1
8,9,1,8044,PUSH,1,bgcdfphejklinoma,-4,-1
8,9,2,8044,PUSH,1,fbhdjclegkpinoam,-4,-1,1
8,9,1,8045,DEL_EXPLORED,-1
8,9,2,8045,DEL_CUTOFF,1
8,9,1,8046,PUSH,-4,bgcdfphejklanomi,-4,4,-1
8,9,2,8046,DEL_EXPLORED,-1
8,9,1,8047,DEL_CUTOFF,-1
8,9,2,8047,DEL_CUTOFF,-4
8,9,1,8048,DEL_EXPLORED,4
8,9,2,8048,POP,1,fbhdjclegkpinoam
8,9,1,8049,DEL_CUTOFF,-4
8,9,2,8049,PUSH,-1,fbhdjclegkpianom,-4,1
8,9,1,8050,POP,-4,bgcdfphejklanomi
8,9,2,8050,DEL_EXPLORED,1
8,9,1,8051,POP,1,bgcdfphejklinoma
8,9,2,8051,DEL_CUTOFF,-4
8,9,1,8052,DEL_EXPLORED,-1
8,9,2,8052,POP,-1,fbhdjclegkpianom
8,9,1,8053,PUSH,-4,bgcdfphejkainolm,-4,4,-1,1
8,9,2,8053,DEL_EXPLORED,-4
8,9,1,8054,PUSH,1,bgcdfphejkianolm,-4,4,-1
8,9,2,8054,POP,4,fbhdjclegkpinaom
8,9,1,8055,DEL_EXPLORED,-1
8,9,2,8055,PUSH,-4,fbhdjalegcpinkom,-4,4,-1,1
8,9,1,8056,DEL_CUTOFF,4
8,9,2,8056,PUSH,1,fbhdjlaegcpinkom,-4,4,-1,1
8,9,1,8057,DEL_CUTOFF,-4
8,9,2,8057,DEL_CUTOFF,1
8,9,1,8058,POP,1,bgcdfphejkianolm
8,9,2,8058,DEL_EXPLORED,-1
8,9,1,8059,PUSH,-1,bgcdfphejakinolm,-4,4,-1,1
8,9,2,8059,DEL_CUTOFF,4
8,9,1,8060,DEL_EXPLORED,1
8,9,2,8060,DEL_CUTOFF,-4
8,9,1,8061,DEL_CUTOFF,-1
8,9,2,8061,POP,1,fbhdjlaegcpinkom
8,9,1,8062,DEL_CUTOFF,4
8,9,2,8062,PUSH,-1,fbhdajlegcpinkom,-4,4,1
8,9,1,8063,DEL_CUTOFF,-4
8,9,2,8063,DEL_EXPLORED,1
8,9,1,8064,POP,-1,bgcdfphejakinolm
8,9,2,8064,DEL_CUTOFF,4
8,9,1,8065,DEL_EXPLORED,4
8,9,2,8065,DEL_CUTOFF,-4
8,9,1,8066,PUSH,-4,bgcdfpaejkhinolm,-4,4,-1,1
8,9,2,8066,POP,-1,fbhdajlegcpinkom
8,9,1,8067,DEL_CUTOFF,1
8,9,2,8067,DEL_EXPLORED,4
8,9,1,8068,DEL_CUTOFF,-1
8,9,2,8068,PUSH,-4,fahdjblegcpinkom,4,-1,1
8,9,1,8069,DEL_EXPLORED,4
8,9,2,8069,DEL_CUTOFF,1
8,9,1,8070,DEL_CUTOFF,-4
8,9,2,8070,DEL_CUTOFF,-1
8,9,1,8071,POP,-4,bgcdfpaejkhinolm
8,9,2,8071,DEL_EXPLORED,4
8,9,1,8072,POP,-4,bgcdfphejkainolm
8,9,2,8072,POP,-4,fahdjblegcpinkom
8,9,1,8073,POP,1,bgcdfphejklinoam
8,9,2,8073,POP,-4,fbhdjalegcpinkom
8,9,1,8074,PUSH,-1,bgcdfphejklianom,-4,1
8,9,2,8074,POP,1,fbhdjclegapinkom
8,9,1,8075,DEL_EXPLORED,1
8,9,2,8075,PUSH,4,fbhdjclengpiakom,-4,1
8,9,1,8076,PUSH,-4,bgcdfpheaklijnom,-4,4,1
8,9,2,8076,PUSH,1,fbhdjclengpikaom,-4,-1,1
8,9,1,8077,PUSH,1,bgcdfphekalijnom,-4,4,-1,1
8,9,2,8077,PUSH,1,fbhdjclengpikoam,-4,-1,1
8,9,1,8078,DEL_CUTOFF,1
8,9,2,8078,DEL_CUTOFF,1
8,9,1,8079,DEL_EXPLORED,-1
8,9,2,8079,DEL_EXPLORED,-1
8,9,1,8080,DEL_CUTOFF,4
8,9,2,8080,DEL_CUTOFF,-4
8,9,1,8081,DEL_CUTOFF,-4
8,9,2,8081,POP,1,fbhdjclengpikoam
8,9,1,8082,POP,1,bgcdfphekalijnom
8,9,2,8082,DEL_EXPLORED,-1
8,9,1,8083,DEL_EXPLORED,4
8,9,2,8083,PUSH,-4,fbhdjclenapikgom,-4,4,-1,1
8,9,1,8084,PUSH,-4,bgcdaphefklijnom,-4,4,1
8,9,2,8084,DEL_CUTOFF,1
8,9,1,8085,DEL_CUTOFF,1
8,9,2,8085,DEL_CUTOFF,-1
8,9,1,8086,DEL_EXPLORED,4
8,9,2,8086,DEL_EXPLORED,4
8,9,1,8087,DEL_CUTOFF,-4
8,9,2,8087,DEL_CUTOFF,-4
8,9,1,8088,POP,-4,bgcdaphefklijnom
8,9,2,8088,POP,-4,fbhdjclenapikgom
8,9,1,8089,POP,-4,bgcdfpheaklijnom
8,9,2,8089,POP,1,fbhdjclengpikaom
8,9,1,8090,POP,-1,bgcdfphejklianom
8,9,2,8090,DEL_EXPLORED,-4
8,9,1,8091,DEL_EXPLORED,-4
8,9,2,8091,POP,4,fbhdjclengpiakom
8,9,1,8092,POP,4,bgcdfphejklinaom
8,9,2,8092,DEL_EXPLORED,-4
8,9,1,8093,DEL_EXPLORED,-4
8,9,2,8093,POP,4,fbhdjcleagpinkom
8,9,1,8094,POP,4,bgcdfphejalinkom
8,9,2,8094,DEL_EXPLORED,-4
8,9,1,8095,DEL_EXPLORED,-4
8,9,2,8095,POP,4,fbhdaclejgpinkom
8,9,1,8096,POP,4,bgcdfahejplinkom
8,9,2,8096,POP,-1,abhdfclejgpinkom
8,9,1,8097,POP,-1,bacdfghejplinkom
8,9,2,8097,DEL_EXPLORED,4
8,9,1,8098,DEL_EXPLORED,4
8,9,2,8098,POP,-4,bahdfclejgpinkom
8,9,1,8099,POP,-4,bcadfghejplinkom
8,9,2,8099,POP,-4,bchdfalejgpinkom
8,9,1,8100,POP,-4,bchdfgaejplinkom
8,9,2,8100,POP,-1,bchdfglejapinkom
8,9,1,8101,POP,0,bchdfglejpainkom
8,9,2,8101,POP,0,bchdfglejpainkom
9,10,0,8102,PUSH,1,bchdfglejpoinkma,-4,-1
9,10,1,8102,PUSH,1,bchdfgeajplinkom,-4,4,-1
9,10,2,8102,DEL_EXPLORED,1
9,10,3,8102,PUSH,-1,bchdfglejpimnkao,-4,-1,1
9,10,4,8102,PUSH,-1,bchdfgaljpienkom,-4,4,-1,1
9,10,0,8103,DEL_EXPLORED,-1
9,10,1,8103,DEL_EXPLORED,-1
9,10,2,8103,PUSH,-1,bchdfgleajpinkom,-4,4,1
9,10,3,8103,DEL_EXPLORED,1
9,10,4,8103,DEL_EXPLORED,1
9,10,0,8104,PUSH,-4,bchdfglejpoankmi,-4,4,-1
9,10,1,8104,PUSH,4,bchdfgeijplankom,-4,4,-1
9,10,2,8104,DEL_EXPLORED,1
9,10,3,8104,PUSH,-1,bchdfglejpimnako,-4,-1,1
9,10,4,8104,PUSH,-1,bchdfagljpienkom,-4,4,-1,1
9,10,0,8105,PUSH,-1,bchdfglejpaonkmi,-4,4,-1,1
9,10,1,8105,PUSH,-1,bchdfgeijpalnkom,-4,4,-1,1
9,10,2,8105,PUSH,4,bchdfglenjpiakom,-4,1
9,10,3,8105,DEL_EXPLORED,1
9,10,4,8105,DEL_EXPLORED,1
9,10,0,8106,DEL_EXPLORED,1
9,10,1,8106,DEL_EXPLORED,1
9,10,2,8106,PUSH,1,bchdfglenjpikaom,-4,-1,1
9,10,3,8106,PUSH,-1,bchdfglejpimanko,-4,1
9,10,4,8106,PUSH,-1,bchdafgljpienkom,-4,4,1
9,10,0,8107,PUSH,-1,bchdfglejaponkmi,-4,4,-1,1
9,10,1,8107,PUSH,-1,bchdfgeijaplnkom,-4,4,-1,1
9,10,2,8107,PUSH,1,bchdfglenjpikoam,-4,-1,1
9,10,3,8107,DEL_EXPLORED,1
9,10,4,8107,DEL_EXPLORED,1
9,10,0,8108,DEL_EXPLORED,1
9,10,1,8108,DEL_EXPLORED,1
9,10,2,8108,PUSH,1,bchdfglenjpikoma,-4,-1
9,10,3,8108,PUSH,-4,bchdfgleapimjnko,-4,4,1
9,10,4,8108,PUSH,4,bchdjfglapienkom,-4,4,1
9,10,0,8109,PUSH,-1,bchdfgleajponkmi,-4,4,1
9,10,1,8109,PUSH,-1,bchdfgeiajplnkom,-4,4,1
9,10,2,8109,DEL_EXPLORED,-1
9,10,3,8109,PUSH,1,bchdfglepaimjnko,-4,4,-1,1
9,10,4,8109,PUSH,1,bchdjfglpaienkom,-4,4,-1,1
9,10,0,8110,DEL_EXPLORED,1
9,10,1,8110,DEL_EXPLORED,1
9,10,2,8110,PUSH,-4,bchdfglenjpakomi,-4,4,-1
9,10,3,8110,PUSH,1,bchdfglepiamjnko,-4,4,-1,1
9,10,4,8110,PUSH,1,bchdjfglpiaenkom,-4,4,-1,1
9,10,0,8111,PUSH,4,bchdfglenjpoakmi,-4,1
9,10,1,8111,PUSH,4,bchdfgeinjplakom,-4,1
9,10,2,8111,PUSH,-1,bchdfglenjapkomi,-4,4,-1,1
9,10,3,8111,PUSH,1,bchdfglepimajnko,-4,4,-1
9,10,4,8111,PUSH,1,bchdjfglpieankom,-4,4,-1
9,10,0,8112,PUSH,1,bchdfglenjpokami,-4,-1,1
9,10,1,8112,PUSH,1,bchdfgeinjplkaom,-4,-1,1
9,10,2,8112,DEL_EXPLORED,1
9,10,3,8112,DEL_EXPLORED,-1
9,10,4,8112,DEL_EXPLORED,-1
9,10,0,8113,PUSH,1,bchdfglenjpokmai,-4,-1,1
9,10,1,8113,PUSH,1,bchdfgeinjplkoam,-4,-1,1
9,10,2,8113,PUSH,-1,bchdfglenajpkomi,-4,4,-1,1
9,10,3,8113,PUSH,4,bchdfglepimojnka,-4,-1
9,10,4,8113,PUSH,4,bchdjfglpiemnkoa,-4,-1
9,10,0,8114,PUSH,1,bchdfglenjpokmia,-4,-1
9,10,1,8114,PUSH,1,bchdfgeinjplkoma,-4,-1
9,10,2,8114,DEL_EXPLORED,1
9,10,3,8114,DEL_CUTOFF,-1
9,10,4,8114,DEL_CUTOFF,-1
9,10,0,8115,DEL_EXPLORED,-1
9,10,1,8115,DEL_EXPLORED,-1
9,10,2,8115,PUSH,-1,bchdfgleanjpkomi,-4,4,1
9,10,3,8115,DEL_EXPLORED,-4
9,10,4,8115,DEL_EXPLORED,-4
9,10,0,8116,DEL_CUTOFF,-4
9,10,1,8116,DEL_CUTOFF,-4
9,10,2,8116,DEL_EXPLORED,1
9,10,3,8116,POP,4,bchdfglepimojnka
9,10,4,8116,POP,4,bchdjfglpiemnkoa
9,10,0,8117,POP,1,bchdfglenjpokmia
9,10,1,8117,POP,1,bchdfgeinjplkoma
9,10,2,8117,DEL_CUTOFF,4
9,10,3,8117,PUSH,-4,bchdfglapimejnko,-4,4,-1
9,10,4,8117,PUSH,-4,bchdjfgapielnkom,-4,4,-1
9,10,0,8118,DEL_EXPLORED,-1
9,10,1,8118,DEL_EXPLORED,-1
9,10,2,8118,DEL_CUTOFF,-4
9,10,3,8118,DEL_CUTOFF,-1
9,10,4,8118,DEL_CUTOFF,-1
9,10,0,8119,PUSH,-4,bchdfglenjaokmpi,-4,4,-1,1
9,10,1,8119,PUSH,-4,bchdfgeinjalkopm,-4,4,-1,1
9,10,2,8119,POP,-1,bchdfgleanjpkomi
9,10,3,8119,DEL_EXPLORED,4
9,10,4,8119,DEL_EXPLORED,4
9,10,0,8120,DEL_CUTOFF,1
9,10,1,8120,DEL_CUTOFF,1
9,10,2,8120,PUSH,4,bchdfglenojpkami,-4,-1,1
9,10,3,8120,DEL_CUTOFF,-4
9,10,4,8120,DEL_CUTOFF,-4
9,10,0,8121,DEL_CUTOFF,-1
9,10,1,8121,DEL_CUTOFF,-1
9,10,2,8121,DEL_CUTOFF,1
9,10,3,8121,POP,-4,bchdfglapimejnko
9,10,4,8121,POP,-4,bchdjfgapielnkom
9,10,0,8122,DEL_EXPLORED,4
9,10,1,8122,DEL_EXPLORED,4
9,10,2,8122,DEL_CUTOFF,-1
9,10,3,8122,POP,1,bchdfglepimajnko
9,10,4,8122,POP,1,bchdjfglpieankom
9,10,0,8123,DEL_CUTOFF,-4
9,10,1,8123,DEL_CUTOFF,-4
9,10,2,8123,DEL_EXPLORED,-4
9,10,3,8123,DEL_EXPLORED,-1
9,10,4,8123,DEL_EXPLORED,-1
9,10,0,8124,POP,-4,bchdfglenjaokmpi
9,10,1,8124,POP,-4,bchdfgeinjalkopm
9,10,2,8124,POP,4,bchdfglenojpkami
9,10,3,8124,PUSH,4,bchdfglepikmjnao,-4,-1,1
9,10,4,8124,PUSH,4,bchdjfglpioenkam,-4,-1,1
9,10,0,8125,POP,1,bchdfglenjpokmai
9,10,1,8125,POP,1,bchdfgeinjplkoam
9,10,2,8125,PUSH,-4,bchdfalengjpkomi,-4,4,-1,1
9,10,3,8125,PUSH,1,bchdfglepikmjnoa,-4,-1
9,10,4,8125,PUSH,1,bchdjfglpioenkma,-4,-1
9,10,0,8126,DEL_EXPLORED,-1
9,10,1,8126,DEL_EXPLORED,-1
9,10,2,8126,DEL_CUTOFF,1
9,10,3,8126,DEL_EXPLORED,-1
9,10,4,8126,DEL_EXPLORED,-1
9,10,0,8127,PUSH,-4,bchdfglenapokjmi,-4,4,-1,1
9,10,1,8127,PUSH,-4,bchdfgeinaplkjom,-4,4,-1,1
9,10,2,8127,DEL_CUTOFF,-1
9,10,3,8127,DEL_CUTOFF,-4
9,10,4,8127,DEL_CUTOFF,-4
9,10,0,8128,PUSH,1,bchdfglenpaokjmi,-4,4,-1,1
9,10,1,8128,PUSH,1,bchdfgeinpalkjom,-4,4,-1,1
9,10,2,8128,DEL_EXPLORED,4
9,10,3,8128,POP,1,bchdfglepikmjnoa
9,10,4,8128,POP,1,bchdjfglpioenkma
9,10,0,8129,DEL_CUTOFF,1
9,10,1,8129,DEL_CUTOFF,1
9,10,2,8129,DEL_CUTOFF,-4
9,10,3,8129,PUSH,-1,bchdfglepikmjano,-4,-1,1
9,10,4,8129,PUSH,-1,bchdjfglpioenakm,-4,-1,1
9,10,0,8130,DEL_EXPLORED,-1
9,10,1,8130,DEL_EXPLORED,-1
9,10,2,8130,POP,-4,bchdfalengjpkomi
9,10,3,8130,DEL_EXPLORED,1
9,10,4,8130,DEL_EXPLORED,1
9,10,0,8131,DEL_CUTOFF,4
9,10,1,8131,DEL_CUTOFF,4
9,10,2,8131,POP,-1,bchdfglenajpkomi
9,10,3,8131,DEL_CUTOFF,-1
9,10,4,8131,DEL_CUTOFF,-1
9,10,0,8132,DEL_CUTOFF,-4
9,10,1,8132,DEL_CUTOFF,-4
9,10,2,8132,PUSH,4,bchdfglenjmpkoai,-4,-1,1
9,10,3,8132,DEL_CUTOFF,-4
9,10,4,8132,DEL_CUTOFF,-4
9,10,0,8133,POP,1,bchdfglenpaokjmi
9,10,1,8133,POP,1,bchdfgeinpalkjom
9,10,2,8133,PUSH,1,bchdfglenjmpkoia,-4,-1
9,10,3,8133,POP,-1,bchdfglepikmjano
9,10,4,8133,POP,-1,bchdjfglpioenakm
9,10,0,8134,PUSH,-1,bchdfgleanpokjmi,-4,4,1
9,10,1,8134,PUSH,-1,bchdfgeianplkjom,-4,4,1
9,10,2,8134,DEL_EXPLORED,-1
9,10,3,8134,DEL_EXPLORED,-4
9,10,4,8134,DEL_EXPLORED,-4
9,10,0,8135,DEL_EXPLORED,1
9,10,1,8135,DEL_EXPLORED,1
9,10,2,8135,DEL_CUTOFF,-4
9,10,3,8135,POP,4,bchdfglepikmjnao
9,10,4,8135,POP,4,bchdjfglpioenkam
9,10,0,8136,DEL_CUTOFF,4
9,10,1,8136,DEL_CUTOFF,4
9,10,2,8136,POP,1,bchdfglenjmpkoia
9,10,3,8136,PUSH,-4,bchdfgaepilmjnko,-4,4,-1,1
9,10,4,8136,PUSH,-4,bchdjfalpigenkom,-4,4,-1,1
9,10,0,8137,DEL_CUTOFF,-4
9,10,1,8137,DEL_CUTOFF,-4
9,10,2,8137,PUSH,-1,bchdfglenjmpkaoi,-4,-1,1
9,10,3,8137,PUSH,1,bchdfgeapilmjnko,-4,4,-1
9,10,4,8137,PUSH,1,bchdjflapigenkom,-4,4,-1
9,10,0,8138,POP,-1,bchdfgleanpokjmi
9,10,1,8138,POP,-1,bchdfgeianplkjom
9,10,2,8138,DEL_EXPLORED,1
9,10,3,8138,DEL_EXPLORED,-1
9,10,4,8138,DEL_EXPLORED,-1
9,10,0,8139,DEL_EXPLORED,4
9,10,1,8139,DEL_EXPLORED,4
9,10,2,8139,DEL_CUTOFF,-1
9,10,3,8139,DEL_CUTOFF,4
9,10,4,8139,DEL_CUTOFF,4
9,10,0,8140,PUSH,-4,bchdfalengpokjmi,-4,4,-1,1
9,10,1,8140,PUSH,-4,bchdfaeingplkjom,-4,4,-1,1
9,10,2,8140,DEL_CUTOFF,-4
9,10,3,8140,DEL_CUTOFF,-4
9,10,4,8140,DEL_CUTOFF,-4
9,10,0,8141,DEL_CUTOFF,1
9,10,1,8141,DEL_CUTOFF,1
9,10,2,8141,POP,-1,bchdfglenjmpkaoi
9,10,3,8141,POP,1,bchdfgeapilmjnko
9,10,4,8141,POP,1,bchdjflapigenkom
9,10,0,8142,DEL_CUTOFF,-1
9,10,1,8142,DEL_CUTOFF,-1
9,10,2,8142,DEL_EXPLORED,-4
9,10,3,8142,PUSH,-1,bchdfagepilmjnko,-4,4,-1,1
9,10,4,8142,PUSH,-1,bchdjaflpigenkom,-4,4,-1,1
9,10,0,8143,DEL_EXPLORED,4
9,10,1,8143,DEL_EXPLORED,4
9,10,2,8143,POP,4,bchdfglenjmpkoai
9,10,3,8143,DEL_EXPLORED,1
9,10,4,8143,DEL_EXPLORED,1
9,10,0,8144,DEL_CUTOFF,-4
9,10,1,8144,DEL_CUTOFF,-4
9,10,2,8144,PUSH,-4,bchdfgaenjlpkomi,-4,4,-1,1
9,10,3,8144,DEL_CUTOFF,-1
9,10,4,8144,DEL_CUTOFF,-1
9,10,0,8145,POP,-4,bchdfalengpokjmi
9,10,1,8145,POP,-4,bchdfaeingplkjom
9,10,2,8145,PUSH,1,bchdfgeanjlpkomi,-4,4,-1
9,10,3,8145,DEL_CUTOFF,4
9,10,4,8145,DEL_CUTOFF,4
9,10,0,8146,POP,-4,bchdfglenapokjmi
9,10,1,8146,POP,-4,bchdfgeinaplkjom
9,10,2,8146,DEL_EXPLORED,-1
9,10,3,8146,DEL_CUTOFF,-4
9,10,4,8146,DEL_CUTOFF,-4
9,10,0,8147,POP,1,bchdfglenjpokami
9,10,1,8147,POP,1,bchdfgeinjplkaom
9,10,2,8147,DEL_CUTOFF,4
9,10,3,8147,POP,-1,bchdfagepilmjnko
9,10,4,8147,POP,-1,bchdjaflpigenkom
9,10,0,8148,DEL_EXPLORED,-4
9,10,1,8148,DEL_EXPLORED,-4
9,10,2,8148,DEL_CUTOFF,-4
9,10,3,8148,DEL_EXPLORED,4
9,10,4,8148,DEL_EXPLORED,4
9,10,0,8149,POP,4,bchdfglenjpoakmi
9,10,1,8149,POP,4,bchdfgeinjplakom
9,10,2,8149,POP,1,bchdfgeanjlpkomi
9,10,3,8149,PUSH,-4,bcadfghepilmjnko,4,-1,1
9,10,4,8149,PUSH,-4,bcadjfhlpigenkom,4,-1,1
9,10,0,8150,PUSH,-4,bchdaglefjponkmi,-4,4,1
9,10,1,8150,PUSH,-4,bchdageifjplnkom,-4,4,1
9,10,2,8150,PUSH,-1,bchdfagenjlpkomi,-4,4,-1,1
9,10,3,8150,DEL_CUTOFF,1
9,10,4,8150,DEL_CUTOFF,1
9,10,0,8151,PUSH,1,bchdgalefjponkmi,-4,4,-1,1
9,10,1,8151,PUSH,1,bchdgaeifjplnkom,-4,4,-1,1
9,10,2,8151,DEL_EXPLORED,1
9,10,3,8151,DEL_CUTOFF,-1
9,10,4,8151,DEL_CUTOFF,-1
9,10,0,8152,PUSH,1,bchdglaefjponkmi,-4,4,-1,1
9,10,1,8152,PUSH,1,bchdgeaifjplnkom,-4,4,-1,1
9,10,2,8152,DEL_CUTOFF,-1
9,10,3,8152,DEL_EXPLORED,4
9,10,4,8152,DEL_EXPLORED,4
9,10,0,8153,PUSH,1,bchdgleafjponkmi,-4,4,-1
9,10,1,8153,PUSH,1,bchdgeiafjplnkom,-4,4,-1
9,10,2,8153,DEL_CUTOFF,4
9,10,3,8153,POP,-4,bcadfghepilmjnko
9,10,4,8153,POP,-4,bcadjfhlpigenkom
9,10,0,8154,DEL_EXPLORED,-1
9,10,1,8154,DEL_EXPLORED,-1
9,10,2,8154,DEL_CUTOFF,-4
9,10,3,8154,POP,-4,bchdfgaepilmjnko
9,10,4,8154,POP,-4,bchdjfalpigenkom
9,10,0,8155,DEL_CUTOFF,4
9,10,1,8155,DEL_CUTOFF,4
9,10,2,8155,POP,-1,bchdfagenjlpkomi
9,10,3,8155,POP,1,bchdfglepiamjnko
9,10,4,8155,POP,1,bchdjfglpiaenkom
9,10,0,8156,DEL_CUTOFF,-4
9,10,1,8156,DEL_CUTOFF,-4
9,10,2,8156,DEL_EXPLORED,4
9,10,3,8156,DEL_EXPLORED,-1
9,10,4,8156,DEL_EXPLORED,-1
9,10,0,8157,POP,1,bchdgleafjponkmi
9,10,1,8157,POP,1,bchdgeiafjplnkom
9,10,2,8157,PUSH,-4,bcadfghenjlpkomi,4,-1,1
9,10,3,8157,PUSH,4,bchdfglepnimjako,-4,-1,1
9,10,4,8157,PUSH,4,bchdjfglpkienaom,-4,-1,1
9,10,0,8158,DEL_EXPLORED,-1
9,10,1,8158,DEL_EXPLORED,-1
9,10,2,8158,DEL_CUTOFF,1
9,10,3,8158,PUSH,1,bchdfglepnimjkao,-4,-1,1
9,10,4,8158,PUSH,1,bchdjfglpkienoam,-4,-1,1
9,10,0,8159,PUSH,4,bchdglpefjaonkmi,-4,4,-1,1
9,10,1,8159,PUSH,4,bchdgepifjalnkom,-4,4,-1,1
9,10,2,8159,DEL_CUTOFF,-1
9,10,3,8159,PUSH,1,bchdfglepnimjkoa,-4,-1
9,10,4,8159,PUSH,1,bchdjfglpkienoma,-4,-1
9,10,0,8160,DEL_CUTOFF,1
9,10,1,8160,DEL_CUTOFF,1
9,10,2,8160,DEL_EXPLORED,4
9,10,3,8160,DEL_EXPLORED,-1
9,10,4,8160,DEL_EXPLORED,-1
9,10,0,8161,DEL_CUTOFF,-1
9,10,1,8161,DEL_CUTOFF,-1
9,10,2,8161,POP,-4,bcadfghenjlpkomi
9,10,3,8161,DEL_CUTOFF,-4
9,10,4,8161,DEL_CUTOFF,-4
9,10,0,8162,DEL_CUTOFF,4
9,10,1,8162,DEL_CUTOFF,4
9,10,2,8162,POP,-4,bchdfgaenjlpkomi
9,10,3,8162,POP,1,bchdfglepnimjkoa
9,10,4,8162,POP,1,bchdjfglpkienoma
9,10,0,8163,DEL_EXPLORED,-4
9,10,1,8163,DEL_EXPLORED,-4
9,10,2,8163,POP,-1,bchdfglenjapkomi
9,10,3,8163,DEL_EXPLORED,-1
9,10,4,8163,DEL_EXPLORED,-1
9,10,0,8164,POP,4,bchdglpefjaonkmi
9,10,1,8164,POP,4,bchdgepifjalnkom
9,10,2,8164,DEL_EXPLORED,4
9,10,3,8164,PUSH,-4,bchdfglepnamjkio,-4,4,-1,1
9,10,4,8164,PUSH,-4,bchdjfglpkaenoim,-4,4,-1,1
9,10,0,8165,PUSH,-4,bcadglhefjponkmi,4,-1,1
9,10,1,8165,PUSH,-4,bcadgehifjplnkom,4,-1,1
9,10,2,8165,PUSH,-4,bchdfglanjpekomi,-4,4,-1
9,10,3,8165,DEL_CUTOFF,1
9,10,4,8165,DEL_CUTOFF,1
9,10,0,8166,DEL_CUTOFF,1
9,10,1,8166,DEL_CUTOFF,1
9,10,2,8166,PUSH,-1,bchdfgalnjpekomi,-4,4,-1,1
9,10,3,8166,DEL_CUTOFF,-1
9,10,4,8166,DEL_CUTOFF,-1
9,10,0,8167,DEL_CUTOFF,-1
9,10,1,8167,DEL_CUTOFF,-1
9,10,2,8167,DEL_EXPLORED,1
9,10,3,8167,DEL_EXPLORED,4
9,10,4,8167,DEL_EXPLORED,4
9,10,0,8168,DEL_EXPLORED,4
9,10,1,8168,DEL_EXPLORED,4
9,10,2,8168,PUSH,-1,bchdfaglnjpekomi,-4,4,-1,1
9,10,3,8168,DEL_CUTOFF,-4
9,10,4,8168,DEL_CUTOFF,-4
9,10,0,8169,POP,-4,bcadglhefjponkmi
9,10,1,8169,POP,-4,bcadgehifjplnkom
9,10,2,8169,DEL_EXPLORED,1
9,10,3,8169,POP,-4,bchdfglepnamjkio
9,10,4,8169,POP,-4,bchdjfglpkaenoim
9,10,0,8170,POP,1,bchdglaefjponkmi
9,10,1,8170,POP,1,bchdgeaifjplnkom
9,10,2,8170,DEL_CUTOFF,-1
9,10,3,8170,POP,1,bchdfglepnimjkao
9,10,4,8170,POP,1,bchdjfglpkienoam
9,10,0,8171,DEL_EXPLORED,-1
9,10,1,8171,DEL_EXPLORED,-1
9,10,2,8171,DEL_CUTOFF,4
9,10,3,8171,PUSH,-1,bchdfglepnimajko,-4,1
9,10,4,8171,PUSH,-1,bchdjfglpkieanom,-4,1
9,10,0,8172,PUSH,4,bchdgjlefaponkmi,-4,4,-1,1
9,10,1,8172,PUSH,4,bchdgjeifaplnkom,-4,4,-1,1
9,10,2,8172,DEL_CUTOFF,-4
9,10,3,8172,DEL_EXPLORED,1
9,10,4,8172,DEL_EXPLORED,1
9,10,0,8173,PUSH,1,bchdgjlefpaonkmi,-4,4,-1,1
9,10,1,8173,PUSH,1,bchdgjeifpalnkom,-4,4,-1,1
9,10,2,8173,POP,-1,bchdfaglnjpekomi
9,10,3,8173,PUSH,-4,bchdfgleanimpjko,-4,4,1
9,10,4,8173,PUSH,-4,bchdjfglakiepnom,-4,4,1
9,10,0,8174,DEL_CUTOFF,1
9,10,1,8174,DEL_CUTOFF,1
9,10,2,8174,PUSH,4,bchdfgplnjaekomi,-4,4,-1,1
9,10,3,8174,DEL_CUTOFF,1
9,10,4,8174,DEL_CUTOFF,1
9,10,0,8175,DEL_EXPLORED,-1
9,10,1,8175,DEL_EXPLORED,-1
9,10,2,8175,DEL_CUTOFF,1
9,10,3,8175,DEL_EXPLORED,4
9,10,4,8175,DEL_EXPLORED,4
9,10,0,8176,DEL_CUTOFF,4
9,10,1,8176,DEL_CUTOFF,4
9,10,2,8176,DEL_CUTOFF,-1
9,10,3,8176,DEL_CUTOFF,-4
9,10,4,8176,DEL_CUTOFF,-4
9,10,0,8177,DEL_CUTOFF,-4
9,10,1,8177,DEL_CUTOFF,-4
9,10,2,8177,DEL_CUTOFF,4
9,10,3,8177,POP,-4,bchdfgleanimpjko
9,10,4,8177,POP,-4,bchdjfglakiepnom
9,10,0,8178,POP,1,bchdgjlefpaonkmi
9,10,1,8178,POP,1,bchdgjeifpalnkom
9,10,2,8178,DEL_EXPLORED,-4
9,10,3,8178,POP,-1,bchdfglepnimajko
9,10,4,8178,POP,-1,bchdjfglpkieanom
9,10,0,8179,PUSH,-1,bchdgjleafponkmi,-4,4,1
9,10,1,8179,PUSH,-1,bchdgjeiafplnkom,-4,4,1
9,10,2,8179,POP,4,bchdfgplnjaekomi
9,10,3,8179,DEL_EXPLORED,-4
9,10,4,8179,DEL_EXPLORED,-4
9,10,0,8180,DEL_EXPLORED,1
9,10,1,8180,DEL_EXPLORED,1
9,10,2,8180,PUSH,-4,bcadfghlnjpekomi,4,-1,1
9,10,3,8180,POP,4,bchdfglepnimjako
9,10,4,8180,POP,4,bchdjfglpkienaom
9,10,0,8181,DEL_CUTOFF,4
9,10,1,8181,DEL_CUTOFF,4
9,10,2,8181,DEL_CUTOFF,1
9,10,3,8181,PUSH,-4,bchdfalepgimjnko,-4,4,-1,1
9,10,4,8181,PUSH,-4,bchdjaglpfienkom,-4,4,-1,1
9,10,0,8182,DEL_CUTOFF,-4
9,10,1,8182,DEL_CUTOFF,-4
9,10,2,8182,DEL_CUTOFF,-1
9,10,3,8182,PUSH,1,bchdflaepgimjnko,-4,4,-1,1
9,10,4,8182,PUSH,1,bchdjgalpfienkom,-4,4,-1,1
9,10,0,8183,POP,-1,bchdgjleafponkmi
9,10,1,8183,POP,-1,bchdgjeiafplnkom
9,10,2,8183,DEL_EXPLORED,4
9,10,3,8183,PUSH,1,bchdfleapgimjnko,-4,4,-1
9,10,4,8183,PUSH,1,bchdjglapfienkom,-4,4,-1
9,10,0,8184,PUSH,4,bchdgjlefkponami,-4,-1,1
9,10,1,8184,PUSH,4,bchdgjeifkplnaom,-4,-1,1
9,10,2,8184,POP,-4,bcadfghlnjpekomi
9,10,3,8184,DEL_EXPLORED,-1
9,10,4,8184,DEL_EXPLORED,-1
9,10,0,8185,DEL_CUTOFF,1
9,10,1,8185,DEL_CUTOFF,1
9,10,2,8185,POP,-1,bchdfgalnjpekomi
9,10,3,8185,DEL_CUTOFF,4
9,10,4,8185,DEL_CUTOFF,4
9,10,0,8186,DEL_CUTOFF,-1
9,10,1,8186,DEL_CUTOFF,-1
9,10,2,8186,DEL_EXPLORED,4
9,10,3,8186,DEL_CUTOFF,-4
9,10,4,8186,DEL_CUTOFF,-4
9,10,0,8187,DEL_EXPLORED,-4
9,10,1,8187,DEL_EXPLORED,-4
9,10,2,8187,PUSH,-4,bchafgldnjpekomi,4,-1
9,10,3,8187,POP,1,bchdfleapgimjnko
9,10,4,8187,POP,1,bchdjglapfienkom
9,10,0,8188,POP,4,bchdgjlefkponami
9,10,1,8188,POP,4,bchdgjeifkplnaom
9,10,2,8188,PUSH,-1,bcahfgldnjpekomi,4,-1,1
9,10,3,8188,DEL_EXPLORED,-1
9,10,4,8188,DEL_EXPLORED,-1
9,10,0,8189,DEL_EXPLORED,-4
9,10,1,8189,DEL_EXPLORED,-4
9,10,2,8189,DEL_EXPLORED,1
9,10,3,8189,PUSH,4,bchdfliepgamjnko,-4,4,-1,1
9,10,4,8189,PUSH,4,bchdjgilpfaenkom,-4,4,-1,1
9,10,0,8190,POP,4,bchdgjlefaponkmi
9,10,1,8190,POP,4,bchdgjeifaplnkom
9,10,2,8190,DEL_CUTOFF,-1
9,10,3,8190,DEL_CUTOFF,1
9,10,4,8190,DEL_CUTOFF,1
9,10,0,8191,PUSH,-4,bahdgclefjponkmi,4,-1,1
9,10,1,8191,PUSH,-4,bahdgceifjplnkom,4,-1,1
9,10,2,8191,DEL_CUTOFF,4
9,10,3,8191,DEL_CUTOFF,-1
9,10,4,8191,DEL_CUTOFF,-1
9,10,0,8192,PUSH,1,bhadgclefjponkmi,4,-1,1
9,10,1,8192,PUSH,1,bhadgceifjplnkom,4,-1,1
9,10,2,8192,POP,-1,bcahfgldnjpekomi
9,10,3,8192,DEL_CUTOFF,4
9,10,4,8192,DEL_CUTOFF,4
9,10,0,8193,DEL_CUTOFF,1
9,10,1,8193,DEL_CUTOFF,1
9,10,2,8193,DEL_EXPLORED,4
9,10,3,8193,DEL_EXPLORED,-4
9,10,4,8193,DEL_EXPLORED,-4
9,10,0,8194,DEL_EXPLORED,-1
9,10,1,8194,DEL_EXPLORED,-1
9,10,2,8194,POP,-4,bchafgldnjpekomi
9,10,3,8194,POP,4,bchdfliepgamjnko
9,10,4,8194,POP,4,bchdjgilpfaenkom
9,10,0,8195,DEL_CUTOFF,4
9,10,1,8195,DEL_CUTOFF,4
9,10,2,8195,POP,-4,bchdfglanjpekomi
9,10,3,8195,PUSH,-4,bcadflhepgimjnko,4,-1,1
9,10,4,8195,PUSH,-4,bcadjghlpfienkom,4,-1,1
9,10,0,8196,POP,1,bhadgclefjponkmi
9,10,1,8196,POP,1,bhadgceifjplnkom
9,10,2,8196,POP,-4,bchdfglenjpakomi
9,10,3,8196,DEL_CUTOFF,1
9,10,4,8196,DEL_CUTOFF,1
9,10,0,8197,PUSH,-1,abhdgclefjponkmi,4,1
9,10,1,8197,PUSH,-1,abhdgceifjplnkom,4,1
9,10,2,8197,POP,1,bchdfglenjpikoma
9,10,3,8197,DEL_CUTOFF,-1
9,10,4,8197,DEL_CUTOFF,-1
9,10,0,8198,DEL_EXPLORED,1
9,10,1,8198,DEL_EXPLORED,1
9,10,2,8198,DEL_EXPLORED,-1
9,10,3,8198,DEL_EXPLORED,4
9,10,4,8198,DEL_EXPLORED,4
9,10,0,8199,DEL_CUTOFF,4
9,10,1,8199,DEL_CUTOFF,4
9,10,2,8199,PUSH,-4,bchdfglenjaikopm,-4,4,-1,1
9,10,3,8199,POP,-4,bcadflhepgimjnko
9,10,4,8199,POP,-4,bcadjghlpfienkom
9,10,0,8200,POP,-1,abhdgclefjponkmi
9,10,1,8200,POP,-1,abhdgceifjplnkom
9,10,2,8200,PUSH,1,bchdfglenjiakopm,-4,4,-1
9,10,3,8200,POP,1,bchdflaepgimjnko
9,10,4,8200,POP,1,bchdjgalpfienkom
9,10,0,8201,DEL_EXPLORED,4
9,10,1,8201,DEL_EXPLORED,4
9,10,2,8201,DEL_EXPLORED,-1
9,10,3,8201,PUSH,-1,bchdaflepgimjnko,-4,4,1
9,10,4,8201,PUSH,-1,bchdajglpfienkom,-4,4,1
9,10,0,8202,POP,-4,bahdgclefjponkmi
9,10,1,8202,POP,-4,bahdgceifjplnkom
9,10,2,8202,PUSH,4,bchdfglenjimkopa,-4,-1
9,10,3,8202,DEL_EXPLORED,1
9,10,4,8202,DEL_EXPLORED,1
9,10,0,8203,POP,1,bchdgalefjponkmi
9,10,1,8203,POP,1,bchdgaeifjplnkom
9,10,2,8203,PUSH,-1,bchdfglenjimkoap,-4,-1,1
9,10,3,8203,PUSH,4,bchdpfleagimjnko,-4,4,1
9,10,4,8203,PUSH,4,bchdpjglafienkom,-4,4,1
9,10,0,8204,DEL_EXPLORED,4
9,10,1,8204,DEL_EXPLORED,4
9,10,2,8204,DEL_EXPLORED,1
9,10,3,8204,DEL_CUTOFF,1
9,10,4,8204,DEL_CUTOFF,1
9,10,0,8205,PUSH,-4,achdbglefjponkmi,4,1
9,10,1,8205,PUSH,-4,achdbgeifjplnkom,4,1
9,10,2,8205,PUSH,-1,bchdfglenjimkaop,-4,-1,1
9,10,3,8205,DEL_CUTOFF,4
9,10,4,8205,DEL_CUTOFF,4
9,10,0,8206,PUSH,1,cahdbglefjponkmi,4,-1,1
9,10,1,8206,PUSH,1,cahdbgeifjplnkom,4,-1,1
9,10,2,8206,DEL_EXPLORED,1
9,10,3,8206,DEL_EXPLORED,-4
9,10,4,8206,DEL_EXPLORED,-4
9,10,0,8207,PUSH,1,chadbglefjponkmi,4,-1,1
9,10,1,8207,PUSH,1,chadbgeifjplnkom,4,-1,1
9,10,2,8207,DEL_CUTOFF,-1
9,10,3,8207,POP,4,bchdpfleagimjnko
9,10,4,8207,POP,4,bchdpjglafienkom
9,10,0,8208,DEL_CUTOFF,1
9,10,1,8208,DEL_CUTOFF,1
9,10,2,8208,DEL_CUTOFF,-4
9,10,3,8208,PUSH,-4,achdbflepgimjnko,4,1
9,10,4,8208,PUSH,-4,achdbjglpfienkom,4,1
9,10,0,8209,DEL_EXPLORED,-1
9,10,1,8209,DEL_EXPLORED,-1
9,10,2,8209,POP,-1,bchdfglenjimkaop
9,10,3,8209,DEL_CUTOFF,1
9,10,4,8209,DEL_CUTOFF,1
9,10,0,8210,DEL_CUTOFF,4
9,10,1,8210,DEL_CUTOFF,4
9,10,2,8210,PUSH,-4,bchdfglenjamkoip,-4,4,-1,1
9,10,3,8210,DEL_EXPLORED,4
9,10,4,8210,DEL_EXPLORED,4
9,10,0,8211,POP,1,chadbglefjponkmi
9,10,1,8211,POP,1,chadbgeifjplnkom
9,10,2,8211,DEL_CUTOFF,1
9,10,3,8211,POP,-4,achdbflepgimjnko
9,10,4,8211,POP,-4,achdbjglpfienkom
9,10,0,8212,DEL_EXPLORED,-1
9,10,1,8212,DEL_EXPLORED,-1
9,10,2,8212,DEL_CUTOFF,-1
9,10,3,8212,POP,-1,bchdaflepgimjnko
9,10,4,8212,POP,-1,bchdajglpfienkom
9,10,0,8213,PUSH,4,cghdbalefjponkmi,-4,4,-1,1
9,10,1,8213,PUSH,4,cghdbaeifjplnkom,-4,4,-1,1
9,10,2,8213,DEL_EXPLORED,4
9,10,3,8213,DEL_EXPLORED,4
9,10,4,8213,DEL_EXPLORED,4
9,10,0,8214,DEL_CUTOFF,1
9,10,1,8214,DEL_CUTOFF,1
9,10,2,8214,DEL_CUTOFF,-4
9,10,3,8214,PUSH,-4,bahdfclepgimjnko,4,-1,1
9,10,4,8214,PUSH,-4,bahdjcglpfienkom,4,-1,1
9,10,0,8215,DEL_CUTOFF,-1
9,10,1,8215,DEL_CUTOFF,-1
9,10,2,8215,POP,-4,bchdfglenjamkoip
9,10,3,8215,PUSH,1,bhadfclepgimjnko,4,-1,1
9,10,4,8215,PUSH,1,bhadjcglpfienkom,4,-1,1
9,10,0,8216,DEL_CUTOFF,4
9,10,1,8216,DEL_CUTOFF,4
9,10,2,8216,POP,-1,bchdfglenjimkoap
9,10,3,8216,DEL_CUTOFF,1
9,10,4,8216,DEL_CUTOFF,1
9,10,0,8217,DEL_EXPLORED,-4
9,10,1,8217,DEL_EXPLORED,-4
9,10,2,8217,DEL_EXPLORED,-4
9,10,3,8217,DEL_EXPLORED,-1
9,10,4,8217,DEL_EXPLORED,-1
9,10,0,8218,POP,4,cghdbalefjponkmi
9,10,1,8218,POP,4,cghdbaeifjplnkom
9,10,2,8218,POP,4,bchdfglenjimkopa
9,10,3,8218,DEL_CUTOFF,4
9,10,4,8218,DEL_CUTOFF,4
9,10,0,8219,POP,1,cahdbglefjponkmi
9,10,1,8219,POP,1,cahdbgeifjplnkom
9,10,2,8219,PUSH,-4,bchdfglanjiekopm,-4,4,-1
9,10,3,8219,POP,1,bhadfclepgimjnko
9,10,4,8219,POP,1,bhadjcglpfienkom
9,10,0,8220,DEL_EXPLORED,4
9,10,1,8220,DEL_EXPLORED,4
9,10,2,8220,PUSH,-1,bchdfgalnjiekopm,-4,4,-1,1
9,10,3,8220,PUSH,-1,abhdfclepgimjnko,4,1
9,10,4,8220,PUSH,-1,abhdjcglpfienkom,4,1
9,10,0,8221,POP,-4,achdbglefjponkmi
9,10,1,8221,POP,-4,achdbgeifjplnkom
9,10,2,8221,DEL_EXPLORED,1
9,10,3,8221,DEL_EXPLORED,1
9,10,4,8221,DEL_EXPLORED,1
9,10,0,8222,POP,-4,bchdaglefjponkmi
9,10,1,8222,POP,-4,bchdageifjplnkom
9,10,2,8222,PUSH,-1,bchdfaglnjiekopm,-4,4,-1,1
9,10,3,8222,DEL_CUTOFF,4
9,10,4,8222,DEL_CUTOFF,4
9,10,0,8223,POP,-1,bchdfgleajponkmi
9,10,1,8223,POP,-1,bchdfgeiajplnkom
9,10,2,8223,DEL_EXPLORED,1
9,10,3,8223,POP,-1,abhdfclepgimjnko
9,10,4,8223,POP,-1,abhdjcglpfienkom
9,10,0,8224,PUSH,4,bchdfglejkponami,-4,-1,1
9,10,1,8224,PUSH,4,bchdfgeijkplnaom,-4,-1,1
9,10,2,8224,DEL_CUTOFF,-1
9,10,3,8224,DEL_EXPLORED,4
9,10,4,8224,DEL_EXPLORED,4
9,10,0,8225,PUSH,1,bchdfglejkponmai,-4,-1,1
9,10,1,8225,PUSH,1,bchdfgeijkplnoam,-4,-1,1
9,10,2,8225,DEL_CUTOFF,4
9,10,3,8225,POP,-4,bahdfclepgimjnko
9,10,4,8225,POP,-4,bahdjcglpfienkom
9,10,0,8226,PUSH,1,bchdfglejkponmia,-4,-1
9,10,1,8226,PUSH,1,bchdfgeijkplnoma,-4,-1
9,10,2,8226,DEL_CUTOFF,-4
9,10,3,8226,POP,-4,bchdfalepgimjnko
9,10,4,8226,POP,-4,bchdjaglpfienkom
9,10,0,8227,DEL_EXPLORED,-1
9,10,1,8227,DEL_EXPLORED,-1
9,10,2,8227,POP,-1,bchdfaglnjiekopm
9,10,3,8227,POP,1,bchdfglepaimjnko
9,10,4,8227,POP,1,bchdjfglpaienkom
9,10,0,8228,PUSH,-4,bchdfglejkpanmio,-4,4,-1
9,10,1,8228,PUSH,-4,bchdfgeijkpanoml,-4,4,-1
9,10,2,8228,PUSH,4,bchdfgilnjaekopm,-4,4,-1,1
9,10,3,8228,DEL_EXPLORED,4
9,10,4,8228,PUSH,4,bchdjfglnpieakom,-4,1
9,10,0,8229,PUSH,-1,bchdfglejkapnmio,-4,4,-1,1
9,10,1,8229,PUSH,-1,bchdfgeijkapnoml,-4,4,-1,1
9,10,2,8229,DEL_CUTOFF,1
9,10,3,8229,PUSH,-4,bchdaglefpimjnko,-4,4,1
9,10,4,8229,PUSH,1,bchdjfglnpiekaom,-4,-1,1
9,10,0,8230,DEL_EXPLORED,1
9,10,1,8230,DEL_EXPLORED,1
9,10,2,8230,DEL_CUTOFF,-1
9,10,3,8230,PUSH,1,bchdgalefpimjnko,-4,4,-1,1
9,10,4,8230,PUSH,1,bchdjfglnpiekoam,-4,-1,1
9,10,0,8231,DEL_CUTOFF,-1
9,10,1,8231,DEL_CUTOFF,-1
9,10,2,8231,DEL_CUTOFF,4
9,10,3,8231,PUSH,1,bchdglaefpimjnko,-4,4,-1,1
9,10,4,8231,PUSH,1,bchdjfglnpiekoma,-4,-1
9,10,0,8232,DEL_CUTOFF,4
9,10,1,8232,DEL_CUTOFF,4
9,10,2,8232,DEL_EXPLORED,-4
9,10,3,8232,PUSH,1,bchdgleafpimjnko,-4,4,-1
9,10,4,8232,DEL_EXPLORED,-1
9,10,0,8233,DEL_CUTOFF,-4
9,10,1,8233,DEL_CUTOFF,-4
9,10,2,8233,POP,4,bchdfgilnjaekopm
9,10,3,8233,DEL_EXPLORED,-1
9,10,4,8233,DEL_CUTOFF,-4
9,10,0,8234,POP,-1,bchdfglejkapnmio
9,10,1,8234,POP,-1,bchdfgeijkapnoml
9,10,2,8234,PUSH,-4,bcadfghlnjiekopm,4,-1,1
9,10,3,8234,DEL_CUTOFF,4
9,10,4,8234,POP,1,bchdjfglnpiekoma
9,10,0,8235,DEL_EXPLORED,4
9,10,1,8235,DEL_EXPLORED,4
9,10,2,8235,DEL_CUTOFF,1
9,10,3,8235,DEL_CUTOFF,-4
9,10,4,8235,DEL_EXPLORED,-1
9,10,0,8236,PUSH,-4,bchdfglajkpenmio,-4,4,-1
9,10,1,8236,PUSH,-4,bchdfgeajkpinoml,-4,4,-1
9,10,2,8236,DEL_CUTOFF,-1
9,10,3,8236,POP,1,bchdgleafpimjnko
9,10,4,8236,PUSH,-4,bchdjfglnpaekoim,-4,4,-1,1
9,10,0,8237,DEL_CUTOFF,-1
9,10,1,8237,DEL_CUTOFF,-1
9,10,2,8237,DEL_EXPLORED,4
9,10,3,8237,DEL_EXPLORED,-1
9,10,4,8237,DEL_CUTOFF,1
9,10,0,8238,DEL_EXPLORED,4
9,10,1,8238,DEL_EXPLORED,4
9,10,2,8238,POP,-4,bcadfghlnjiekopm
9,10,3,8238,PUSH,4,bchdgliefpamjnko,-4,4,-1,1
9,10,4,8238,DEL_CUTOFF,-1
9,10,0,8239,DEL_CUTOFF,-4
9,10,1,8239,DEL_CUTOFF,-4
9,10,2,8239,POP,-1,bchdfgalnjiekopm
9,10,3,8239,DEL_CUTOFF,1
9,10,4,8239,DEL_EXPLORED,4
9,10,0,8240,POP,-4,bchdfglajkpenmio
9,10,1,8240,POP,-4,bchdfgeajkpinoml
9,10,2,8240,DEL_EXPLORED,4
9,10,3,8240,DEL_CUTOFF,-1
9,10,4,8240,DEL_CUTOFF,-4
9,10,0,8241,POP,-4,bchdfglejkpanmio
9,10,1,8241,POP,-4,bchdfgeijkpanoml
9,10,2,8241,PUSH,-4,bchafgldnjiekopm,4,-1
9,10,3,8241,DEL_CUTOFF,4
9,10,4,8241,POP,-4,bchdjfglnpaekoim
9,10,0,8242,POP,1,bchdfglejkponmia
9,10,1,8242,POP,1,bchdfgeijkplnoma
9,10,2,8242,PUSH,-1,bcahfgldnjiekopm,4,-1,1
9,10,3,8242,DEL_EXPLORED,-4
9,10,4,8242,POP,1,bchdjfglnpiekoam
9,10,0,8243,DEL_EXPLORED,-1
9,10,1,8243,DEL_EXPLORED,-1
9,10,2,8243,DEL_EXPLORED,1
9,10,3,8243,POP,4,bchdgliefpamjnko
9,10,4,8243,DEL_EXPLORED,-1
9,10,0,8244,PUSH,-4,bchdfglejkaonmpi,-4,4,-1,1
9,10,1,8244,PUSH,-4,bchdfgeijkalnopm,-4,4,-1,1
9,10,2,8244,DEL_CUTOFF,-1
9,10,3,8244,PUSH,-4,bcadglhefpimjnko,4,-1,1
9,10,4,8244,PUSH,-4,bchdjfglnaiekpom,-4,4,-1,1
9,10,0,8245,PUSH,1,bchdfglejkoanmpi,-4,4,-1
9,10,1,8245,PUSH,1,bchdfgeijklanopm,-4,4,-1
9,10,2,8245,DEL_CUTOFF,4
9,10,3,8245,DEL_CUTOFF,1
9,10,4,8245,PUSH,1,bchdjfglniaekpom,-4,4,-1,1
9,10,0,8246,DEL_EXPLORED,-1
9,10,1,8246,DEL_EXPLORED,-1
9,10,2,8246,POP,-1,bcahfgldnjiekopm
9,10,3,8246,DEL_CUTOFF,-1
9,10,4,8246,DEL_CUTOFF,1
9,10,0,8247,PUSH,4,bchdfglejkoinmpa,-4,-1
9,10,1,8247,PUSH,4,bchdfgeijklmnopa,-4,-1
9,10,2,8247,DEL_EXPLORED,4
9,10,3,8247,DEL_EXPLORED,4
9,10,4,8247,DEL_EXPLORED,-1
9,10,0,8248,DEL_CUTOFF,-1
9,10,1,8248,DEL_CUTOFF,-1
9,10,2,8248,POP,-4,bchafgldnjiekopm
9,10,3,8248,POP,-4,bcadglhefpimjnko
9,10,4,8248,DEL_CUTOFF,4
9,10,0,8249,DEL_EXPLORED,-4
9,10,1,8249,DEL_EXPLORED,-4
9,10,2,8249,POP,-4,bchdfglanjiekopm
9,10,3,8249,POP,1,bchdglaefpimjnko
9,10,4,8249,DEL_CUTOFF,-4
9,10,0,8250,POP,4,bchdfglejkoinmpa
9,10,1,8250,POP,4,bchdfgeijklmnopa
9,10,2,8250,POP,1,bchdfglenjiakopm
9,10,3,8250,DEL_EXPLORED,-1
9,10,4,8250,POP,1,bchdjfglniaekpom
9,10,0,8251,PUSH,-4,bchdfglajkoenmpi,-4,4,-1
9,10,1,8251,PUSH,-4,bchdfgeajklinopm,-4,4,-1
9,10,2,8251,PUSH,-1,bchdfglenajikopm,-4,4,-1,1
9,10,3,8251,PUSH,4,bchdgplefaimjnko,-4,4,-1,1
9,10,4,8251,PUSH,-1,bchdjfglaniekpom,-4,4,1
9,10,0,8252,DEL_CUTOFF,-1
9,10,1,8252,DEL_CUTOFF,-1
9,10,2,8252,DEL_EXPLORED,1
9,10,3,8252,PUSH,1,bchdgplefiamjnko,-4,4,-1,1
9,10,4,8252,DEL_EXPLORED,1
9,10,0,8253,DEL_EXPLORED,4
9,10,1,8253,DEL_EXPLORED,4
9,10,2,8253,PUSH,-1,bchdfgleanjikopm,-4,4,1
9,10,3,8253,DEL_CUTOFF,1
9,10,4,8253,DEL_CUTOFF,4
9,10,0,8254,DEL_CUTOFF,-4
9,10,1,8254,DEL_CUTOFF,-4
9,10,2,8254,DEL_EXPLORED,1
9,10,3,8254,DEL_EXPLORED,-1
9,10,4,8254,DEL_CUTOFF,-4
9,10,0,8255,POP,-4,bchdfglajkoenmpi
9,10,1,8255,POP,-4,bchdfgeajklinopm
9,10,2,8255,PUSH,4,bchdfgleknjiaopm,-4,1
9,10,3,8255,DEL_CUTOFF,4
9,10,4,8255,POP,-1,bchdjfglaniekpom
9,10,0,8256,POP,1,bchdfglejkoanmpi
9,10,1,8256,POP,1,bchdfgeijklanopm
9,10,2,8256,PUSH,1,bchdfgleknjioapm,-4,-1,1
9,10,3,8256,DEL_CUTOFF,-4
9,10,4,8256,DEL_EXPLORED,4
9,10,0,8257,PUSH,-1,bchdfglejakonmpi,-4,4,-1,1
9,10,1,8257,PUSH,-1,bchdfgeijaklnopm,-4,4,-1,1
9,10,2,8257,DEL_CUTOFF,1
9,10,3,8257,POP,1,bchdgplefiamjnko
9,10,4,8257,PUSH,-4,bchdjaglnfiekpom,-4,4,-1,1
9,10,0,8258,DEL_EXPLORED,1
9,10,1,8258,DEL_EXPLORED,1
9,10,2,8258,DEL_EXPLORED,-1
9,10,3,8258,PUSH,-1,bchdgpleafimjnko,-4,4,1
9,10,4,8258,DEL_CUTOFF,1
9,10,0,8259,PUSH,-1,bchdfgleajkonmpi,-4,4,1
9,10,1,8259,PUSH,-1,bchdfgeiajklnopm,-4,4,1
9,10,2,8259,DEL_CUTOFF,-4
9,10,3,8259,DEL_EXPLORED,1
9,10,4,8259,DEL_CUTOFF,-1
9,10,0,8260,DEL_EXPLORED,1
9,10,1,8260,DEL_EXPLORED,1
9,10,2,8260,POP,1,bchdfgleknjioapm
9,10,3,8260,DEL_CUTOFF,4
9,10,4,8260,DEL_EXPLORED,4
9,10,0,8261,DEL_CUTOFF,4
9,10,1,8261,DEL_CUTOFF,4
9,10,2,8261,DEL_EXPLORED,-4
9,10,3,8261,DEL_CUTOFF,-4
9,10,4,8261,DEL_CUTOFF,-4
9,10,0,8262,DEL_CUTOFF,-4
9,10,1,8262,DEL_CUTOFF,-4
9,10,2,8262,POP,4,bchdfgleknjiaopm
9,10,3,8262,POP,-1,bchdgpleafimjnko
9,10,4,8262,POP,-4,bchdjaglnfiekpom
9,10,0,8263,POP,-1,bchdfgleajkonmpi
9,10,1,8263,POP,-1,bchdfgeiajklnopm
9,10,2,8263,PUSH,-4,bchdaglefnjikopm,-4,4,1
9,10,3,8263,PUSH,4,bchdgplefnimjako,-4,-1,1
9,10,4,8263,POP,-4,bchdjfglnaiekpom
9,10,0,8264,PUSH,4,bchdfglejmkonapi,-4,-1,1
9,10,1,8264,PUSH,4,bchdfgeijoklnapm,-4,-1,1
9,10,2,8264,PUSH,1,bchdgalefnjikopm,-4,4,-1,1
9,10,3,8264,DEL_CUTOFF,1
9,10,4,8264,POP,1,bchdjfglnpiekaom
9,10,0,8265,DEL_CUTOFF,1
9,10,1,8265,DEL_CUTOFF,1
9,10,2,8265,DEL_CUTOFF,1
9,10,3,8265,DEL_CUTOFF,-1
9,10,4,8265,DEL_EXPLORED,-4
9,10,0,8266,DEL_CUTOFF,-1
9,10,1,8266,DEL_CUTOFF,-1
9,10,2,8266,DEL_EXPLORED,-1
9,10,3,8266,DEL_EXPLORED,-4
9,10,4,8266,POP,4,bchdjfglnpieakom
9,10,0,8267,DEL_EXPLORED,-4
9,10,1,8267,DEL_EXPLORED,-4
9,10,2,8267,DEL_CUTOFF,4
9,10,3,8267,POP,4,bchdgplefnimjako
9,10,4,8267,DEL_EXPLORED,-4
9,10,0,8268,POP,4,bchdfglejmkonapi
9,10,1,8268,POP,4,bchdfgeijoklnapm
9,10,2,8268,DEL_CUTOFF,-4
9,10,3,8268,DEL_EXPLORED,-4
9,10,4,8268,POP,4,bchdjfglapienkom
9,10,0,8269,PUSH,-4,bchdfalejgkonmpi,-4,4,-1,1
9,10,1,8269,PUSH,-4,bchdfaeijgklnopm,-4,4,-1,1
9,10,2,8269,POP,1,bchdgalefnjikopm
9,10,3,8269,POP,4,bchdgplefaimjnko
9,10,4,8269,PUSH,-4,achdbfgljpienkom,4,1
9,10,0,8270,DEL_CUTOFF,1
9,10,1,8270,DEL_CUTOFF,1
9,10,2,8270,DEL_EXPLORED,4
9,10,3,8270,PUSH,-4,bahdgclefpimjnko,4,-1,1
9,10,4,8270,PUSH,1,cahdbfgljpienkom,4,-1,1
9,10,0,8271,DEL_CUTOFF,-1
9,10,1,8271,DEL_CUTOFF,-1
9,10,2,8271,PUSH,-4,achdbglefnjikopm,4,1
9,10,3,8271,PUSH,1,bhadgclefpimjnko,4,-1,1
9,10,4,8271,PUSH,1,chadbfgljpienkom,4,-1,1
9,10,0,8272,DEL_EXPLORED,4
9,10,1,8272,DEL_EXPLORED,4
9,10,2,8272,DEL_CUTOFF,1
9,10,3,8272,DEL_CUTOFF,1
9,10,4,8272,PUSH,1,chdabfgljpienkom,4,-1
9,10,0,8273,DEL_CUTOFF,-4
9,10,1,8273,DEL_CUTOFF,-4
9,10,2,8273,DEL_EXPLORED,4
9,10,3,8273,DEL_EXPLORED,-1
9,10,4,8273,DEL_EXPLORED,-1
9,10,0,8274,POP,-4,bchdfalejgkonmpi
9,10,1,8274,POP,-4,bchdfaeijgklnopm
9,10,2,8274,POP,-4,achdbglefnjikopm
9,10,3,8274,DEL_CUTOFF,4
9,10,4,8274,PUSH,4,chdlbfgajpienkom,-4,4,-1
9,10,0,8275,POP,-1,bchdfglejakonmpi
9,10,1,8275,POP,-1,bchdfgeijaklnopm
9,10,2,8275,POP,-4,bchdaglefnjikopm
9,10,3,8275,POP,1,bhadgclefpimjnko
9,10,4,8275,DEL_CUTOFF,-1
9,10,0,8276,DEL_EXPLORED,4
9,10,1,8276,DEL_EXPLORED,4
9,10,2,8276,POP,-1,bchdfgleanjikopm
9,10,3,8276,PUSH,-1,abhdgclefpimjnko,4,1
9,10,4,8276,DEL_CUTOFF,4
9,10,0,8277,PUSH,-4,bchdfgaejklonmpi,-4,4,-1,1
9,10,1,8277,PUSH,-4,bchdfgaijkelnopm,-4,4,-1,1
9,10,2,8277,PUSH,4,bchdfglenojikapm,-4,-1,1
9,10,3,8277,DEL_EXPLORED,1
9,10,4,8277,DEL_EXPLORED,-4
9,10,0,8278,PUSH,1,bchdfgeajklonmpi,-4,4,-1
9,10,1,8278,PUSH,1,bchdfgiajkelnopm,-4,4,-1
9,10,2,8278,PUSH,1,bchdfglenojikpam,-4,-1,1
9,10,3,8278,DEL_CUTOFF,4
9,10,4,8278,POP,4,chdlbfgajpienkom
9,10,0,8279,DEL_EXPLORED,-1
9,10,1,8279,DEL_EXPLORED,-1
9,10,2,8279,PUSH,1,bchdfglenojikpma,-4,-1
9,10,3,8279,POP,-1,abhdgclefpimjnko
9,10,4,8279,POP,1,chdabfgljpienkom
9,10,0,8280,DEL_CUTOFF,4
9,10,1,8280,DEL_CUTOFF,4
9,10,2,8280,DEL_EXPLORED,-1
9,10,3,8280,DEL_EXPLORED,4
9,10,4,8280,DEL_EXPLORED,-1
9,10,0,8281,DEL_CUTOFF,-4
9,10,1,8281,DEL_CUTOFF,-4
9,10,2,8281,DEL_CUTOFF,-4
9,10,3,8281,POP,-4,bahdgclefpimjnko
9,10,4,8281,PUSH,4,chgdbfaljpienkom,-4,4,-1,1
9,10,0,8282,POP,1,bchdfgeajklonmpi
9,10,1,8282,POP,1,bchdfgiajkelnopm
9,10,2,8282,POP,1,bchdfglenojikpma
9,10,3,8282,POP,1,bchdgalefpimjnko
9,10,4,8282,PUSH,1,chgdbflajpienkom,-4,4,-1
9,10,0,8283,PUSH,-1,bchdfagejklonmpi,-4,4,-1,1
9,10,1,8283,PUSH,-1,bchdfagijkelnopm,-4,4,-1,1
9,10,2,8283,DEL_EXPLORED,-1
9,10,3,8283,DEL_EXPLORED,4
9,10,4,8283,DEL_EXPLORED,-1
9,10,0,8284,DEL_EXPLORED,1
9,10,1,8284,DEL_EXPLORED,1
9,10,2,8284,PUSH,-4,bchdfglenoaikpjm,-4,4,-1,1
9,10,3,8284,PUSH,-4,achdbglefpimjnko,4,1
9,10,4,8284,DEL_CUTOFF,4
9,10,0,8285,DEL_CUTOFF,-1
9,10,1,8285,DEL_CUTOFF,-1
9,10,2,8285,DEL_CUTOFF,1
9,10,3,8285,PUSH,1,cahdbglefpimjnko,4,-1,1
9,10,4,8285,DEL_CUTOFF,-4
9,10,0,8286,DEL_CUTOFF,4
9,10,1,8286,DEL_CUTOFF,4
9,10,2,8286,DEL_CUTOFF,-1
9,10,3,8286,PUSH,1,chadbglefpimjnko,4,-1,1
9,10,4,8286,POP,1,chgdbflajpienkom
9,10,0,8287,DEL_CUTOFF,-4
9,10,1,8287,DEL_CUTOFF,-4
9,10,2,8287,DEL_EXPLORED,4
9,10,3,8287,DEL_CUTOFF,1
9,10,4,8287,PUSH,-1,chgdbafljpienkom,-4,4,-1,1
9,10,0,8288,POP,-1,bchdfagejklonmpi
9,10,1,8288,POP,-1,bchdfagijkelnopm
9,10,2,8288,DEL_CUTOFF,-4
9,10,3,8288,DEL_EXPLORED,-1
9,10,4,8288,DEL_EXPLORED,1
9,10,0,8289,DEL_EXPLORED,4
9,10,1,8289,DEL_EXPLORED,4
9,10,2,8289,POP,-4,bchdfglenoaikpjm
9,10,3,8289,DEL_CUTOFF,4
9,10,4,8289,DEL_CUTOFF,-1
9,10,0,8290,PUSH,-4,bcadfghejklonmpi,4,-1,1
9,10,1,8290,PUSH,-4,bcadfghijkelnopm,4,-1,1
9,10,2,8290,POP,1,bchdfglenojikpam
9,10,3,8290,POP,1,chadbglefpimjnko
9,10,4,8290,DEL_CUTOFF,4
9,10,0,8291,DEL_CUTOFF,1
9,10,1,8291,DEL_CUTOFF,1
9,10,2,8291,PUSH,-1,bchdfglenojiakpm,-4,1
9,10,3,8291,DEL_EXPLORED,-1
9,10,4,8291,DEL_CUTOFF,-4
9,10,0,8292,DEL_CUTOFF,-1
9,10,1,8292,DEL_CUTOFF,-1
9,10,2,8292,DEL_EXPLORED,1
9,10,3,8292,PUSH,4,cghdbalefpimjnko,-4,4,-1,1
9,10,4,8292,POP,-1,chgdbafljpienkom
9,10,0,8293,DEL_EXPLORED,4
9,10,1,8293,DEL_EXPLORED,4
9,10,2,8293,PUSH,-4,bchdfgleaojinkpm,-4,4,1
9,10,3,8293,DEL_CUTOFF,1
9,10,4,8293,PUSH,4,chgdbfiljpaenkom,-4,4,-1,1
9,10,0,8294,POP,-4,bcadfghejklonmpi
9,10,1,8294,POP,-4,bcadfghijkelnopm
9,10,2,8294,DEL_CUTOFF,1
9,10,3,8294,DEL_CUTOFF,-1
9,10,4,8294,DEL_CUTOFF,1
9,10,0,8295,POP,-4,bchdfgaejklonmpi
9,10,1,8295,POP,-4,bchdfgaijkelnopm
9,10,2,8295,DEL_EXPLORED,4
9,10,3,8295,DEL_CUTOFF,4
9,10,4,8295,DEL_CUTOFF,-1
9,10,0,8296,POP,-4,bchdfglejkaonmpi
9,10,1,8296,POP,-4,bchdfgeijkalnopm
9,10,2,8296,DEL_CUTOFF,-4
9,10,3,8296,DEL_EXPLORED,-4
9,10,4,8296,DEL_CUTOFF,4
9,10,0,8297,POP,1,bchdfglejkponmai
9,10,1,8297,POP,1,bchdfgeijkplnoam
9,10,2,8297,POP,-4,bchdfgleaojinkpm
9,10,3,8297,POP,4,cghdbalefpimjnko
9,10,4,8297,DEL_EXPLORED,-4
9,10,0,8298,PUSH,-1,bchdfglejkpoanmi,-4,1
9,10,1,8298,PUSH,-1,bchdfgeijkplanom,-4,1
9,10,2,8298,POP,-1,bchdfglenojiakpm
9,10,3,8298,POP,1,cahdbglefpimjnko
9,10,4,8298,POP,4,chgdbfiljpaenkom
9,10,0,8299,DEL_EXPLORED,1
9,10,1,8299,DEL_EXPLORED,1
9,10,2,8299,DEL_EXPLORED,-4
9,10,3,8299,DEL_EXPLORED,4
9,10,4,8299,DEL_EXPLORED,-4
9,10,0,8300,PUSH,-4,bchdfgleakpojnmi,-4,4,1
9,10,1,8300,PUSH,-4,bchdfgeiakpljnom,-4,4,1
9,10,2,8300,POP,4,bchdfglenojikapm
9,10,3,8300,POP,-4,achdbglefpimjnko
9,10,4,8300,POP,4,chgdbfaljpienkom
9,10,0,8301,PUSH,1,bchdfglekapojnmi,-4,4,-1,1
9,10,1,8301,PUSH,1,bchdfgeikapljnom,-4,4,-1,1
9,10,2,8301,PUSH,-4,bchdfalengjikopm,-4,4,-1,1
9,10,3,8301,POP,-4,bchdaglefpimjnko
9,10,4,8301,POP,1,chadbfgljpienkom
9,10,0,8302,PUSH,1,bchdfglekpaojnmi,-4,4,-1,1
9,10,1,8302,PUSH,1,bchdfgeikpaljnom,-4,4,-1,1
9,10,2,8302,PUSH,1,bchdflaengjikopm,-4,4,-1,1
9,10,3,8302,POP,-4,bchdfgleapimjnko
9,10,4,8302,DEL_EXPLORED,-1
9,10,0,8303,DEL_CUTOFF,1
9,10,1,8303,DEL_CUTOFF,1
9,10,2,8303,PUSH,1,bchdfleangjikopm,-4,4,-1
9,10,3,8303,POP,-1,bchdfglejpimanko
9,10,4,8303,PUSH,4,cfhdbagljpienkom,-4,4,-1,1
9,10,0,8304,DEL_EXPLORED,-1
9,10,1,8304,DEL_EXPLORED,-1
9,10,2,8304,DEL_EXPLORED,-1
9,10,3,8304,PUSH,-4,bchdfglejaimnpko,-4,4,-1,1
9,10,4,8304,PUSH,1,cfhdbgaljpienkom,-4,4,-1,1
9,10,0,8305,DEL_CUTOFF,4
9,10,1,8305,DEL_CUTOFF,4
9,10,2,8305,DEL_CUTOFF,4
9,10,3,8305,PUSH,1,bchdfglejiamnpko,-4,4,-1,1
9,10,4,8305,PUSH,1,cfhdbglajpienkom,-4,4,-1
9,10,0,8306,DEL_CUTOFF,-4
9,10,1,8306,DEL_CUTOFF,-4
9,10,2,8306,DEL_CUTOFF,-4
9,10,3,8306,PUSH,1,bchdfglejimanpko,-4,4,-1
9,10,4,8306,DEL_EXPLORED,-1
9,10,0,8307,POP,1,bchdfglekpaojnmi
9,10,1,8307,POP,1,bchdfgeikpaljnom
9,10,2,8307,POP,1,bchdfleangjikopm
9,10,3,8307,DEL_EXPLORED,-1
9,10,4,8307,DEL_CUTOFF,4
9,10,0,8308,DEL_EXPLORED,-1
9,10,1,8308,DEL_EXPLORED,-1
9,10,2,8308,DEL_EXPLORED,-1
9,10,3,8308,PUSH,4,bchdfglejimonpka,-4,-1
9,10,4,8308,DEL_CUTOFF,-4
9,10,0,8309,PUSH,4,bchdfgleknpojami,-4,-1,1
9,10,1,8309,PUSH,4,bchdfgeiknpljaom,-4,-1,1
9,10,2,8309,PUSH,4,bchdfljengaikopm,-4,4,-1,1
9,10,3,8309,PUSH,-1,bchdfglejimonpak,-4,-1,1
9,10,4,8309,POP,1,cfhdbglajpienkom
9,10,0,8310,DEL_CUTOFF,1
9,10,1,8310,DEL_CUTOFF,1
9,10,2,8310,DEL_CUTOFF,1
9,10,3,8310,DEL_EXPLORED,1
9,10,4,8310,DEL_EXPLORED,-1
9,10,0,8311,DEL_CUTOFF,-1
9,10,1,8311,DEL_CUTOFF,-1
9,10,2,8311,DEL_CUTOFF,-1
9,10,3,8311,PUSH,-1,bchdfglejimonapk,-4,-1,1
9,10,4,8311,PUSH,4,cfhdbgiljpaenkom,-4,4,-1,1
9,10,0,8312,DEL_EXPLORED,-4
9,10,1,8312,DEL_EXPLORED,-4
9,10,2,8312,DEL_CUTOFF,4
9,10,3,8312,DEL_EXPLORED,1
9,10,4,8312,DEL_CUTOFF,1
9,10,0,8313,POP,4,bchdfgleknpojami
9,10,1,8313,POP,4,bchdfgeiknpljaom
9,10,2,8313,DEL_EXPLORED,-4
9,10,3,8313,DEL_CUTOFF,-1
9,10,4,8313,DEL_CUTOFF,-1
9,10,0,8314,PUSH,-4,bchdfalekgpojnmi,-4,4,-1,1
9,10,1,8314,PUSH,-4,bchdfaeikgpljnom,-4,4,-1,1
9,10,2,8314,POP,4,bchdfljengaikopm
9,10,3,8314,DEL_CUTOFF,-4
9,10,4,8314,DEL_CUTOFF,4
9,10,0,8315,DEL_CUTOFF,1
9,10,1,8315,DEL_CUTOFF,1
9,10,2,8315,PUSH,-4,bcadflhengjikopm,4,-1,1
9,10,3,8315,POP,-1,bchdfglejimonapk
9,10,4,8315,DEL_EXPLORED,-4
9,10,0,8316,DEL_CUTOFF,-1
9,10,1,8316,DEL_CUTOFF,-1
9,10,2,8316,DEL_CUTOFF,1
9,10,3,8316,PUSH,-4,bchdfglejiaonpmk,-4,4,-1,1
9,10,4,8316,POP,4,cfhdbgiljpaenkom
9,10,0,8317,DEL_EXPLORED,4
9,10,1,8317,DEL_EXPLORED,4
9,10,2,8317,DEL_CUTOFF,-1
9,10,3,8317,DEL_CUTOFF,1
9,10,4,8317,PUSH,-4,cfadbghljpienkom,4,-1,1
9,10,0,8318,DEL_CUTOFF,-4
9,10,1,8318,DEL_CUTOFF,-4
9,10,2,8318,DEL_EXPLORED,4
9,10,3,8318,DEL_CUTOFF,-1
9,10,4,8318,DEL_CUTOFF,1
9,10,0,8319,POP,-4,bchdfalekgpojnmi
9,10,1,8319,POP,-4,bchdfaeikgpljnom
9,10,2,8319,POP,-4,bcadflhengjikopm
9,10,3,8319,DEL_EXPLORED,4
9,10,4,8319,DEL_CUTOFF,-1
9,10,0,8320,POP,1,bchdfglekapojnmi
9,10,1,8320,POP,1,bchdfgeikapljnom
9,10,2,8320,POP,1,bchdflaengjikopm
9,10,3,8320,DEL_CUTOFF,-4
9,10,4,8320,DEL_EXPLORED,4
9,10,0,8321,DEL_EXPLORED,4
9,10,1,8321,DEL_EXPLORED,4
9,10,2,8321,PUSH,-1,bchdaflengjikopm,-4,4,1
9,10,3,8321,POP,-4,bchdfglejiaonpmk
9,10,4,8321,POP,-4,cfadbghljpienkom
9,10,0,8322,PUSH,-4,bchdaglefkpojnmi,-4,4,1
9,10,1,8322,PUSH,-4,bchdageifkpljnom,-4,4,1
9,10,2,8322,DEL_EXPLORED,1
9,10,3,8322,POP,-1,bchdfglejimonpak
9,10,4,8322,POP,1,cfhdbgaljpienkom
9,10,0,8323,PUSH,1,bchdgalefkpojnmi,-4,4,-1,1
9,10,1,8323,PUSH,1,bchdgaeifkpljnom,-4,4,-1,1
9,10,2,8323,PUSH,4,bchdnfleagjikopm,-4,4,1
9,10,3,8323,DEL_EXPLORED,-4
9,10,4,8323,PUSH,-1,cfhdabgljpienkom,-4,4,1
9,10,0,8324,DEL_CUTOFF,1
9,10,1,8324,DEL_CUTOFF,1
9,10,2,8324,DEL_CUTOFF,1
9,10,3,8324,POP,4,bchdfglejimonpka
9,10,4,8324,DEL_EXPLORED,1
9,10,0,8325,DEL_EXPLORED,-1
9,10,1,8325,DEL_EXPLORED,-1
9,10,2,8325,DEL_CUTOFF,4
9,10,3,8325,PUSH,-4,bchdfglajimenpko,-4,4,-1
9,10,4,8325,PUSH,4,cfhdjbglapienkom,-4,4,1
9,10,0,8326,DEL_CUTOFF,4
9,10,1,8326,DEL_CUTOFF,4
9,10,2,8326,DEL_EXPLORED,-4
9,10,3,8326,PUSH,-1,bchdfgaljimenpko,-4,4,-1,1
9,10,4,8326,DEL_CUTOFF,1
9,10,0,8327,DEL_CUTOFF,-4
9,10,1,8327,DEL_CUTOFF,-4
9,10,2,8327,POP,4,bchdnfleagjikopm
9,10,3,8327,DEL_EXPLORED,1
9,10,4,8327,DEL_CUTOFF,4
9,10,0,8328,POP,1,bchdgalefkpojnmi
9,10,1,8328,POP,1,bchdgaeifkpljnom
9,10,2,8328,PUSH,-4,achdbflengjikopm,4,1
9,10,3,8328,PUSH,-1,bchdfagljimenpko,-4,4,-1,1
9,10,4,8328,DEL_EXPLORED,-4
9,10,0,8329,DEL_EXPLORED,4
9,10,1,8329,DEL_EXPLORED,4
9,10,2,8329,DEL_CUTOFF,1
9,10,3,8329,DEL_EXPLORED,1
9,10,4,8329,POP,4,cfhdjbglapienkom
9,10,0,8330,PUSH,-4,achdbglefkpojnmi,4,1
9,10,1,8330,PUSH,-4,achdbgeifkpljnom,4,1
9,10,2,8330,DEL_EXPLORED,4
9,10,3,8330,DEL_CUTOFF,-1
9,10,4,8330,PUSH,-4,afhdcbgljpienkom,4,1
9,10,0,8331,DEL_CUTOFF,1
9,10,1,8331,DEL_CUTOFF,1
9,10,2,8331,POP,-4,achdbflengjikopm
9,10,3,8331,DEL_CUTOFF,4
9,10,4,8331,DEL_CUTOFF,1
9,10,0,8332,DEL_EXPLORED,4
9,10,1,8332,DEL_EXPLORED,4
9,10,2,8332,POP,-1,bchdaflengjikopm
9,10,3,8332,DEL_CUTOFF,-4
9,10,4,8332,DEL_EXPLORED,4
9,10,0,8333,POP,-4,achdbglefkpojnmi
9,10,1,8333,POP,-4,achdbgeifkpljnom
9,10,2,8333,DEL_EXPLORED,4
9,10,3,8333,POP,-1,bchdfagljimenpko
9,10,4,8333,POP,-4,afhdcbgljpienkom
9,10,0,8334,POP,-4,bchdaglefkpojnmi
9,10,1,8334,POP,-4,bchdageifkpljnom
9,10,2,8334,PUSH,-4,bahdfclengjikopm,4,-1,1
9,10,3,8334,PUSH,4,bchdfgmljiaenpko,-4,4,-1,1
9,10,4,8334,POP,-1,cfhdabgljpienkom
9,10,0,8335,POP,-4,bchdfgleakpojnmi
9,10,1,8335,POP,-4,bchdfgeiakpljnom
9,10,2,8335,PUSH,1,bhadfclengjikopm,4,-1,1
9,10,3,8335,DEL_CUTOFF,1
9,10,4,8335,PUSH,4,cfhdbpgljaienkom,-4,4,-1,1
9,10,0,8336,POP,-1,bchdfglejkpoanmi
9,10,1,8336,POP,-1,bchdfgeijkplanom
9,10,2,8336,DEL_CUTOFF,1
9,10,3,8336,DEL_CUTOFF,-1
9,10,4,8336,PUSH,1,cfhdbpgljiaenkom,-4,4,-1,1
9,10,0,8337,DEL_EXPLORED,-4
9,10,1,8337,DEL_EXPLORED,-4
9,10,2,8337,DEL_EXPLORED,-1
9,10,3,8337,DEL_CUTOFF,4
9,10,4,8337,DEL_CUTOFF,1
9,10,0,8338,POP,4,bchdfglejkponami
9,10,1,8338,POP,4,bchdfgeijkplnaom
9,10,2,8338,DEL_CUTOFF,4
9,10,3,8338,DEL_EXPLORED,-4
9,10,4,8338,DEL_EXPLORED,-1
9,10,0,8339,PUSH,-4,bchdfalejgponkmi,-4,4,-1,1
9,10,1,8339,PUSH,-4,bchdfaeijgplnkom,-4,4,-1,1
9,10,2,8339,POP,1,bhadfclengjikopm
9,10,3,8339,POP,4,bchdfgmljiaenpko
9,10,4,8339,DEL_CUTOFF,4
9,10,0,8340,PUSH,1,bchdflaejgponkmi,-4,4,-1,1
9,10,1,8340,PUSH,1,bchdfeaijgplnkom,-4,4,-1,1
9,10,2,8340,PUSH,-1,abhdfclengjikopm,4,1
9,10,3,8340,PUSH,-4,bcadfghljimenpko,4,-1,1
9,10,4,8340,DEL_CUTOFF,-4
9,10,0,8341,PUSH,1,bchdfleajgponkmi,-4,4,-1
9,10,1,8341,PUSH,1,bchdfeiajgplnkom,-4,4,-1
9,10,2,8341,DEL_EXPLORED,1
9,10,3,8341,DEL_CUTOFF,1
9,10,4,8341,POP,1,cfhdbpgljiaenkom
9,10,0,8342,DEL_EXPLORED,-1
9,10,1,8342,DEL_EXPLORED,-1
9,10,2,8342,DEL_CUTOFF,4
9,10,3,8342,DEL_CUTOFF,-1
9,10,4,8342,PUSH,-1,cfhdbpglajienkom,-4,4,1
9,10,0,8343,PUSH,4,bchdfleojgpankmi,-4,4,-1
9,10,1,8343,PUSH,4,bchdfeiljgpankom,-4,4,-1
9,10,2,8343,POP,-1,abhdfclengjikopm
9,10,3,8343,DEL_EXPLORED,4
9,10,4,8343,DEL_EXPLORED,1
9,10,0,8344,PUSH,-1,bchdfleojgapnkmi,-4,4,-1,1
9,10,1,8344,PUSH,-1,bchdfeiljgapnkom,-4,4,-1,1
9,10,2,8344,DEL_EXPLORED,4
9,10,3,8344,POP,-4,bcadfghljimenpko
9,10,4,8344,DEL_CUTOFF,4
9,10,0,8345,DEL_EXPLORED,1
9,10,1,8345,DEL_EXPLORED,1
9,10,2,8345,POP,-4,bahdfclengjikopm
9,10,3,8345,POP,-1,bchdfgaljimenpko
9,10,4,8345,DEL_CUTOFF,-4
9,10,0,8346,DEL_CUTOFF,-1
9,10,1,8346,DEL_CUTOFF,-1
9,10,2,8346,POP,-4,bchdfalengjikopm
9,10,3,8346,DEL_EXPLORED,4
9,10,4,8346,POP,-1,cfhdbpglajienkom
9,10,0,8347,DEL_CUTOFF,4
9,10,1,8347,DEL_CUTOFF,4
9,10,2,8347,POP,-1,bchdfglenajikopm
9,10,3,8347,PUSH,-4,bchafgldjimenpko,4,-1
9,10,4,8347,PUSH,4,cfhdbpgljkienaom,-4,-1,1
9,10,0,8348,DEL_CUTOFF,-4
9,10,1,8348,DEL_CUTOFF,-4
9,10,2,8348,DEL_EXPLORED,4
9,10,3,8348,PUSH,-1,bcahfgldjimenpko,4,-1,1
9,10,4,8348,DEL_CUTOFF,1
9,10,0,8349,POP,-1,bchdfleojgapnkmi
9,10,1,8349,POP,-1,bchdfeiljgapnkom
9,10,2,8349,PUSH,-4,bchdfgaenjlikopm,-4,4,-1,1
9,10,3,8349,DEL_EXPLORED,1
9,10,4,8349,DEL_CUTOFF,-1
9,10,0,8350,PUSH,4,bchdfleojgpinkma,-4,-1
9,10,1,8350,PUSH,4,bchdfeiljgpmnkoa,-4,-1
9,10,2,8350,PUSH,1,bchdfgeanjlikopm,-4,4,-1
9,10,3,8350,DEL_CUTOFF,-1
9,10,4,8350,DEL_EXPLORED,-4
9,10,0,8351,DEL_CUTOFF,-1
9,10,1,8351,DEL_CUTOFF,-1
9,10,2,8351,DEL_EXPLORED,-1
9,10,3,8351,DEL_CUTOFF,4
9,10,4,8351,POP,4,cfhdbpgljkienaom
9,10,0,8352,DEL_EXPLORED,-4
9,10,1,8352,DEL_EXPLORED,-4
9,10,2,8352,PUSH,4,bchdfgeinjlakopm,-4,4,-1
9,10,3,8352,POP,-1,bcahfgldjimenpko
9,10,4,8352,DEL_EXPLORED,-4
9,10,0,8353,POP,4,bchdfleojgpinkma
9,10,1,8353,POP,4,bchdfeiljgpmnkoa
9,10,2,8353,PUSH,-1,bchdfgeinjalkopm,-4,4,-1,1
9,10,3,8353,DEL_EXPLORED,4
9,10,4,8353,POP,4,cfhdbpgljaienkom
9,10,0,8354,DEL_EXPLORED,-4
9,10,1,8354,DEL_EXPLORED,-4
9,10,2,8354,DEL_EXPLORED,1
9,10,3,8354,POP,-4,bchafgldjimenpko
9,10,4,8354,DEL_EXPLORED,-4
9,10,0,8355,POP,4,bchdfleojgpankmi
9,10,1,8355,POP,4,bchdfeiljgpankom
9,10,2,8355,DEL_CUTOFF,-1
9,10,3,8355,POP,-4,bchdfglajimenpko
9,10,4,8355,POP,4,cfhdbagljpienkom
9,10,0,8356,PUSH,-4,bchafledjgponkmi,4,-1
9,10,1,8356,PUSH,-4,bchafeidjgplnkom,4,-1
9,10,2,8356,DEL_CUTOFF,4
9,10,3,8356,POP,1,bchdfglejimanpko
9,10,4,8356,POP,1,cahdbfgljpienkom
9,10,0,8357,PUSH,-1,bcahfledjgponkmi,4,-1,1
9,10,1,8357,PUSH,-1,bcahfeidjgplnkom,4,-1,1
9,10,2,8357,DEL_CUTOFF,-4
9,10,3,8357,DEL_EXPLORED,-1
9,10,4,8357,DEL_EXPLORED,4
9,10,0,8358,DEL_EXPLORED,1
9,10,1,8358,DEL_EXPLORED,1
9,10,2,8358,POP,-1,bchdfgeinjalkopm
9,10,3,8358,PUSH,4,bchdfglejikmnpao,-4,-1,1
9,10,4,8358,POP,-4,achdbfgljpienkom
9,10,0,8359,DEL_CUTOFF,-1
9,10,1,8359,DEL_CUTOFF,-1
9,10,2,8359,PUSH,4,bchdfgeinjlmkopa,-4,-1
9,10,3,8359,PUSH,1,bchdfglejikmnpoa,-4,-1
9,10,4,8359,POP,-1,bchdafgljpienkom
9,10,0,8360,DEL_CUTOFF,4
9,10,1,8360,DEL_CUTOFF,4
9,10,2,8360,DEL_CUTOFF,-1
9,10,3,8360,DEL_EXPLORED,-1
9,10,4,8360,PUSH,4,bchdfpgljaienkom,-4,4,-1,1
9,10,0,8361,POP,-1,bcahfledjgponkmi
9,10,1,8361,POP,-1,bcahfeidjgplnkom
9,10,2,8361,DEL_EXPLORED,-4
9,10,3,8361,PUSH,-4,bchdfglejikanpom,-4,4,-1
9,10,4,8361,PUSH,1,bchdfpgljiaenkom,-4,4,-1,1
9,10,0,8362,DEL_EXPLORED,4
9,10,1,8362,DEL_EXPLORED,4
9,10,2,8362,POP,4,bchdfgeinjlmkopa
9,10,3,8362,PUSH,-1,bchdfglejiaknpom,-4,4,-1,1
9,10,4,8362,PUSH,1,bchdfpgljieankom,-4,4,-1
9,10,0,8363,POP,-4,bchafledjgponkmi
9,10,1,8363,POP,-4,bchafeidjgplnkom
9,10,2,8363,DEL_EXPLORED,-4
9,10,3,8363,DEL_EXPLORED,1
9,10,4,8363,DEL_EXPLORED,-1
9,10,0,8364,POP,1,bchdfleajgponkmi
9,10,1,8364,POP,1,bchdfeiajgplnkom
9,10,2,8364,POP,4,bchdfgeinjlakopm
9,10,3,8364,DEL_CUTOFF,-1
9,10,4,8364,PUSH,4,bchdfpgljiemnkoa,-4,-1
9,10,0,8365,DEL_EXPLORED,-1
9,10,1,8365,DEL_EXPLORED,-1
9,10,2,8365,PUSH,-4,bchafgednjlikopm,4,-1
9,10,3,8365,DEL_CUTOFF,4
9,10,4,8365,PUSH,-1,bchdfpgljiemnkao,-4,-1,1
9,10,0,8366,PUSH,4,bchdflpejgaonkmi,-4,4,-1,1
9,10,1,8366,PUSH,4,bchdfepijgalnkom,-4,4,-1,1
9,10,2,8366,PUSH,-1,bcahfgednjlikopm,4,-1,1
9,10,3,8366,DEL_CUTOFF,-4
9,10,4,8366,DEL_EXPLORED,1
9,10,0,8367,PUSH,1,bchdflpejgoankmi,-4,4,-1
9,10,1,8367,PUSH,1,bchdfepijglankom,-4,4,-1
9,10,2,8367,DEL_EXPLORED,1
9,10,3,8367,POP,-1,bchdfglejiaknpom
9,10,4,8367,PUSH,-1,bchdfpgljiemnako,-4,-1,1
9,10,0,8368,DEL_EXPLORED,-1
9,10,1,8368,DEL_EXPLORED,-1
9,10,2,8368,DEL_CUTOFF,-1
9,10,3,8368,DEL_EXPLORED,4
9,10,4,8368,DEL_EXPLORED,1
9,10,0,8369,PUSH,4,bchdflpejgoinkma,-4,-1
9,10,1,8369,PUSH,4,bchdfepijglmnkoa,-4,-1
9,10,2,8369,DEL_CUTOFF,4
9,10,3,8369,PUSH,-4,bchdfglajikenpom,-4,4,-1
9,10,4,8369,DEL_CUTOFF,-1
9,10,0,8370,DEL_CUTOFF,-1
9,10,1,8370,DEL_CUTOFF,-1
9,10,2,8370,POP,-1,bcahfgednjlikopm
9,10,3,8370,DEL_CUTOFF,-1
9,10,4,8370,DEL_CUTOFF,-4
9,10,0,8371,DEL_EXPLORED,-4
9,10,1,8371,DEL_EXPLORED,-4
9,10,2,8371,DEL_EXPLORED,4
9,10,3,8371,DEL_EXPLORED,4
9,10,4,8371,POP,-1,bchdfpgljiemnako
9,10,0,8372,POP,4,bchdflpejgoinkma
9,10,1,8372,POP,4,bchdfepijglmnkoa
9,10,2,8372,POP,-4,bchafgednjlikopm
9,10,3,8372,DEL_CUTOFF,-4
9,10,4,8372,PUSH,-4,bchdfpgljiamnkeo,-4,4,-1,1
9,10,0,8373,PUSH,-4,bchdflpajgoenkmi,-4,4,-1
9,10,1,8373,PUSH,-4,bchdfepajglinkom,-4,4,-1
9,10,2,8373,POP,1,bchdfgeanjlikopm
9,10,3,8373,POP,-4,bchdfglajikenpom
9,10,4,8373,DEL_CUTOFF,1
9,10,0,8374,DEL_CUTOFF,-1
9,10,1,8374,DEL_CUTOFF,-1
9,10,2,8374,PUSH,-1,bchdfagenjlikopm,-4,4,-1,1
9,10,3,8374,POP,-4,bchdfglejikanpom
9,10,4,8374,DEL_CUTOFF,-1
9,10,0,8375,DEL_EXPLORED,4
9,10,1,8375,DEL_EXPLORED,4
9,10,2,8375,DEL_EXPLORED,1
9,10,3,8375,POP,1,bchdfglejikmnpoa
9,10,4,8375,DEL_EXPLORED,4
9,10,0,8376,DEL_CUTOFF,-4
9,10,1,8376,DEL_CUTOFF,-4
9,10,2,8376,PUSH,-1,bchdafgenjlikopm,-4,4,1
9,10,3,8376,PUSH,-1,bchdfglejikmnapo,-4,-1,1
9,10,4,8376,DEL_CUTOFF,-4
9,10,0,8377,POP,-4,bchdflpajgoenkmi
9,10,1,8377,POP,-4,bchdfepajglinkom
9,10,2,8377,DEL_EXPLORED,1
9,10,3,8377,DEL_EXPLORED,1
9,10,4,8377,POP,-4,bchdfpgljiamnkeo
9,10,0,8378,POP,1,bchdflpejgoankmi
9,10,1,8378,POP,1,bchdfepijglankom
9,10,2,8378,PUSH,4,bchdnfgeajlikopm,-4,4,1
9,10,3,8378,PUSH,-1,bchdfglejikmanpo,-4,1
9,10,4,8378,POP,-1,bchdfpgljiemnkao
9,10,0,8379,PUSH,-1,bchdflpejagonkmi,-4,4,-1,1
9,10,1,8379,PUSH,-1,bchdfepijaglnkom,-4,4,-1,1
9,10,2,8379,DEL_CUTOFF,1
9,10,3,8379,DEL_EXPLORED,1
9,10,4,8379,DEL_EXPLORED,-4
9,10,0,8380,DEL_EXPLORED,1
9,10,1,8380,DEL_EXPLORED,1
9,10,2,8380,DEL_CUTOFF,4
9,10,3,8380,PUSH,-4,bchdfgleaikmjnpo,-4,4,1
9,10,4,8380,POP,4,bchdfpgljiemnkoa
9,10,0,8381,PUSH,-1,bchdflpeajgonkmi,-4,4,1
9,10,1,8381,PUSH,-1,bchdfepiajglnkom,-4,4,1
9,10,2,8381,DEL_EXPLORED,-4
9,10,3,8381,DEL_CUTOFF,1
9,10,4,8381,PUSH,-4,bchdfpgajielnkom,-4,4,-1
9,10,0,8382,DEL_EXPLORED,1
9,10,1,8382,DEL_EXPLORED,1
9,10,2,8382,POP,4,bchdnfgeajlikopm
9,10,3,8382,DEL_EXPLORED,4
9,10,4,8382,PUSH,-1,bchdfpagjielnkom,-4,4,-1,1
9,10,0,8383,DEL_CUTOFF,4
9,10,1,8383,DEL_CUTOFF,4
9,10,2,8383,PUSH,-4,achdbfgenjlikopm,4,1
9,10,3,8383,DEL_CUTOFF,-4
9,10,4,8383,DEL_EXPLORED,1
9,10,0,8384,DEL_CUTOFF,-4
9,10,1,8384,DEL_CUTOFF,-4
9,10,2,8384,DEL_CUTOFF,1
9,10,3,8384,POP,-4,bchdfgleaikmjnpo
9,10,4,8384,PUSH,-1,bchdfapgjielnkom,-4,4,-1,1
9,10,0,8385,POP,-1,bchdflpeajgonkmi
9,10,1,8385,POP,-1,bchdfepiajglnkom
9,10,2,8385,DEL_EXPLORED,4
9,10,3,8385,POP,-1,bchdfglejikmanpo
9,10,4,8385,DEL_EXPLORED,1
9,10,0,8386,PUSH,4,bchdflpejkgonami,-4,-1,1
9,10,1,8386,PUSH,4,bchdfepijkglnaom,-4,-1,1
9,10,2,8386,POP,-4,achdbfgenjlikopm
9,10,3,8386,PUSH,-4,bchdfglejakmnipo,-4,4,-1,1
9,10,4,8386,DEL_CUTOFF,-1
9,10,0,8387,DEL_CUTOFF,1
9,10,1,8387,DEL_CUTOFF,1
9,10,2,8387,POP,-1,bchdafgenjlikopm
9,10,3,8387,PUSH,1,bchdfglejkamnipo,-4,4,-1,1
9,10,4,8387,DEL_CUTOFF,4
9,10,0,8388,DEL_CUTOFF,-1
9,10,1,8388,DEL_CUTOFF,-1
9,10,2,8388,PUSH,4,bchdfjgenalikopm,-4,4,-1,1
9,10,3,8388,DEL_CUTOFF,1
9,10,4,8388,DEL_CUTOFF,-4
9,10,0,8389,DEL_EXPLORED,-4
9,10,1,8389,DEL_EXPLORED,-4
9,10,2,8389,PUSH,1,bchdfjgenlaikopm,-4,4,-1,1
9,10,3,8389,DEL_EXPLORED,-1
9,10,4,8389,POP,-1,bchdfapgjielnkom
9,10,0,8390,POP,4,bchdflpejkgonami
9,10,1,8390,POP,4,bchdfepijkglnaom
9,10,2,8390,DEL_CUTOFF,1
9,10,3,8390,DEL_CUTOFF,4
9,10,4,8390,PUSH,4,bchdfpegjialnkom,-4,4,-1,1
9,10,0,8391,PUSH,-4,bchdfapejlgonkmi,-4,4,-1,1
9,10,1,8391,PUSH,-4,bchdfapijeglnkom,-4,4,-1,1
9,10,2,8391,DEL_EXPLORED,-1
9,10,3,8391,DEL_CUTOFF,-4
9,10,4,8391,DEL_CUTOFF,1
9,10,0,8392,DEL_CUTOFF,1
9,10,1,8392,DEL_CUTOFF,1
9,10,2,8392,DEL_CUTOFF,4
9,10,3,8392,POP,1,bchdfglejkamnipo
9,10,4,8392,DEL_CUTOFF,-1
9,10,0,8393,DEL_CUTOFF,-1
9,10,1,8393,DEL_CUTOFF,-1
9,10,2,8393,DEL_CUTOFF,-4
9,10,3,8393,PUSH,-1,bchdfgleajkmnipo,-4,4,1
9,10,4,8393,DEL_CUTOFF,4
9,10,0,8394,DEL_EXPLORED,4
9,10,1,8394,DEL_EXPLORED,4
9,10,2,8394,POP,1,bchdfjgenlaikopm
9,10,3,8394,DEL_EXPLORED,1
9,10,4,8394,DEL_EXPLORED,-4
9,10,0,8395,DEL_CUTOFF,-4
9,10,1,8395,DEL_CUTOFF,-4
9,10,2,8395,PUSH,-1,bchdfjgeanlikopm,-4,4,1
9,10,3,8395,DEL_CUTOFF,4
9,10,4,8395,POP,4,bchdfpegjialnkom
9,10,0,8396,POP,-4,bchdfapejlgonkmi
9,10,1,8396,POP,-4,bchdfapijeglnkom
9,10,2,8396,DEL_EXPLORED,1
9,10,3,8396,DEL_CUTOFF,-4
9,10,4,8396,PUSH,-4,bcadfphgjielnkom,4,-1,1
9,10,0,8397,POP,-1,bchdflpejagonkmi
9,10,1,8397,POP,-1,bchdfepijaglnkom
9,10,2,8397,DEL_CUTOFF,4
9,10,3,8397,POP,-1,bchdfgleajkmnipo
9,10,4,8397,DEL_CUTOFF,1
9,10,0,8398,PUSH,4,bchdflpejgmonkai,-4,-1,1
9,10,1,8398,PUSH,4,bchdfepijgolnkam,-4,-1,1
9,10,2,8398,DEL_CUTOFF,-4
9,10,3,8398,DEL_EXPLORED,4
9,10,4,8398,DEL_CUTOFF,-1
9,10,0,8399,PUSH,1,bchdflpejgmonkia,-4,-1
9,10,1,8399,PUSH,1,bchdfepijgolnkma,-4,-1
9,10,2,8399,POP,-1,bchdfjgeanlikopm
9,10,3,8399,PUSH,-4,bchdfalejgkmnipo,-4,4,-1,1
9,10,4,8399,DEL_EXPLORED,4
9,10,0,8400,DEL_EXPLORED,-1
9,10,1,8400,DEL_EXPLORED,-1
9,10,2,8400,PUSH,4,bchdfjgenolikapm,-4,-1,1
9,10,3,8400,DEL_CUTOFF,1
9,10,4,8400,POP,-4,bcadfphgjielnkom
9,10,0,8401,DEL_CUTOFF,-4
9,10,1,8401,DEL_CUTOFF,-4
9,10,2,8401,DEL_CUTOFF,1
9,10,3,8401,DEL_CUTOFF,-1
9,10,4,8401,POP,-1,bchdfpagjielnkom
9,10,0,8402,POP,1,bchdflpejgmonkia
9,10,1,8402,POP,1,bchdfepijgolnkma
9,10,2,8402,DEL_CUTOFF,-1
9,10,3,8402,DEL_EXPLORED,4
9,10,4,8402,DEL_EXPLORED,4
9,10,0,8403,PUSH,-1,bchdflpejgmonaki,-4,-1,1
9,10,1,8403,PUSH,-1,bchdfepijgolnakm,-4,-1,1
9,10,2,8403,DEL_EXPLORED,-4
9,10,3,8403,DEL_CUTOFF,-4
9,10,4,8403,PUSH,-4,bchafpgdjielnkom,4,-1
9,10,0,8404,DEL_EXPLORED,1
9,10,1,8404,DEL_EXPLORED,1
9,10,2,8404,POP,4,bchdfjgenolikapm
9,10,3,8404,POP,-4,bchdfalejgkmnipo
9,10,4,8404,PUSH,-1,bcahfpgdjielnkom,4,-1,1
9,10,0,8405,DEL_CUTOFF,-1
9,10,1,8405,DEL_CUTOFF,-1
9,10,2,8405,DEL_EXPLORED,-4
9,10,3,8405,POP,-4,bchdfglejakmnipo
9,10,4,8405,DEL_EXPLORED,1
9,10,0,8406,DEL_CUTOFF,-4
9,10,1,8406,DEL_CUTOFF,-4
9,10,2,8406,POP,4,bchdfjgenalikopm
9,10,3,8406,POP,-1,bchdfglejikmnapo
9,10,4,8406,DEL_CUTOFF,-1
9,10,0,8407,POP,-1,bchdflpejgmonaki
9,10,1,8407,POP,-1,bchdfepijgolnakm
9,10,2,8407,PUSH,-4,bahdfcgenjlikopm,4,-1,1
9,10,3,8407,DEL_EXPLORED,-4
9,10,4,8407,DEL_CUTOFF,4
9,10,0,8408,DEL_EXPLORED,-4
9,10,1,8408,DEL_EXPLORED,-4
9,10,2,8408,PUSH,1,bhadfcgenjlikopm,4,-1,1
9,10,3,8408,POP,4,bchdfglejikmnpao
9,10,4,8408,POP,-1,bcahfpgdjielnkom
9,10,0,8409,POP,4,bchdflpejgmonkai
9,10,1,8409,POP,4,bchdfepijgolnkam
9,10,2,8409,DEL_CUTOFF,1
9,10,3,8409,PUSH,-4,bchdfgaejilmnpko,-4,4,-1,1
9,10,4,8409,DEL_EXPLORED,4
9,10,0,8410,DEL_EXPLORED,-4
9,10,1,8410,DEL_EXPLORED,-4
9,10,2,8410,DEL_EXPLORED,-1
9,10,3,8410,PUSH,1,bchdfgeajilmnpko,-4,4,-1
9,10,4,8410,POP,-4,bchafpgdjielnkom
9,10,0,8411,POP,4,bchdflpejgaonkmi
9,10,1,8411,POP,4,bchdfepijgalnkom
9,10,2,8411,DEL_CUTOFF,4
9,10,3,8411,DEL_EXPLORED,-1
9,10,4,8411,POP,-4,bchdfpgajielnkom
9,10,0,8412,PUSH,-4,bcadflhejgponkmi,4,-1,1
9,10,1,8412,PUSH,-4,bcadfehijgplnkom,4,-1,1
9,10,2,8412,POP,1,bhadfcgenjlikopm
9,10,3,8412,PUSH,4,bchdfgemjilanpko,-4,4,-1
9,10,4,8412,POP,1,bchdfpgljieankom
9,10,0,8413,PUSH,1,bcdaflhejgponkmi,4,-1
9,10,1,8413,PUSH,1,bcdafehijgplnkom,4,-1
9,10,2,8413,PUSH,-1,abhdfcgenjlikopm,4,1
9,10,3,8413,PUSH,-1,bchdfgemjialnpko,-4,4,-1,1
9,10,4,8413,DEL_EXPLORED,-1
9,10,0,8414,DEL_EXPLORED,-1
9,10,1,8414,DEL_EXPLORED,-1
9,10,2,8414,DEL_EXPLORED,1
9,10,3,8414,DEL_EXPLORED,1
9,10,4,8414,PUSH,4,bchdfpgljioenkam,-4,-1,1
9,10,0,8415,PUSH,4,bcdeflhajgponkmi,-4,4,-1
9,10,1,8415,PUSH,4,bcdifehajgplnkom,-4,4,-1
9,10,2,8415,DEL_CUTOFF,4
9,10,3,8415,DEL_CUTOFF,-1
9,10,4,8415,PUSH,1,bchdfpgljioenkma,-4,-1
9,10,0,8416,DEL_CUTOFF,-1
9,10,1,8416,DEL_CUTOFF,-1
9,10,2,8416,POP,-1,abhdfcgenjlikopm
9,10,3,8416,DEL_CUTOFF,4
9,10,4,8416,DEL_EXPLORED,-1
9,10,0,8417,DEL_CUTOFF,4
9,10,1,8417,DEL_CUTOFF,4
9,10,2,8417,DEL_EXPLORED,4
9,10,3,8417,DEL_CUTOFF,-4
9,10,4,8417,PUSH,-4,bchdfpgljioankme,-4,4,-1
9,10,0,8418,DEL_EXPLORED,-4
9,10,1,8418,DEL_EXPLORED,-4
9,10,2,8418,POP,-4,bahdfcgenjlikopm
9,10,3,8418,POP,-1,bchdfgemjialnpko
9,10,4,8418,PUSH,-1,bchdfpgljiaonkme,-4,4,-1,1
9,10,0,8419,POP,4,bcdeflhajgponkmi
9,10,1,8419,POP,4,bcdifehajgplnkom
9,10,2,8419,POP,-1,bchdfagenjlikopm
9,10,3,8419,PUSH,4,bchdfgemjilonpka,-4,-1
9,10,4,8419,DEL_EXPLORED,1
9,10,0,8420,POP,1,bcdaflhejgponkmi
9,10,1,8420,POP,1,bcdafehijgplnkom
9,10,2,8420,DEL_EXPLORED,4
9,10,3,8420,DEL_CUTOFF,-1
9,10,4,8420,DEL_CUTOFF,-1
9,10,0,8421,PUSH,-1,bacdflhejgponkmi,4,-1,1
9,10,1,8421,PUSH,-1,bacdfehijgplnkom,4,-1,1
9,10,2,8421,PUSH,-4,bcadfghenjlikopm,4,-1,1
9,10,3,8421,DEL_EXPLORED,-4
9,10,4,8421,DEL_CUTOFF,4
9,10,0,8422,DEL_EXPLORED,1
9,10,1,8422,DEL_EXPLORED,1
9,10,2,8422,PUSH,1,bcdafghenjlikopm,4,-1
9,10,3,8422,POP,4,bchdfgemjilonpka
9,10,4,8422,DEL_CUTOFF,-4
9,10,0,8423,PUSH,-1,abcdflhejgponkmi,4,1
9,10,1,8423,PUSH,-1,abcdfehijgplnkom,4,1
9,10,2,8423,DEL_EXPLORED,-1
9,10,3,8423,DEL_EXPLORED,-4
9,10,4,8423,POP,-1,bchdfpgljiaonkme
9,10,0,8424,DEL_EXPLORED,1
9,10,1,8424,DEL_EXPLORED,1
9,10,2,8424,PUSH,4,bcdefghanjlikopm,-4,4,-1
9,10,3,8424,POP,4,bchdfgemjilanpko
9,10,4,8424,DEL_EXPLORED,4
9,10,0,8425,DEL_CUTOFF,4
9,10,1,8425,DEL_CUTOFF,4
9,10,2,8425,DEL_CUTOFF,-1
9,10,3,8425,PUSH,-4,bchafgedjilmnpko,4,-1
9,10,4,8425,PUSH,-4,bchdfpgajiolnkme,-4,4,-1
9,10,0,8426,POP,-1,abcdflhejgponkmi
9,10,1,8426,POP,-1,abcdfehijgplnkom
9,10,2,8426,DEL_CUTOFF,4
9,10,3,8426,PUSH,-1,bcahfgedjilmnpko,4,-1,1
9,10,4,8426,DEL_CUTOFF,-1
9,10,0,8427,PUSH,4,blcdfahejgponkmi,-4,4,-1,1
9,10,1,8427,PUSH,4,becdfahijgplnkom,-4,4,-1,1
9,10,2,8427,DEL_EXPLORED,-4
9,10,3,8427,DEL_EXPLORED,1
9,10,4,8427,DEL_EXPLORED,4
9,10,0,8428,DEL_CUTOFF,1
9,10,1,8428,DEL_CUTOFF,1
9,10,2,8428,POP,4,bcdefghanjlikopm
9,10,3,8428,DEL_CUTOFF,-1
9,10,4,8428,DEL_CUTOFF,-4
9,10,0,8429,DEL_CUTOFF,-1
9,10,1,8429,DEL_CUTOFF,-1
9,10,2,8429,POP,1,bcdafghenjlikopm
9,10,3,8429,DEL_CUTOFF,4
9,10,4,8429,POP,-4,bchdfpgajiolnkme
9,10,0,8430,DEL_CUTOFF,4
9,10,1,8430,DEL_CUTOFF,4
9,10,2,8430,PUSH,-1,bacdfghenjlikopm,4,-1,1
9,10,3,8430,POP,-1,bcahfgedjilmnpko
9,10,4,8430,POP,-4,bchdfpgljioankme
9,10,0,8431,DEL_EXPLORED,-4
9,10,1,8431,DEL_EXPLORED,-4
9,10,2,8431,DEL_EXPLORED,1
9,10,3,8431,DEL_EXPLORED,4
9,10,4,8431,POP,1,bchdfpgljioenkma
9,10,0,8432,POP,4,blcdfahejgponkmi
9,10,1,8432,POP,4,becdfahijgplnkom
9,10,2,8432,PUSH,-1,abcdfghenjlikopm,4,1
9,10,3,8432,POP,-4,bchafgedjilmnpko
9,10,4,8432,PUSH,-1,bchdfpgljioenakm,-4,-1,1
9,10,0,8433,POP,-1,bacdflhejgponkmi
9,10,1,8433,POP,-1,bacdfehijgplnkom
9,10,2,8433,DEL_EXPLORED,1
9,10,3,8433,POP,1,bchdfgeajilmnpko
9,10,4,8433,DEL_EXPLORED,1
9,10,0,8434,DEL_EXPLORED,4
9,10,1,8434,DEL_EXPLORED,4
9,10,2,8434,DEL_CUTOFF,4
9,10,3,8434,PUSH,-1,bchdfagejilmnpko,-4,4,-1,1
9,10,4,8434,PUSH,-1,bchdfpgljioeankm,-4,1
9,10,0,8435,POP,-4,bcadflhejgponkmi
9,10,1,8435,POP,-4,bcadfehijgplnkom
9,10,2,8435,POP,-1,abcdfghenjlikopm
9,10,3,8435,DEL_EXPLORED,1
9,10,4,8435,DEL_EXPLORED,1
9,10,0,8436,POP,1,bchdflaejgponkmi
9,10,1,8436,POP,1,bchdfeaijgplnkom
9,10,2,8436,PUSH,4,bgcdfahenjlikopm,-4,4,-1,1
9,10,3,8436,PUSH,-1,bchdafgejilmnpko,-4,4,1
9,10,4,8436,PUSH,-4,bchdfpglaioejnkm,-4,4,1
9,10,0,8437,PUSH,-1,bchdaflejgponkmi,-4,4,1
9,10,1,8437,PUSH,-1,bchdafeijgplnkom,-4,4,1
9,10,2,8437,DEL_CUTOFF,1
9,10,3,8437,DEL_EXPLORED,1
9,10,4,8437,DEL_CUTOFF,1
9,10,0,8438,DEL_EXPLORED,1
9,10,1,8438,DEL_EXPLORED,1
9,10,2,8438,DEL_CUTOFF,-1
9,10,3,8438,PUSH,4,bchdjfgeailmnpko,-4,4,1
9,10,4,8438,DEL_EXPLORED,4
9,10,0,8439,PUSH,4,bchdjfleagponkmi,-4,4,1
9,10,1,8439,PUSH,4,bchdjfeiagplnkom,-4,4,1
9,10,2,8439,DEL_CUTOFF,4
9,10,3,8439,DEL_CUTOFF,1
9,10,4,8439,DEL_CUTOFF,-4
9,10,0,8440,PUSH,1,bchdjflegaponkmi,-4,4,-1,1
9,10,1,8440,PUSH,1,bchdjfeigaplnkom,-4,4,-1,1
9,10,2,8440,DEL_EXPLORED,-4
9,10,3,8440,DEL_CUTOFF,4
9,10,4,8440,POP,-4,bchdfpglaioejnkm
9,10,0,8441,PUSH,1,bchdjflegpaonkmi,-4,4,-1,1
9,10,1,8441,PUSH,1,bchdjfeigpalnkom,-4,4,-1,1
9,10,2,8441,POP,4,bgcdfahenjlikopm
9,10,3,8441,DEL_EXPLORED,-4
9,10,4,8441,POP,-1,bchdfpgljioeankm
9,10,0,8442,DEL_CUTOFF,1
9,10,1,8442,DEL_CUTOFF,1
9,10,2,8442,POP,-1,bacdfghenjlikopm
9,10,3,8442,POP,4,bchdjfgeailmnpko
9,10,4,8442,PUSH,-4,bchdfpgljaoenikm,-4,4,-1,1
9,10,0,8443,DEL_EXPLORED,-1
9,10,1,8443,DEL_EXPLORED,-1
9,10,2,8443,DEL_EXPLORED,4
9,10,3,8443,PUSH,-4,achdbfgejilmnpko,4,1
9,10,4,8443,PUSH,1,bchdfpgljoaenikm,-4,4,-1,1
9,10,0,8444,DEL_CUTOFF,4
9,10,1,8444,DEL_CUTOFF,4
9,10,2,8444,POP,-4,bcadfghenjlikopm
9,10,3,8444,DEL_CUTOFF,1
9,10,4,8444,DEL_CUTOFF,1
9,10,0,8445,DEL_CUTOFF,-4
9,10,1,8445,DEL_CUTOFF,-4
9,10,2,8445,POP,-4,bchdfgaenjlikopm
9,10,3,8445,DEL_EXPLORED,4
9,10,4,8445,DEL_EXPLORED,-1
9,10,0,8446,POP,1,bchdjflegpaonkmi
9,10,1,8446,POP,1,bchdjfeigpalnkom
9,10,2,8446,POP,-4,bchdfglenjaikopm
9,10,3,8446,POP,-4,achdbfgejilmnpko
9,10,4,8446,DEL_CUTOFF,4
9,10,0,8447,DEL_EXPLORED,-1
9,10,1,8447,DEL_EXPLORED,-1
9,10,2,8447,POP,1,bchdfglenjpikoam
9,10,3,8447,POP,-1,bchdafgejilmnpko
9,10,4,8447,DEL_CUTOFF,-4
9,10,0,8448,PUSH,4,bchdjflegkponami,-4,-1,1
9,10,1,8448,PUSH,4,bchdjfeigkplnaom,-4,-1,1
9,10,2,8448,DEL_EXPLORED,-1
9,10,3,8448,PUSH,4,bchdfigejalmnpko,-4,4,-1,1
9,10,4,8448,POP,1,bchdfpgljoaenikm
9,10,0,8449,DEL_CUTOFF,1
9,10,1,8449,DEL_CUTOFF,1
9,10,2,8449,PUSH,-4,bchdfglenapikjom,-4,4,-1,1
9,10,3,8449,PUSH,1,bchdfigejlamnpko,-4,4,-1,1
9,10,4,8449,PUSH,-1,bchdfpglajoenikm,-4,4,1
9,10,0,8450,DEL_CUTOFF,-1
9,10,1,8450,DEL_CUTOFF,-1
9,10,2,8450,PUSH,1,bchdfglenpaikjom,-4,4,-1,1
9,10,3,8450,DEL_CUTOFF,1
9,10,4,8450,DEL_EXPLORED,1
9,10,0,8451,DEL_EXPLORED,-4
9,10,1,8451,DEL_EXPLORED,-4
9,10,2,8451,PUSH,1,bchdfglenpiakjom,-4,4,-1
9,10,3,8451,DEL_EXPLORED,-1
9,10,4,8451,DEL_CUTOFF,4
9,10,0,8452,POP,4,bchdjflegkponami
9,10,1,8452,POP,4,bchdjfeigkplnaom
9,10,2,8452,DEL_EXPLORED,-1
9,10,3,8452,DEL_CUTOFF,4
9,10,4,8452,DEL_CUTOFF,-4
9,10,0,8453,PUSH,-4,bchdjalegfponkmi,-4,4,-1,1
9,10,1,8453,PUSH,-4,bchdjaeigfplnkom,-4,4,-1,1
9,10,2,8453,PUSH,4,bchdfglenpimkjoa,-4,-1
9,10,3,8453,DEL_CUTOFF,-4
9,10,4,8453,POP,-1,bchdfpglajoenikm
9,10,0,8454,DEL_CUTOFF,1
9,10,1,8454,DEL_CUTOFF,1
9,10,2,8454,PUSH,-1,bchdfglenpimkjao,-4,-1,1
9,10,3,8454,POP,1,bchdfigejlamnpko
9,10,4,8454,DEL_EXPLORED,4
9,10,0,8455,DEL_CUTOFF,-1
9,10,1,8455,DEL_CUTOFF,-1
9,10,2,8455,DEL_EXPLORED,1
9,10,3,8455,PUSH,-1,bchdfigeajlmnpko,-4,4,1
9,10,4,8455,PUSH,-4,bchdfagljpoenikm,-4,4,-1,1
9,10,0,8456,DEL_EXPLORED,4
9,10,1,8456,DEL_EXPLORED,4
9,10,2,8456,PUSH,-1,bchdfglenpimkajo,-4,-1,1
9,10,3,8456,DEL_EXPLORED,1
9,10,4,8456,DEL_CUTOFF,1
9,10,0,8457,DEL_CUTOFF,-4
9,10,1,8457,DEL_CUTOFF,-4
9,10,2,8457,DEL_EXPLORED,1
9,10,3,8457,DEL_CUTOFF,4
9,10,4,8457,DEL_CUTOFF,-1
9,10,0,8458,POP,-4,bchdjalegfponkmi
9,10,1,8458,POP,-4,bchdjaeigfplnkom
9,10,2,8458,DEL_CUTOFF,-1
9,10,3,8458,DEL_CUTOFF,-4
9,10,4,8458,DEL_EXPLORED,4
9,10,0,8459,POP,1,bchdjflegaponkmi
9,10,1,8459,POP,1,bchdjfeigaplnkom
9,10,2,8459,DEL_CUTOFF,-4
9,10,3,8459,POP,-1,bchdfigeajlmnpko
9,10,4,8459,DEL_CUTOFF,-4
9,10,0,8460,PUSH,4,bchdjflengpoakmi,-4,1
9,10,1,8460,PUSH,4,bchdjfeingplakom,-4,1
9,10,2,8460,POP,-1,bchdfglenpimkajo
9,10,3,8460,PUSH,4,bchdfigejplmnako,-4,-1,1
9,10,4,8460,POP,-4,bchdfagljpoenikm
9,10,0,8461,PUSH,1,bchdjflengpokami,-4,-1,1
9,10,1,8461,PUSH,1,bchdjfeingplkaom,-4,-1,1
9,10,2,8461,PUSH,-4,bchdfglenpamkjio,-4,4,-1,1
9,10,3,8461,DEL_CUTOFF,1
9,10,4,8461,POP,-4,bchdfpgljaoenikm
9,10,0,8462,DEL_CUTOFF,1
9,10,1,8462,DEL_CUTOFF,1
9,10,2,8462,DEL_CUTOFF,1
9,10,3,8462,DEL_CUTOFF,-1
9,10,4,8462,POP,-1,bchdfpgljioenakm
9,10,0,8463,DEL_EXPLORED,-1
9,10,1,8463,DEL_EXPLORED,-1
9,10,2,8463,DEL_CUTOFF,-1
9,10,3,8463,DEL_EXPLORED,-4
9,10,4,8463,DEL_EXPLORED,-4
9,10,0,8464,DEL_CUTOFF,-4
9,10,1,8464,DEL_CUTOFF,-4
9,10,2,8464,DEL_EXPLORED,4
9,10,3,8464,POP,4,bchdfigejplmnako
9,10,4,8464,POP,4,bchdfpgljioenkam
9,10,0,8465,POP,1,bchdjflengpokami
9,10,1,8465,POP,1,bchdjfeingplkaom
9,10,2,8465,DEL_CUTOFF,-4
9,10,3,8465,DEL_EXPLORED,-4
9,10,4,8465,PUSH,-4,bchdfpaljigenkom,-4,4,-1,1
9,10,0,8466,DEL_EXPLORED,-4
9,10,1,8466,DEL_EXPLORED,-4
9,10,2,8466,POP,-4,bchdfglenpamkjio
9,10,3,8466,POP,4,bchdfigejalmnpko
9,10,4,8466,PUSH,1,bchdfplajigenkom,-4,4,-1
9,10,0,8467,POP,4,bchdjflengpoakmi
9,10,1,8467,POP,4,bchdjfeingplakom
9,10,2,8467,POP,-1,bchdfglenpimkjao
9,10,3,8467,PUSH,-4,bahdfcgejilmnpko,4,-1,1
9,10,4,8467,DEL_EXPLORED,-1
9,10,0,8468,DEL_EXPLORED,-4
9,10,1,8468,DEL_EXPLORED,-4
9,10,2,8468,DEL_EXPLORED,-4
9,10,3,8468,PUSH,1,bhadfcgejilmnpko,4,-1,1
9,10,4,8468,PUSH,4,bchdfplejigankom,-4,4,-1
9,10,0,8469,POP,4,bchdjfleagponkmi
9,10,1,8469,POP,4,bchdjfeiagplnkom
9,10,2,8469,POP,4,bchdfglenpimkjoa
9,10,3,8469,DEL_CUTOFF,1
9,10,4,8469,PUSH,-1,bchdfplejiagnkom,-4,4,-1,1
9,10,0,8470,PUSH,-4,achdbflejgponkmi,4,1
9,10,1,8470,PUSH,-4,achdbfeijgplnkom,4,1
9,10,2,8470,PUSH,-4,bchdfglanpiekjom,-4,4,-1
9,10,3,8470,DEL_EXPLORED,-1
9,10,4,8470,DEL_EXPLORED,1
9,10,0,8471,PUSH,1,cahdbflejgponkmi,4,-1,1
9,10,1,8471,PUSH,1,cahdbfeijgplnkom,4,-1,1
9,10,2,8471,PUSH,-1,bchdfgalnpiekjom,-4,4,-1,1
9,10,3,8471,DEL_CUTOFF,4
9,10,4,8471,DEL_CUTOFF,-1
9,10,0,8472,PUSH,1,chadbflejgponkmi,4,-1,1
9,10,1,8472,PUSH,1,chadbfeijgplnkom,4,-1,1
9,10,2,8472,DEL_EXPLORED,1
9,10,3,8472,POP,1,bhadfcgejilmnpko
9,10,4,8472,DEL_CUTOFF,4
9,10,0,8473,DEL_CUTOFF,1
9,10,1,8473,DEL_CUTOFF,1
9,10,2,8473,PUSH,-1,bchdfaglnpiekjom,-4,4,-1,1
9,10,3,8473,PUSH,-1,abhdfcgejilmnpko,4,1
9,10,4,8473,DEL_CUTOFF,-4
9,10,0,8474,DEL_EXPLORED,-1
9,10,1,8474,DEL_EXPLORED,-1
9,10,2,8474,DEL_EXPLORED,1
9,10,3,8474,DEL_EXPLORED,1
9,10,4,8474,POP,-1,bchdfplejiagnkom
9,10,0,8475,DEL_CUTOFF,4
9,10,1,8475,DEL_CUTOFF,4
9,10,2,8475,DEL_CUTOFF,-1
9,10,3,8475,DEL_CUTOFF,4
9,10,4,8475,PUSH,4,bchdfplejigmnkoa,-4,-1
9,10,0,8476,POP,1,chadbflejgponkmi
9,10,1,8476,POP,1,chadbfeijgplnkom
9,10,2,8476,DEL_CUTOFF,4
9,10,3,8476,POP,-1,abhdfcgejilmnpko
9,10,4,8476,DEL_CUTOFF,-1
9,10,0,8477,DEL_EXPLORED,-1
9,10,1,8477,DEL_EXPLORED,-1
9,10,2,8477,DEL_CUTOFF,-4
9,10,3,8477,DEL_EXPLORED,4
9,10,4,8477,DEL_EXPLORED,-4
9,10,0,8478,PUSH,4,cfhdbalejgponkmi,-4,4,-1,1
9,10,1,8478,PUSH,4,cfhdbaeijgplnkom,-4,4,-1,1
9,10,2,8478,POP,-1,bchdfaglnpiekjom
9,10,3,8478,POP,-4,bahdfcgejilmnpko
9,10,4,8478,POP,4,bchdfplejigmnkoa
9,10,0,8479,DEL_CUTOFF,1
9,10,1,8479,DEL_CUTOFF,1
9,10,2,8479,PUSH,4,bchdfgilnpaekjom,-4,4,-1,1
9,10,3,8479,POP,-1,bchdfagejilmnpko
9,10,4,8479,DEL_EXPLORED,-4
9,10,0,8480,DEL_CUTOFF,-1
9,10,1,8480,DEL_CUTOFF,-1
9,10,2,8480,DEL_CUTOFF,1
9,10,3,8480,DEL_EXPLORED,4
9,10,4,8480,POP,4,bchdfplejigankom
9,10,0,8481,DEL_CUTOFF,4
9,10,1,8481,DEL_CUTOFF,4
9,10,2,8481,DEL_CUTOFF,-1
9,10,3,8481,PUSH,-4,bcadfghejilmnpko,4,-1,1
9,10,4,8481,PUSH,-4,bchafpldjigenkom,4,-1
9,10,0,8482,DEL_EXPLORED,-4
9,10,1,8482,DEL_EXPLORED,-4
9,10,2,8482,DEL_CUTOFF,4
9,10,3,8482,PUSH,1,bcdafghejilmnpko,4,-1
9,10,4,8482,PUSH,-1,bcahfpldjigenkom,4,-1,1
9,10,0,8483,POP,4,cfhdbalejgponkmi
9,10,1,8483,POP,4,cfhdbaeijgplnkom
9,10,2,8483,DEL_EXPLORED,-4
9,10,3,8483,DEL_EXPLORED,-1
9,10,4,8483,DEL_EXPLORED,1
9,10,0,8484,POP,1,cahdbflejgponkmi
9,10,1,8484,POP,1,cahdbfeijgplnkom
9,10,2,8484,POP,4,bchdfgilnpaekjom
9,10,3,8484,PUSH,4,bcdefghajilmnpko,-4,4,-1
9,10,4,8484,DEL_CUTOFF,-1
9,10,0,8485,DEL_EXPLORED,4
9,10,1,8485,DEL_EXPLORED,4
9,10,2,8485,PUSH,-4,bcadfghlnpiekjom,4,-1,1
9,10,3,8485,DEL_CUTOFF,-1
9,10,4,8485,DEL_CUTOFF,4
9,10,0,8486,POP,-4,achdbflejgponkmi
9,10,1,8486,POP,-4,achdbfeijgplnkom
9,10,2,8486,DEL_CUTOFF,1
9,10,3,8486,DEL_CUTOFF,4
9,10,4,8486,POP,-1,bcahfpldjigenkom
9,10,0,8487,POP,-1,bchdaflejgponkmi
9,10,1,8487,POP,-1,bchdafeijgplnkom
9,10,2,8487,DEL_CUTOFF,-1
9,10,3,8487,DEL_EXPLORED,-4
9,10,4,8487,DEL_EXPLORED,4
9,10,0,8488,DEL_EXPLORED,4
9,10,1,8488,DEL_EXPLORED,4
9,10,2,8488,DEL_EXPLORED,4
9,10,3,8488,POP,4,bcdefghajilmnpko
9,10,4,8488,POP,-4,bchafpldjigenkom
9,10,0,8489,PUSH,-4,bahdfclejgponkmi,4,-1,1
9,10,1,8489,PUSH,-4,bahdfceijgplnkom,4,-1,1
9,10,2,8489,POP,-4,bcadfghlnpiekjom
9,10,3,8489,POP,1,bcdafghejilmnpko
9,10,4,8489,POP,1,bchdfplajigenkom
9,10,0,8490,PUSH,1,bhadfclejgponkmi,4,-1,1
9,10,1,8490,PUSH,1,bhadfceijgplnkom,4,-1,1
9,10,2,8490,POP,-1,bchdfgalnpiekjom
9,10,3,8490,PUSH,-1,bacdfghejilmnpko,4,-1,1
9,10,4,8490,PUSH,-1,bchdfapljigenkom,-4,4,-1,1
9,10,0,8491,PUSH,1,bhdafclejgponkmi,4,-1
9,10,1,8491,PUSH,1,bhdafceijgplnkom,4,-1
9,10,2,8491,DEL_EXPLORED,4
9,10,3,8491,DEL_EXPLORED,1
9,10,4,8491,DEL_EXPLORED,1
9,10,0,8492,DEL_EXPLORED,-1
9,10,1,8492,DEL_EXPLORED,-1
9,10,2,8492,PUSH,-4,bchafgldnpiekjom,4,-1
9,10,3,8492,PUSH,-1,abcdfghejilmnpko,4,1
9,10,4,8492,PUSH,-1,bchdafpljigenkom,-4,4,1
9,10,0,8493,PUSH,4,bhdefclajgponkmi,-4,4,-1
9,10,1,8493,PUSH,4,bhdifceajgplnkom,-4,4,-1
9,10,2,8493,PUSH,-1,bcahfgldnpiekjom,4,-1,1
9,10,3,8493,DEL_EXPLORED,1
9,10,4,8493,DEL_EXPLORED,1
9,10,0,8494,DEL_CUTOFF,-1
9,10,1,8494,DEL_CUTOFF,-1
9,10,2,8494,DEL_EXPLORED,1
9,10,3,8494,DEL_CUTOFF,4
9,10,4,8494,PUSH,4,bchdjfplaigenkom,-4,4,1
9,10,0,8495,DEL_CUTOFF,4
9,10,1,8495,DEL_CUTOFF,4
9,10,2,8495,DEL_CUTOFF,-1
9,10,3,8495,POP,-1,abcdfghejilmnpko
9,10,4,8495,DEL_CUTOFF,1
9,10,0,8496,DEL_EXPLORED,-4
9,10,1,8496,DEL_EXPLORED,-4
9,10,2,8496,DEL_CUTOFF,4
9,10,3,8496,PUSH,4,bgcdfahejilmnpko,-4,4,-1,1
9,10,4,8496,DEL_CUTOFF,4
9,10,0,8497,POP,4,bhdefclajgponkmi
9,10,1,8497,POP,4,bhdifceajgplnkom
9,10,2,8497,POP,-1,bcahfgldnpiekjom
9,10,3,8497,DEL_CUTOFF,1
9,10,4,8497,DEL_EXPLORED,-4
9,10,0,8498,POP,1,bhdafclejgponkmi
9,10,1,8498,POP,1,bhdafceijgplnkom
9,10,2,8498,DEL_EXPLORED,4
9,10,3,8498,DEL_CUTOFF,-1
9,10,4,8498,POP,4,bchdjfplaigenkom
9,10,0,8499,DEL_EXPLORED,-1
9,10,1,8499,DEL_EXPLORED,-1
9,10,2,8499,POP,-4,bchafgldnpiekjom
9,10,3,8499,DEL_CUTOFF,4
9,10,4,8499,PUSH,-4,achdbfpljigenkom,4,1
9,10,0,8500,PUSH,4,bhldfcaejgponkmi,-4,4,-1,1
9,10,1,8500,PUSH,4,bhedfcaijgplnkom,-4,4,-1,1
9,10,2,8500,POP,-4,bchdfglanpiekjom
9,10,3,8500,DEL_EXPLORED,-4
9,10,4,8500,DEL_CUTOFF,1
9,10,0,8501,PUSH,1,bhldfceajgponkmi,-4,4,-1
9,10,1,8501,PUSH,1,bhedfciajgplnkom,-4,4,-1
9,10,2,8501,POP,1,bchdfglenpiakjom
9,10,3,8501,POP,4,bgcdfahejilmnpko
9,10,4,8501,DEL_EXPLORED,4
9,10,0,8502,DEL_EXPLORED,-1
9,10,1,8502,DEL_EXPLORED,-1
9,10,2,8502,DEL_EXPLORED,-1
9,10,3,8502,POP,-1,bacdfghejilmnpko
9,10,4,8502,POP,-4,achdbfpljigenkom
9,10,0,8503,DEL_CUTOFF,4
9,10,1,8503,DEL_CUTOFF,4
9,10,2,8503,PUSH,4,bchdfglenpoikjam,-4,-1,1
9,10,3,8503,DEL_EXPLORED,4
9,10,4,8503,POP,-1,bchdafpljigenkom
9,10,0,8504,DEL_CUTOFF,-4
9,10,1,8504,DEL_CUTOFF,-4
9,10,2,8504,PUSH,1,bchdfglenpoikjma,-4,-1
9,10,3,8504,POP,-4,bcadfghejilmnpko
9,10,4,8504,PUSH,4,bchdfipljagenkom,-4,4,-1,1
9,10,0,8505,POP,1,bhldfceajgponkmi
9,10,1,8505,POP,1,bhedfciajgplnkom
9,10,2,8505,DEL_EXPLORED,-1
9,10,3,8505,POP,-4,bchdfgaejilmnpko
9,10,4,8505,PUSH,1,bchdfipljgaenkom,-4,4,-1,1
9,10,0,8506,PUSH,-1,bhldfacejgponkmi,-4,4,-1,1
9,10,1,8506,PUSH,-1,bhedfacijgplnkom,-4,4,-1,1
9,10,2,8506,PUSH,-4,bchdfglenpoakjmi,-4,4,-1
9,10,3,8506,POP,1,bchdfglejiamnpko
9,10,4,8506,DEL_CUTOFF,1
9,10,0,8507,DEL_EXPLORED,1
9,10,1,8507,DEL_EXPLORED,1
9,10,2,8507,PUSH,-1,bchdfglenpaokjmi,-4,4,-1,1
9,10,3,8507,PUSH,-1,bchdfgleajimnpko,-4,4,1
9,10,4,8507,DEL_EXPLORED,-1
9,10,0,8508,DEL_CUTOFF,-1
9,10,1,8508,DEL_CUTOFF,-1
9,10,2,8508,DEL_EXPLORED,1
9,10,3,8508,DEL_EXPLORED,1
9,10,4,8508,DEL_CUTOFF,4
9,10,0,8509,DEL_CUTOFF,4
9,10,1,8509,DEL_CUTOFF,4
9,10,2,8509,DEL_CUTOFF,-1
9,10,3,8509,PUSH,4,bchdfglenjimapko,-4,1
9,10,4,8509,DEL_CUTOFF,-4
9,10,0,8510,DEL_CUTOFF,-4
9,10,1,8510,DEL_CUTOFF,-4
9,10,2,8510,DEL_CUTOFF,4
9,10,3,8510,PUSH,1,bchdfglenjimpako,-4,-1,1
9,10,4,8510,POP,1,bchdfipljgaenkom
9,10,0,8511,POP,-1,bhldfacejgponkmi
9,10,1,8511,POP,-1,bhedfacijgplnkom
9,10,2,8511,DEL_CUTOFF,-4
9,10,3,8511,PUSH,1,bchdfglenjimpkao,-4,-1,1
9,10,4,8511,PUSH,-1,bchdfiplajgenkom,-4,4,1
9,10,0,8512,PUSH,4,bhldfcpejgaonkmi,-4,4,-1,1
9,10,1,8512,PUSH,4,bhedfcpijgalnkom,-4,4,-1,1
9,10,2,8512,POP,-1,bchdfglenpaokjmi
9,10,3,8512,PUSH,1,bchdfglenjimpkoa,-4,-1
9,10,4,8512,DEL_EXPLORED,1
9,10,0,8513,DEL_CUTOFF,1
9,10,1,8513,DEL_CUTOFF,1
9,10,2,8513,DEL_EXPLORED,4
9,10,3,8513,DEL_EXPLORED,-1
9,10,4,8513,DEL_CUTOFF,4
9,10,0,8514,DEL_CUTOFF,-1
9,10,1,8514,DEL_CUTOFF,-1
9,10,2,8514,PUSH,-4,bchdfglanpoekjmi,-4,4,-1
9,10,3,8514,DEL_CUTOFF,-4
9,10,4,8514,DEL_CUTOFF,-4
9,10,0,8515,DEL_CUTOFF,4
9,10,1,8515,DEL_CUTOFF,4
9,10,2,8515,DEL_CUTOFF,-1
9,10,3,8515,POP,1,bchdfglenjimpkoa
9,10,4,8515,POP,-1,bchdfiplajgenkom
9,10,0,8516,DEL_EXPLORED,-4
9,10,1,8516,DEL_EXPLORED,-4
9,10,2,8516,DEL_EXPLORED,4
9,10,3,8516,DEL_EXPLORED,-1
9,10,4,8516,PUSH,4,bchdfipljkgenaom,-4,-1,1
9,10,0,8517,POP,4,bhldfcpejgaonkmi
9,10,1,8517,POP,4,bhedfcpijgalnkom
9,10,2,8517,DEL_CUTOFF,-4
9,10,3,8517,PUSH,-4,bchdfglenjampkio,-4,4,-1,1
9,10,4,8517,DEL_CUTOFF,1
9,10,0,8518,DEL_EXPLORED,-4
9,10,1,8518,DEL_EXPLORED,-4
9,10,2,8518,POP,-4,bchdfglanpoekjmi
9,10,3,8518,DEL_CUTOFF,1
9,10,4,8518,DEL_CUTOFF,-1
9,10,0,8519,POP,4,bhldfcaejgponkmi
9,10,1,8519,POP,4,bhedfcaijgplnkom
9,10,2,8519,POP,-4,bchdfglenpoakjmi
9,10,3,8519,DEL_CUTOFF,-1
9,10,4,8519,DEL_EXPLORED,-4
9,10,0,8520,POP,1,bhadfclejgponkmi
9,10,1,8520,POP,1,bhadfceijgplnkom
9,10,2,8520,POP,1,bchdfglenpoikjma
9,10,3,8520,DEL_EXPLORED,4
9,10,4,8520,POP,4,bchdfipljkgenaom
9,10,0,8521,PUSH,-1,abhdfclejgponkmi,4,1
9,10,1,8521,PUSH,-1,abhdfceijgplnkom,4,1
9,10,2,8521,PUSH,-1,bchdfglenpoikajm,-4,-1,1
9,10,3,8521,DEL_CUTOFF,-4
9,10,4,8521,DEL_EXPLORED,-4
9,10,0,8522,DEL_EXPLORED,1
9,10,1,8522,DEL_EXPLORED,1
9,10,2,8522,DEL_EXPLORED,1
9,10,3,8522,POP,-4,bchdfglenjampkio
9,10,4,8522,POP,4,bchdfipljagenkom
9,10,0,8523,PUSH,4,fbhdaclejgponkmi,-4,4,1
9,10,1,8523,PUSH,4,fbhdaceijgplnkom,-4,4,1
9,10,2,8523,PUSH,-1,bchdfglenpoiakjm,-4,1
9,10,3,8523,POP,1,bchdfglenjimpkao
9,10,4,8523,PUSH,-4,bahdfcpljigenkom,4,-1,1
9,10,0,8524,PUSH,1,fbhdcalejgponkmi,-4,4,-1,1
9,10,1,8524,PUSH,1,fbhdcaeijgplnkom,-4,4,-1,1
9,10,2,8524,DEL_EXPLORED,1
9,10,3,8524,DEL_EXPLORED,-1
9,10,4,8524,PUSH,1,bhadfcpljigenkom,4,-1,1
9,10,0,8525,DEL_CUTOFF,1
9,10,1,8525,DEL_CUTOFF,1
9,10,2,8525,PUSH,-4,bchdfgleapoinkjm,-4,4,1
9,10,3,8525,PUSH,-4,bchdfglenaimpjko,-4,4,-1,1
9,10,4,8525,DEL_CUTOFF,1
9,10,0,8526,DEL_EXPLORED,-1
9,10,1,8526,DEL_EXPLORED,-1
9,10,2,8526,DEL_CUTOFF,1
9,10,3,8526,PUSH,1,bchdfgleniampjko,-4,4,-1,1
9,10,4,8526,DEL_EXPLORED,-1
9,10,0,8527,DEL_CUTOFF,4
9,10,1,8527,DEL_CUTOFF,4
9,10,2,8527,DEL_EXPLORED,4
9,10,3,8527,DEL_CUTOFF,1
9,10,4,8527,DEL_CUTOFF,4
9,10,0,8528,DEL_CUTOFF,-4
9,10,1,8528,DEL_CUTOFF,-4
9,10,2,8528,DEL_CUTOFF,-4
9,10,3,8528,DEL_EXPLORED,-1
9,10,4,8528,POP,1,bhadfcpljigenkom
9,10,0,8529,POP,1,fbhdcalejgponkmi
9,10,1,8529,POP,1,fbhdcaeijgplnkom
9,10,2,8529,POP,-4,bchdfgleapoinkjm
9,10,3,8529,DEL_CUTOFF,4
9,10,4,8529,PUSH,-1,abhdfcpljigenkom,4,1
9,10,0,8530,PUSH,4,fbhdjcleagponkmi,-4,4,1
9,10,1,8530,PUSH,4,fbhdjceiagplnkom,-4,4,1
9,10,2,8530,POP,-1,bchdfglenpoiakjm
9,10,3,8530,DEL_CUTOFF,-4
9,10,4,8530,DEL_EXPLORED,1
9,10,0,8531,DEL_CUTOFF,1
9,10,1,8531,DEL_CUTOFF,1
9,10,2,8531,PUSH,-4,bchdfglenaoikpjm,-4,4,-1,1
9,10,3,8531,POP,1,bchdfgleniampjko
9,10,4,8531,DEL_CUTOFF,4
9,10,0,8532,DEL_CUTOFF,4
9,10,1,8532,DEL_CUTOFF,4
9,10,2,8532,PUSH,1,bchdfglenoaikpjm,-4,4,-1,1
9,10,3,8532,PUSH,-1,bchdfgleanimpjko,-4,4,1
9,10,4,8532,POP,-1,abhdfcpljigenkom
9,10,0,8533,DEL_EXPLORED,-4
9,10,1,8533,DEL_EXPLORED,-4
9,10,2,8533,DEL_CUTOFF,1
9,10,3,8533,DEL_EXPLORED,1
9,10,4,8533,DEL_EXPLORED,4
9,10,0,8534,POP,4,fbhdjcleagponkmi
9,10,1,8534,POP,4,fbhdjceiagplnkom
9,10,2,8534,DEL_EXPLORED,-1
9,10,3,8534,DEL_CUTOFF,4
9,10,4,8534,POP,-4,bahdfcpljigenkom
9,10,0,8535,DEL_EXPLORED,-4
9,10,1,8535,DEL_EXPLORED,-4
9,10,2,8535,DEL_CUTOFF,4
9,10,3,8535,DEL_CUTOFF,-4
9,10,4,8535,POP,-1,bchdfapljigenkom
9,10,0,8536,POP,4,fbhdaclejgponkmi
9,10,1,8536,POP,4,fbhdaceijgplnkom
9,10,2,8536,DEL_CUTOFF,-4
9,10,3,8536,POP,-1,bchdfgleanimpjko
9,10,4,8536,DEL_EXPLORED,4
9,10,0,8537,POP,-1,abhdfclejgponkmi
9,10,1,8537,POP,-1,abhdfceijgplnkom
9,10,2,8537,POP,1,bchdfglenoaikpjm
9,10,3,8537,DEL_EXPLORED,4
9,10,4,8537,PUSH,-4,bcadfphljigenkom,4,-1,1
9,10,0,8538,DEL_EXPLORED,4
9,10,1,8538,DEL_EXPLORED,4
9,10,2,8538,PUSH,-1,bchdfgleanoikpjm,-4,4,1
9,10,3,8538,PUSH,-4,bchdfalengimpjko,-4,4,-1,1
9,10,4,8538,PUSH,1,bcdafphljigenkom,4,-1
9,10,0,8539,POP,-4,bahdfclejgponkmi
9,10,1,8539,POP,-4,bahdfceijgplnkom
9,10,2,8539,DEL_EXPLORED,1
9,10,3,8539,DEL_CUTOFF,1
9,10,4,8539,DEL_EXPLORED,-1
9,10,0,8540,POP,-4,bchdfalejgponkmi
9,10,1,8540,POP,-4,bchdfaeijgplnkom
9,10,2,8540,DEL_CUTOFF,4
9,10,3,8540,DEL_CUTOFF,-1
9,10,4,8540,PUSH,4,bcdlfphajigenkom,-4,4,-1
9,10,0,8541,POP,-1,bchdfglejaponkmi
9,10,1,8541,POP,-1,bchdfgeijaplnkom
9,10,2,8541,DEL_CUTOFF,-4
9,10,3,8541,DEL_EXPLORED,4
9,10,4,8541,DEL_CUTOFF,-1
9,10,0,8542,PUSH,4,bchdfglejpmonkai,-4,-1,1
9,10,1,8542,PUSH,4,bchdfgeijpolnkam,-4,-1,1
9,10,2,8542,POP,-1,bchdfgleanoikpjm
9,10,3,8542,DEL_CUTOFF,-4
9,10,4,8542,DEL_CUTOFF,4
9,10,0,8543,PUSH,1,bchdfglejpmonkia,-4,-1
9,10,1,8543,PUSH,1,bchdfgeijpolnkma,-4,-1
9,10,2,8543,DEL_EXPLORED,4
9,10,3,8543,POP,-4,bchdfalengimpjko
9,10,4,8543,DEL_EXPLORED,-4
9,10,0,8544,DEL_EXPLORED,-1
9,10,1,8544,DEL_EXPLORED,-1
9,10,2,8544,PUSH,-4,bchdfalengoikpjm,-4,4,-1,1
9,10,3,8544,POP,-4,bchdfglenaimpjko
9,10,4,8544,POP,4,bcdlfphajigenkom
9,10,0,8545,PUSH,-4,bchdfglejpmankio,-4,4,-1
9,10,1,8545,PUSH,-4,bchdfgeijpoankml,-4,4,-1
9,10,2,8545,DEL_CUTOFF,1
9,10,3,8545,POP,1,bchdfglenjimpako
9,10,4,8545,POP,1,bcdafphljigenkom
9,10,0,8546,PUSH,-1,bchdfglejpamnkio,-4,4,-1,1
9,10,1,8546,PUSH,-1,bchdfgeijpaonkml,-4,4,-1,1
9,10,2,8546,DEL_CUTOFF,-1
9,10,3,8546,DEL_EXPLORED,-4
9,10,4,8546,PUSH,-1,bacdfphljigenkom,4,-1,1
9,10,0,8547,DEL_EXPLORED,1
9,10,1,8547,DEL_EXPLORED,1
9,10,2,8547,DEL_EXPLORED,4
9,10,3,8547,POP,4,bchdfglenjimapko
9,10,4,8547,DEL_EXPLORED,1
9,10,0,8548,PUSH,-1,bchdfglejapmnkio,-4,4,-1,1
9,10,1,8548,PUSH,-1,bchdfgeijaponkml,-4,4,-1,1
9,10,2,8548,DEL_CUTOFF,-4
9,10,3,8548,PUSH,-4,bchdaglefjimnpko,-4,4,1
9,10,4,8548,PUSH,-1,abcdfphljigenkom,4,1
9,10,0,8549,DEL_EXPLORED,1
9,10,1,8549,DEL_EXPLORED,1
9,10,2,8549,POP,-4,bchdfalengoikpjm
9,10,3,8549,PUSH,1,bchdgalefjimnpko,-4,4,-1,1
9,10,4,8549,DEL_EXPLORED,1
9,10,0,8550,PUSH,-1,bchdfgleajpmnkio,-4,4,1
9,10,1,8550,PUSH,-1,bchdfgeiajponkml,-4,4,1
9,10,2,8550,POP,-4,bchdfglenaoikpjm
9,10,3,8550,PUSH,1,bchdglaefjimnpko,-4,4,-1,1
9,10,4,8550,DEL_CUTOFF,4
9,10,0,8551,DEL_EXPLORED,1
9,10,1,8551,DEL_EXPLORED,1
9,10,2,8551,POP,-1,bchdfglenpoikajm
9,10,3,8551,PUSH,1,bchdgleafjimnpko,-4,4,-1
9,10,4,8551,POP,-1,abcdfphljigenkom
9,10,0,8552,DEL_CUTOFF,4
9,10,1,8552,DEL_CUTOFF,4
9,10,2,8552,DEL_EXPLORED,-4
9,10,3,8552,DEL_EXPLORED,-1
9,10,4,8552,PUSH,4,bpcdfahljigenkom,-4,4,-1,1
9,10,0,8553,DEL_CUTOFF,-4
9,10,1,8553,DEL_CUTOFF,-4
9,10,2,8553,POP,4,bchdfglenpoikjam
9,10,3,8553,DEL_CUTOFF,4
9,10,4,8553,DEL_CUTOFF,1
9,10,0,8554,POP,-1,bchdfgleajpmnkio
9,10,1,8554,POP,-1,bchdfgeiajponkml
9,10,2,8554,PUSH,-4,bchdfgaenplikjom,-4,4,-1,1
9,10,3,8554,DEL_CUTOFF,-4
9,10,4,8554,DEL_CUTOFF,-1
9,10,0,8555,PUSH,4,bchdfglejkpmnaio,-4,-1,1
9,10,1,8555,PUSH,4,bchdfgeijkponaml,-4,-1,1
9,10,2,8555,PUSH,1,bchdfgeanplikjom,-4,4,-1
9,10,3,8555,POP,1,bchdgleafjimnpko
9,10,4,8555,DEL_CUTOFF,4
9,10,0,8556,DEL_CUTOFF,1
9,10,1,8556,DEL_CUTOFF,1
9,10,2,8556,DEL_EXPLORED,-1
9,10,3,8556,DEL_EXPLORED,-1
9,10,4,8556,DEL_EXPLORED,-4
9,10,0,8557,DEL_CUTOFF,-1
9,10,1,8557,DEL_CUTOFF,-1
9,10,2,8557,PUSH,4,bchdfgeinplakjom,-4,4,-1
9,10,3,8557,PUSH,4,bchdgliefjamnpko,-4,4,-1,1
9,10,4,8557,POP,4,bpcdfahljigenkom
9,10,0,8558,DEL_EXPLORED,-4
9,10,1,8558,DEL_EXPLORED,-4
9,10,2,8558,PUSH,-1,bchdfgeinpalkjom,-4,4,-1,1
9,10,3,8558,DEL_CUTOFF,1
9,10,4,8558,POP,-1,bacdfphljigenkom
9,10,0,8559,POP,4,bchdfglejkpmnaio
9,10,1,8559,POP,4,bchdfgeijkponaml
9,10,2,8559,DEL_EXPLORED,1
9,10,3,8559,DEL_CUTOFF,-1
9,10,4,8559,DEL_EXPLORED,4
9,10,0,8560,PUSH,-4,bchdfalejgpmnkio,-4,4,-1,1
9,10,1,8560,PUSH,-4,bchdfaeijgponkml,-4,4,-1,1
9,10,2,8560,DEL_CUTOFF,-1
9,10,3,8560,DEL_CUTOFF,4
9,10,4,8560,POP,-4,bcadfphljigenkom
9,10,0,8561,DEL_CUTOFF,1
9,10,1,8561,DEL_CUTOFF,1
9,10,2,8561,DEL_CUTOFF,4
9,10,3,8561,DEL_EXPLORED,-4
9,10,4,8561,POP,-4,bchdfpaljigenkom
9,10,0,8562,DEL_CUTOFF,-1
9,10,1,8562,DEL_CUTOFF,-1
9,10,2,8562,DEL_CUTOFF,-4
9,10,3,8562,POP,4,bchdgliefjamnpko
9,10,4,8562,POP,1,bchdfpgljiaenkom
9,10,0,8563,DEL_EXPLORED,4
9,10,1,8563,DEL_EXPLORED,4
9,10,2,8563,POP,-1,bchdfgeinpalkjom
9,10,3,8563,PUSH,-4,bcadglhefjimnpko,4,-1,1
9,10,4,8563,PUSH,-1,bchdfpglajienkom,-4,4,1
9,10,0,8564,DEL_CUTOFF,-4
9,10,1,8564,DEL_CUTOFF,-4
9,10,2,8564,PUSH,4,bchdfgeinplmkjoa,-4,-1
9,10,3,8564,DEL_CUTOFF,1
9,10,4,8564,DEL_EXPLORED,1
9,10,0,8565,POP,-4,bchdfalejgpmnkio
9,10,1,8565,POP,-4,bchdfaeijgponkml
9,10,2,8565,DEL_CUTOFF,-1
9,10,3,8565,DEL_CUTOFF,-1
9,10,4,8565,PUSH,4,bchdfpglnjieakom,-4,1
9,10,0,8566,POP,-1,bchdfglejapmnkio
9,10,1,8566,POP,-1,bchdfgeijaponkml
9,10,2,8566,DEL_EXPLORED,-4
9,10,3,8566,DEL_EXPLORED,4
9,10,4,8566,PUSH,1,bchdfpglnjiekaom,-4,-1,1
9,10,0,8567,PUSH,4,bchdfglejpimnkao,-4,-1,1
9,10,1,8567,PUSH,4,bchdfgeijpmonkal,-4,-1,1
9,10,2,8567,POP,4,bchdfgeinplmkjoa
9,10,3,8567,POP,-4,bcadglhefjimnpko
9,10,4,8567,PUSH,1,bchdfpglnjiekoam,-4,-1,1
9,10,0,8568,PUSH,1,bchdfglejpimnkoa,-4,-1
9,10,1,8568,PUSH,1,bchdfgeijpmonkla,-4,-1
9,10,2,8568,DEL_EXPLORED,-4
9,10,3,8568,POP,1,bchdglaefjimnpko
9,10,4,8568,PUSH,1,bchdfpglnjiekoma,-4,-1
9,10,0,8569,DEL_EXPLORED,-1
9,10,1,8569,DEL_EXPLORED,-1
9,10,2,8569,POP,4,bchdfgeinplakjom
9,10,3,8569,DEL_EXPLORED,-1
9,10,4,8569,DEL_EXPLORED,-1
9,10,0,8570,DEL_CUTOFF,-4
9,10,1,8570,DEL_CUTOFF,-4
9,10,2,8570,PUSH,-4,bchafgednplikjom,4,-1
9,10,3,8570,PUSH,4,bchdgjlefaimnpko,-4,4,-1,1
9,10,4,8570,DEL_CUTOFF,-4
9,10,0,8571,POP,1,bchdfglejpimnkoa
9,10,1,8571,POP,1,bchdfgeijpmonkla
9,10,2,8571,PUSH,-1,bcahfgednplikjom,4,-1,1
9,10,3,8571,PUSH,1,bchdgjlefiamnpko,-4,4,-1,1
9,10,4,8571,POP,1,bchdfpglnjiekoma
9,10,0,8572,PUSH,-1,bchdfglejpimnako,-4,-1,1
9,10,1,8572,PUSH,-1,bchdfgeijpmonakl,-4,-1,1
9,10,2,8572,DEL_EXPLORED,1
9,10,3,8572,DEL_CUTOFF,1
9,10,4,8572,DEL_EXPLORED,-1
9,10,0,8573,DEL_EXPLORED,1
9,10,1,8573,DEL_EXPLORED,1
9,10,2,8573,DEL_CUTOFF,-1
9,10,3,8573,DEL_EXPLORED,-1
9,10,4,8573,PUSH,-4,bchdfpglnjaekoim,-4,4,-1,1
9,10,0,8574,DEL_CUTOFF,-1
9,10,1,8574,DEL_CUTOFF,-1
9,10,2,8574,DEL_CUTOFF,4
9,10,3,8574,DEL_CUTOFF,4
9,10,4,8574,DEL_CUTOFF,1
9,10,0,8575,DEL_CUTOFF,-4
9,10,1,8575,DEL_CUTOFF,-4
9,10,2,8575,POP,-1,bcahfgednplikjom
9,10,3,8575,DEL_CUTOFF,-4
9,10,4,8575,DEL_CUTOFF,-1
9,10,0,8576,POP,-1,bchdfglejpimnako
9,10,1,8576,POP,-1,bchdfgeijpmonakl
9,10,2,8576,DEL_EXPLORED,4
9,10,3,8576,POP,1,bchdgjlefiamnpko
9,10,4,8576,DEL_EXPLORED,4
9,10,0,8577,DEL_EXPLORED,-4
9,10,1,8577,DEL_EXPLORED,-4
9,10,2,8577,POP,-4,bchafgednplikjom
9,10,3,8577,PUSH,-1,bchdgjleafimnpko,-4,4,1
9,10,4,8577,DEL_CUTOFF,-4
9,10,0,8578,POP,4,bchdfglejpimnkao
9,10,1,8578,POP,4,bchdfgeijpmonkal
9,10,2,8578,POP,1,bchdfgeanplikjom
9,10,3,8578,DEL_EXPLORED,1
9,10,4,8578,POP,-4,bchdfpglnjaekoim
9,10,0,8579,PUSH,-4,bchdfgaejplmnkio,-4,4,-1,1
9,10,1,8579,PUSH,-4,bchdfgaijpeonkml,-4,4,-1,1
9,10,2,8579,PUSH,-1,bchdfagenplikjom,-4,4,-1,1
9,10,3,8579,DEL_CUTOFF,4
9,10,4,8579,POP,1,bchdfpglnjiekoam
9,10,0,8580,PUSH,1,bchdfgeajplmnkio,-4,4,-1
9,10,1,8580,PUSH,1,bchdfgiajpeonkml,-4,4,-1
9,10,2,8580,DEL_EXPLORED,1
9,10,3,8580,DEL_CUTOFF,-4
9,10,4,8580,DEL_EXPLORED,-1
9,10,0,8581,DEL_EXPLORED,-1
9,10,1,8581,DEL_EXPLORED,-1
9,10,2,8581,PUSH,-1,bchdafgenplikjom,-4,4,1
9,10,3,8581,POP,-1,bchdgjleafimnpko
9,10,4,8581,PUSH,-4,bchdfpglnaiekjom,-4,4,-1,1
9,10,0,8582,DEL_CUTOFF,4
9,10,1,8582,DEL_CUTOFF,4
9,10,2,8582,DEL_EXPLORED,1
9,10,3,8582,PUSH,4,bchdgjlefpimnako,-4,-1,1
9,10,4,8582,PUSH,1,bchdfpglniaekjom,-4,4,-1,1
9,10,0,8583,DEL_CUTOFF,-4
9,10,1,8583,DEL_CUTOFF,-4
9,10,2,8583,PUSH,4,bchdnfgeaplikjom,-4,4,1
9,10,3,8583,DEL_CUTOFF,1
9,10,4,8583,DEL_CUTOFF,1
9,10,0,8584,POP,1,bchdfgeajplmnkio
9,10,1,8584,POP,1,bchdfgiajpeonkml
9,10,2,8584,DEL_CUTOFF,1
9,10,3,8584,DEL_CUTOFF,-1
9,10,4,8584,DEL_EXPLORED,-1
9,10,0,8585,PUSH,-1,bchdfagejplmnkio,-4,4,-1,1
9,10,1,8585,PUSH,-1,bchdfagijpeonkml,-4,4,-1,1
9,10,2,8585,DEL_CUTOFF,4
9,10,3,8585,DEL_EXPLORED,-4
9,10,4,8585,DEL_CUTOFF,4
9,10,0,8586,DEL_EXPLORED,1
9,10,1,8586,DEL_EXPLORED,1
9,10,2,8586,DEL_EXPLORED,-4
9,10,3,8586,POP,4,bchdgjlefpimnako
9,10,4,8586,DEL_CUTOFF,-4
9,10,0,8587,DEL_CUTOFF,-1
9,10,1,8587,DEL_CUTOFF,-1
9,10,2,8587,POP,4,bchdnfgeaplikjom
9,10,3,8587,DEL_EXPLORED,-4
9,10,4,8587,POP,1,bchdfpglniaekjom
9,10,0,8588,DEL_CUTOFF,4
9,10,1,8588,DEL_CUTOFF,4
9,10,2,8588,PUSH,-4,achdbfgenplikjom,4,1
9,10,3,8588,POP,4,bchdgjlefaimnpko
9,10,4,8588,PUSH,-1,bchdfpglaniekjom,-4,4,1
9,10,0,8589,DEL_CUTOFF,-4
9,10,1,8589,DEL_CUTOFF,-4
9,10,2,8589,DEL_CUTOFF,1
9,10,3,8589,PUSH,-4,bahdgclefjimnpko,4,-1,1
9,10,4,8589,DEL_EXPLORED,1
9,10,0,8590,POP,-1,bchdfagejplmnkio
9,10,1,8590,POP,-1,bchdfagijpeonkml
9,10,2,8590,DEL_EXPLORED,4
9,10,3,8590,PUSH,1,bhadgclefjimnpko,4,-1,1
9,10,4,8590,DEL_CUTOFF,4
9,10,0,8591,DEL_EXPLORED,4
9,10,1,8591,DEL_EXPLORED,4
9,10,2,8591,POP,-4,achdbfgenplikjom
9,10,3,8591,DEL_CUTOFF,1
9,10,4,8591,DEL_CUTOFF,-4
9,10,0,8592,PUSH,-4,bcadfghejplmnkio,4,-1,1
9,10,1,8592,PUSH,-4,bcadfghijpeonkml,4,-1,1
9,10,2,8592,POP,-1,bchdafgenplikjom
9,10,3,8592,DEL_EXPLORED,-1
9,10,4,8592,POP,-1,bchdfpglaniekjom
9,10,0,8593,DEL_CUTOFF,1
9,10,1,8593,DEL_CUTOFF,1
9,10,2,8593,PUSH,4,bchdfpgenalikjom,-4,4,-1,1
9,10,3,8593,DEL_CUTOFF,4
9,10,4,8593,DEL_EXPLORED,4
9,10,0,8594,DEL_CUTOFF,-1
9,10,1,8594,DEL_CUTOFF,-1
9,10,2,8594,PUSH,1,bchdfpgenlaikjom,-4,4,-1,1
9,10,3,8594,POP,1,bhadgclefjimnpko
9,10,4,8594,PUSH,-4,bchdfaglnpiekjom,-4,4,-1,1
9,10,0,8595,DEL_EXPLORED,4
9,10,1,8595,DEL_EXPLORED,4
9,10,2,8595,DEL_CUTOFF,1
9,10,3,8595,PUSH,-1,abhdgclefjimnpko,4,1
9,10,4,8595,DEL_CUTOFF,1
9,10,0,8596,POP,-4,bcadfghejplmnkio
9,10,1,8596,POP,-4,bcadfghijpeonkml
9,10,2,8596,DEL_EXPLORED,-1
9,10,3,8596,DEL_EXPLORED,1
9,10,4,8596,DEL_CUTOFF,-1
9,10,0,8597,POP,-4,bchdfgaejplmnkio
9,10,1,8597,POP,-4,bchdfgaijpeonkml
9,10,2,8597,DEL_CUTOFF,4
9,10,3,8597,DEL_CUTOFF,4
9,10,4,8597,DEL_EXPLORED,4
9,10,0,8598,POP,-1,bchdfglejpamnkio
9,10,1,8598,POP,-1,bchdfgeijpaonkml
9,10,2,8598,DEL_CUTOFF,-4
9,10,3,8598,POP,-1,abhdgclefjimnpko
9,10,4,8598,DEL_CUTOFF,-4
9,10,0,8599,DEL_EXPLORED,4
9,10,1,8599,DEL_EXPLORED,4
9,10,2,8599,POP,1,bchdfpgenlaikjom
9,10,3,8599,DEL_EXPLORED,4
9,10,4,8599,POP,-4,bchdfaglnpiekjom
9,10,0,8600,PUSH,-4,bchdfglajpmenkio,-4,4,-1
9,10,1,8600,PUSH,-4,bchdfgeajpoinkml,-4,4,-1
9,10,2,8600,PUSH,-1,bchdfpgeanlikjom,-4,4,1
9,10,3,8600,POP,-4,bahdgclefjimnpko
9,10,4,8600,POP,-4,bchdfpglnaiekjom
9,10,0,8601,PUSH,-1,bchdfgaljpmenkio,-4,4,-1,1
9,10,1,8601,PUSH,-1,bchdfgaejpoinkml,-4,4,-1,1
9,10,2,8601,DEL_EXPLORED,1
9,10,3,8601,POP,1,bchdgalefjimnpko
9,10,4,8601,POP,1,bchdfpglnjiekaom
9,10,0,8602,DEL_EXPLORED,1
9,10,1,8602,DEL_EXPLORED,1
9,10,2,8602,DEL_CUTOFF,4
9,10,3,8602,DEL_EXPLORED,4
9,10,4,8602,DEL_EXPLORED,-4
9,10,0,8603,PUSH,-1,bchdfagljpmenkio,-4,4,-1,1
9,10,1,8603,PUSH,-1,bchdfagejpoinkml,-4,4,-1,1
9,10,2,8603,DEL_CUTOFF,-4
9,10,3,8603,PUSH,-4,achdbglefjimnpko,4,1
9,10,4,8603,POP,4,bchdfpglnjieakom
9,10,0,8604,DEL_EXPLORED,1
9,10,1,8604,DEL_EXPLORED,1
9,10,2,8604,POP,-1,bchdfpgeanlikjom
9,10,3,8604,PUSH,1,cahdbglefjimnpko,4,-1,1
9,10,4,8604,PUSH,-4,bchdapglfjienkom,-4,4,1
9,10,0,8605,DEL_CUTOFF,-1
9,10,1,8605,DEL_CUTOFF,-1
9,10,2,8605,PUSH,4,bchdfpgenjlikaom,-4,-1,1
9,10,3,8605,PUSH,1,chadbglefjimnpko,4,-1,1
9,10,4,8605,PUSH,1,bchdpaglfjienkom,-4,4,-1,1
9,10,0,8606,DEL_CUTOFF,4
9,10,1,8606,DEL_CUTOFF,4
9,10,2,8606,DEL_CUTOFF,1
9,10,3,8606,DEL_CUTOFF,1
9,10,4,8606,PUSH,1,bchdpgalfjienkom,-4,4,-1,1
9,10,0,8607,DEL_CUTOFF,-4
9,10,1,8607,DEL_CUTOFF,-4
9,10,2,8607,DEL_CUTOFF,-1
9,10,3,8607,DEL_EXPLORED,-1
9,10,4,8607,PUSH,1,bchdpglafjienkom,-4,4,-1
9,10,0,8608,POP,-1,bchdfagljpmenkio
9,10,1,8608,POP,-1,bchdfagejpoinkml
9,10,2,8608,DEL_EXPLORED,-4
9,10,3,8608,DEL_CUTOFF,4
9,10,4,8608,DEL_EXPLORED,-1
9,10,0,8609,PUSH,4,bchdfgmljpaenkio,-4,4,-1,1
9,10,1,8609,PUSH,4,bchdfgoejpainkml,-4,4,-1,1
9,10,2,8609,POP,4,bchdfpgenjlikaom
9,10,3,8609,POP,1,chadbglefjimnpko
9,10,4,8609,DEL_CUTOFF,4
9,10,0,8610,DEL_CUTOFF,1
9,10,1,8610,DEL_CUTOFF,1
9,10,2,8610,DEL_EXPLORED,-4
9,10,3,8610,DEL_EXPLORED,-1
9,10,4,8610,DEL_CUTOFF,-4
9,10,0,8611,DEL_CUTOFF,-1
9,10,1,8611,DEL_CUTOFF,-1
9,10,2,8611,POP,4,bchdfpgenalikjom
9,10,3,8611,PUSH,4,cghdbalefjimnpko,-4,4,-1,1
9,10,4,8611,POP,1,bchdpglafjienkom
9,10,0,8612,DEL_CUTOFF,4
9,10,1,8612,DEL_CUTOFF,4
9,10,2,8612,PUSH,-4,bahdfcgenplikjom,4,-1,1
9,10,3,8612,DEL_CUTOFF,1
9,10,4,8612,DEL_EXPLORED,-1
9,10,0,8613,DEL_EXPLORED,-4
9,10,1,8613,DEL_EXPLORED,-4
9,10,2,8613,PUSH,1,bhadfcgenplikjom,4,-1,1
9,10,3,8613,DEL_CUTOFF,-1
9,10,4,8613,PUSH,4,bchdpgilfjaenkom,-4,4,-1,1
9,10,0,8614,POP,4,bchdfgmljpaenkio
9,10,1,8614,POP,4,bchdfgoejpainkml
9,10,2,8614,DEL_CUTOFF,1
9,10,3,8614,DEL_CUTOFF,4
9,10,4,8614,DEL_CUTOFF,1
9,10,0,8615,PUSH,-4,bcadfghljpmenkio,4,-1,1
9,10,1,8615,PUSH,-4,bcadfghejpoinkml,4,-1,1
9,10,2,8615,DEL_EXPLORED,-1
9,10,3,8615,DEL_EXPLORED,-4
9,10,4,8615,DEL_CUTOFF,-1
9,10,0,8616,DEL_CUTOFF,1
9,10,1,8616,DEL_CUTOFF,1
9,10,2,8616,DEL_CUTOFF,4
9,10,3,8616,POP,4,cghdbalefjimnpko
9,10,4,8616,DEL_CUTOFF,4
9,10,0,8617,DEL_CUTOFF,-1
9,10,1,8617,DEL_CUTOFF,-1
9,10,2,8617,POP,1,bhadfcgenplikjom
9,10,3,8617,POP,1,cahdbglefjimnpko
9,10,4,8617,DEL_EXPLORED,-4
9,10,0,8618,DEL_EXPLORED,4
9,10,1,8618,DEL_EXPLORED,4
9,10,2,8618,PUSH,-1,abhdfcgenplikjom,4,1
9,10,3,8618,DEL_EXPLORED,4
9,10,4,8618,POP,4,bchdpgilfjaenkom
9,10,0,8619,POP,-4,bcadfghljpmenkio
9,10,1,8619,POP,-4,bcadfghejpoinkml
9,10,2,8619,DEL_EXPLORED,1
9,10,3,8619,POP,-4,achdbglefjimnpko
9,10,4,8619,PUSH,-4,bcadpghlfjienkom,4,-1,1
9,10,0,8620,POP,-1,bchdfgaljpmenkio
9,10,1,8620,POP,-1,bchdfgaejpoinkml
9,10,2,8620,DEL_CUTOFF,4
9,10,3,8620,POP,-4,bchdaglefjimnpko
9,10,4,8620,DEL_CUTOFF,1
9,10,0,8621,DEL_EXPLORED,4
9,10,1,8621,DEL_EXPLORED,4
9,10,2,8621,POP,-1,abhdfcgenplikjom
9,10,3,8621,POP,-1,bchdfgleajimnpko
9,10,4,8621,DEL_CUTOFF,-1
9,10,0,8622,PUSH,-4,bchafgldjpmenkio,4,-1
9,10,1,8622,PUSH,-4,bchafgedjpoinkml,4,-1
9,10,2,8622,DEL_EXPLORED,4
9,10,3,8622,DEL_EXPLORED,4
9,10,4,8622,DEL_EXPLORED,4
9,10,0,8623,PUSH,-1,bcahfgldjpmenkio,4,-1,1
9,10,1,8623,PUSH,-1,bcahfgedjpoinkml,4,-1,1
9,10,2,8623,POP,-4,bahdfcgenplikjom
9,10,3,8623,PUSH,-4,bchdfalejgimnpko,-4,4,-1,1
9,10,4,8623,POP,-4,bcadpghlfjienkom
9,10,0,8624,DEL_EXPLORED,1
9,10,1,8624,DEL_EXPLORED,1
9,10,2,8624,POP,-1,bchdfagenplikjom
9,10,3,8624,PUSH,1,bchdflaejgimnpko,-4,4,-1,1
9,10,4,8624,POP,1,bchdpgalfjienkom
9,10,0,8625,DEL_CUTOFF,-1
9,10,1,8625,DEL_CUTOFF,-1
9,10,2,8625,DEL_EXPLORED,4
9,10,3,8625,PUSH,1,bchdfleajgimnpko,-4,4,-1
9,10,4,8625,DEL_EXPLORED,-1
9,10,0,8626,DEL_CUTOFF,4
9,10,1,8626,DEL_CUTOFF,4
9,10,2,8626,PUSH,-4,bcadfghenplikjom,4,-1,1
9,10,3,8626,DEL_EXPLORED,-1
9,10,4,8626,PUSH,4,bchdpjglfaienkom,-4,4,-1,1
9,10,0,8627,POP,-1,bcahfgldjpmenkio
9,10,1,8627,POP,-1,bcahfgedjpoinkml
9,10,2,8627,PUSH,1,bcdafghenplikjom,4,-1
9,10,3,8627,PUSH,4,bchdflemjgianpko,-4,4,-1
9,10,4,8627,PUSH,1,bchdpjglfiaenkom,-4,4,-1,1
9,10,0,8628,DEL_EXPLORED,4
9,10,1,8628,DEL_EXPLORED,4
9,10,2,8628,DEL_EXPLORED,-1
9,10,3,8628,PUSH,-1,bchdflemjgainpko,-4,4,-1,1
9,10,4,8628,DEL_CUTOFF,1
9,10,0,8629,POP,-4,bchafgldjpmenkio
9,10,1,8629,POP,-4,bchafgedjpoinkml
9,10,2,8629,PUSH,4,bcdefghanplikjom,-4,4,-1
9,10,3,8629,DEL_EXPLORED,1
9,10,4,8629,DEL_EXPLORED,-1
9,10,0,8630,POP,-4,bchdfglajpmenkio
9,10,1,8630,POP,-4,bchdfgeajpoinkml
9,10,2,8630,DEL_CUTOFF,-1
9,10,3,8630,DEL_CUTOFF,-1
9,10,4,8630,DEL_CUTOFF,4
9,10,0,8631,POP,-4,bchdfglejpmankio
9,10,1,8631,POP,-4,bchdfgeijpoankml
9,10,2,8631,DEL_CUTOFF,4
9,10,3,8631,DEL_CUTOFF,4
9,10,4,8631,DEL_CUTOFF,-4
9,10,0,8632,POP,1,bchdfglejpmonkia
9,10,1,8632,POP,1,bchdfgeijpolnkma
9,10,2,8632,DEL_EXPLORED,-4
9,10,3,8632,DEL_CUTOFF,-4
9,10,4,8632,POP,1,bchdpjglfiaenkom
9,10,0,8633,PUSH,-1,bchdfglejpmonaki,-4,-1,1
9,10,1,8633,PUSH,-1,bchdfgeijpolnakm,-4,-1,1
9,10,2,8633,POP,4,bcdefghanplikjom
9,10,3,8633,POP,-1,bchdflemjgainpko
9,10,4,8633,PUSH,-1,bchdpjglafienkom,-4,4,1
9,10,0,8634,DEL_EXPLORED,1
9,10,1,8634,DEL_EXPLORED,1
9,10,2,8634,POP,1,bcdafghenplikjom
9,10,3,8634,PUSH,4,bchdflemjgionpka,-4,-1
9,10,4,8634,DEL_EXPLORED,1
9,10,0,8635,PUSH,-1,bchdfglejpmoanki,-4,1
9,10,1,8635,PUSH,-1,bchdfgeijpolankm,-4,1
9,10,2,8635,PUSH,-1,bacdfghenplikjom,4,-1,1
9,10,3,8635,DEL_CUTOFF,-1
9,10,4,8635,DEL_CUTOFF,4
9,10,0,8636,DEL_EXPLORED,1
9,10,1,8636,DEL_EXPLORED,1
9,10,2,8636,DEL_EXPLORED,1
9,10,3,8636,DEL_EXPLORED,-4
9,10,4,8636,DEL_CUTOFF,-4
9,10,0,8637,PUSH,-4,bchdfgleapmojnki,-4,4,1
9,10,1,8637,PUSH,-4,bchdfgeiapoljnkm,-4,4,1
9,10,2,8637,PUSH,-1,abcdfghenplikjom,4,1
9,10,3,8637,POP,4,bchdflemjgionpka
9,10,4,8637,POP,-1,bchdpjglafienkom
9,10,0,8638,PUSH,1,bchdfglepamojnki,-4,4,-1,1
9,10,1,8638,PUSH,1,bchdfgeipaoljnkm,-4,4,-1,1
9,10,2,8638,DEL_EXPLORED,1
9,10,3,8638,DEL_EXPLORED,-4
9,10,4,8638,PUSH,4,bchdpjglfkienaom,-4,-1,1
9,10,0,8639,PUSH,1,bchdfglepmaojnki,-4,4,-1,1
9,10,1,8639,PUSH,1,bchdfgeipoaljnkm,-4,4,-1,1
9,10,2,8639,DEL_CUTOFF,4
9,10,3,8639,POP,4,bchdflemjgianpko
9,10,4,8639,DEL_CUTOFF,1
9,10,0,8640,DEL_CUTOFF,1
9,10,1,8640,DEL_CUTOFF,1
9,10,2,8640,POP,-1,abcdfghenplikjom
9,10,3,8640,PUSH,-4,bchafledjgimnpko,4,-1
9,10,4,8640,DEL_CUTOFF,-1
9,10,0,8641,DEL_EXPLORED,-1
9,10,1,8641,DEL_EXPLORED,-1
9,10,2,8641,PUSH,4,bgcdfahenplikjom,-4,4,-1,1
9,10,3,8641,PUSH,-1,bcahfledjgimnpko,4,-1,1
9,10,4,8641,DEL_EXPLORED,-4
9,10,0,8642,DEL_CUTOFF,4
9,10,1,8642,DEL_CUTOFF,4
9,10,2,8642,DEL_CUTOFF,1
9,10,3,8642,DEL_EXPLORED,1
9,10,4,8642,POP,4,bchdpjglfkienaom
9,10,0,8643,DEL_CUTOFF,-4
9,10,1,8643,DEL_CUTOFF,-4
9,10,2,8643,DEL_CUTOFF,-1
9,10,3,8643,DEL_CUTOFF,-1
9,10,4,8643,DEL_EXPLORED,-4
9,10,0,8644,POP,1,bchdfglepmaojnki
9,10,1,8644,POP,1,bchdfgeipoaljnkm
9,10,2,8644,DEL_CUTOFF,4
9,10,3,8644,DEL_CUTOFF,4
9,10,4,8644,POP,4,bchdpjglfaienkom
9,10,0,8645,DEL_EXPLORED,-1
9,10,1,8645,DEL_EXPLORED,-1
9,10,2,8645,DEL_EXPLORED,-4
9,10,3,8645,POP,-1,bcahfledjgimnpko
9,10,4,8645,PUSH,-4,bahdpcglfjienkom,4,-1,1
9,10,0,8646,PUSH,4,bchdfglepnmojaki,-4,-1,1
9,10,1,8646,PUSH,4,bchdfgeipnoljakm,-4,-1,1
9,10,2,8646,POP,4,bgcdfahenplikjom
9,10,3,8646,DEL_EXPLORED,4
9,10,4,8646,PUSH,1,bhadpcglfjienkom,4,-1,1
9,10,0,8647,DEL_CUTOFF,1
9,10,1,8647,DEL_CUTOFF,1
9,10,2,8647,POP,-1,bacdfghenplikjom
9,10,3,8647,POP,-4,bchafledjgimnpko
9,10,4,8647,DEL_CUTOFF,1
9,10,0,8648,DEL_CUTOFF,-1
9,10,1,8648,DEL_CUTOFF,-1
9,10,2,8648,DEL_EXPLORED,4
9,10,3,8648,POP,1,bchdfleajgimnpko
9,10,4,8648,DEL_EXPLORED,-1
9,10,0,8649,DEL_EXPLORED,-4
9,10,1,8649,DEL_EXPLORED,-4
9,10,2,8649,POP,-4,bcadfghenplikjom
9,10,3,8649,DEL_EXPLORED,-1
9,10,4,8649,DEL_CUTOFF,4
9,10,0,8650,POP,4,bchdfglepnmojaki
9,10,1,8650,POP,4,bchdfgeipnoljakm
9,10,2,8650,POP,-4,bchdfgaenplikjom
9,10,3,8650,PUSH,4,bchdfliejgamnpko,-4,4,-1,1
9,10,4,8650,POP,1,bhadpcglfjienkom
9,10,0,8651,PUSH,-4,bchdfalepgmojnki,-4,4,-1,1
9,10,1,8651,PUSH,-4,bchdfaeipgoljnkm,-4,4,-1,1
9,10,2,8651,POP,1,bchdfglenpaikjom
9,10,3,8651,PUSH,1,bchdfliejgmanpko,-4,4,-1
9,10,4,8651,PUSH,-1,abhdpcglfjienkom,4,1
9,10,0,8652,DEL_CUTOFF,1
9,10,1,8652,DEL_CUTOFF,1
9,10,2,8652,PUSH,-1,bchdfgleanpikjom,-4,4,1
9,10,3,8652,DEL_EXPLORED,-1
9,10,4,8652,DEL_EXPLORED,1
9,10,0,8653,DEL_CUTOFF,-1
9,10,1,8653,DEL_CUTOFF,-1
9,10,2,8653,DEL_EXPLORED,1
9,10,3,8653,PUSH,4,bchdfliejgmonpka,-4,-1
9,10,4,8653,DEL_CUTOFF,4
9,10,0,8654,DEL_EXPLORED,4
9,10,1,8654,DEL_EXPLORED,4
9,10,2,8654,PUSH,4,bchdfgleknpiajom,-4,1
9,10,3,8654,DEL_CUTOFF,-1
9,10,4,8654,POP,-1,abhdpcglfjienkom
9,10,0,8655,DEL_CUTOFF,-4
9,10,1,8655,DEL_CUTOFF,-4
9,10,2,8655,PUSH,1,bchdfgleknpijaom,-4,-1,1
9,10,3,8655,DEL_EXPLORED,-4
9,10,4,8655,DEL_EXPLORED,4
9,10,0,8656,POP,-4,bchdfalepgmojnki
9,10,1,8656,POP,-4,bchdfaeipgoljnkm
9,10,2,8656,PUSH,1,bchdfgleknpijoam,-4,-1,1
9,10,3,8656,POP,4,bchdfliejgmonpka
9,10,4,8656,POP,-4,bahdpcglfjienkom
9,10,0,8657,POP,1,bchdfglepamojnki
9,10,1,8657,POP,1,bchdfgeipaoljnkm
9,10,2,8657,PUSH,1,bchdfgleknpijoma,-4,-1
9,10,3,8657,PUSH,-4,bchdfliajgmenpko,-4,4,-1
9,10,4,8657,POP,1,bchdpaglfjienkom
9,10,0,8658,DEL_EXPLORED,4
9,10,1,8658,DEL_EXPLORED,4
9,10,2,8658,DEL_EXPLORED,-1
9,10,3,8658,DEL_CUTOFF,-1
9,10,4,8658,DEL_EXPLORED,4
9,10,0,8659,PUSH,-4,bchdaglefpmojnki,-4,4,1
9,10,1,8659,PUSH,-4,bchdageifpoljnkm,-4,4,1
9,10,2,8659,DEL_CUTOFF,-4
9,10,3,8659,DEL_EXPLORED,4
9,10,4,8659,PUSH,-4,achdbpglfjienkom,4,1
9,10,0,8660,PUSH,1,bchdgalefpmojnki,-4,4,-1,1
9,10,1,8660,PUSH,1,bchdgaeifpoljnkm,-4,4,-1,1
9,10,2,8660,POP,1,bchdfgleknpijoma
9,10,3,8660,DEL_CUTOFF,-4
9,10,4,8660,PUSH,1,cahdbpglfjienkom,4,-1,1
9,10,0,8661,DEL_CUTOFF,1
9,10,1,8661,DEL_CUTOFF,1
9,10,2,8661,DEL_EXPLORED,-1
9,10,3,8661,POP,-4,bchdfliajgmenpko
9,10,4,8661,PUSH,1,chadbpglfjienkom,4,-1,1
9,10,0,8662,DEL_EXPLORED,-1
9,10,1,8662,DEL_EXPLORED,-1
9,10,2,8662,PUSH,-4,bchdfgleknaijopm,-4,4,-1,1
9,10,3,8662,POP,1,bchdfliejgmanpko
9,10,4,8662,DEL_CUTOFF,1
9,10,0,8663,DEL_CUTOFF,4
9,10,1,8663,DEL_CUTOFF,4
9,10,2,8663,DEL_CUTOFF,1
9,10,3,8663,PUSH,-1,bchdfliejagmnpko,-4,4,-1,1
9,10,4,8663,DEL_EXPLORED,-1
9,10,0,8664,DEL_CUTOFF,-4
9,10,1,8664,DEL_CUTOFF,-4
9,10,2,8664,DEL_CUTOFF,-1
9,10,3,8664,DEL_EXPLORED,1
9,10,4,8664,DEL_CUTOFF,4
9,10,0,8665,POP,1,bchdgalefpmojnki
9,10,1,8665,POP,1,bchdgaeifpoljnkm
9,10,2,8665,DEL_EXPLORED,4
9,10,3,8665,PUSH,-1,bchdflieajgmnpko,-4,4,1
9,10,4,8665,POP,1,chadbpglfjienkom
9,10,0,8666,DEL_EXPLORED,4
9,10,1,8666,DEL_EXPLORED,4
9,10,2,8666,DEL_CUTOFF,-4
9,10,3,8666,DEL_EXPLORED,1
9,10,4,8666,DEL_EXPLORED,-1
9,10,0,8667,PUSH,-4,achdbglefpmojnki,4,1
9,10,1,8667,PUSH,-4,achdbgeifpoljnkm,4,1
9,10,2,8667,POP,-4,bchdfgleknaijopm
9,10,3,8667,DEL_CUTOFF,4
9,10,4,8667,PUSH,4,cphdbaglfjienkom,-4,4,-1,1
9,10,0,8668,DEL_CUTOFF,1
9,10,1,8668,DEL_CUTOFF,1
9,10,2,8668,POP,1,bchdfgleknpijoam
9,10,3,8668,DEL_CUTOFF,-4
9,10,4,8668,DEL_CUTOFF,1
9,10,0,8669,DEL_EXPLORED,4
9,10,1,8669,DEL_EXPLORED,4
9,10,2,8669,DEL_EXPLORED,-1
9,10,3,8669,POP,-1,bchdflieajgmnpko
9,10,4,8669,DEL_CUTOFF,-1
9,10,0,8670,POP,-4,achdbglefpmojnki
9,10,1,8670,POP,-4,achdbgeifpoljnkm
9,10,2,8670,PUSH,-4,bchdfglekapijnom,-4,4,-1,1
9,10,3,8670,PUSH,4,bchdfliejpgmnako,-4,-1,1
9,10,4,8670,DEL_CUTOFF,4
9,10,0,8671,POP,-4,bchdaglefpmojnki
9,10,1,8671,POP,-4,bchdageifpoljnkm
9,10,2,8671,PUSH,1,bchdfglekpaijnom,-4,4,-1,1
9,10,3,8671,DEL_CUTOFF,1
9,10,4,8671,DEL_EXPLORED,-4
9,10,0,8672,POP,-4,bchdfgleapmojnki
9,10,1,8672,POP,-4,bchdfgeiapoljnkm
9,10,2,8672,DEL_CUTOFF,1
9,10,3,8672,DEL_CUTOFF,-1
9,10,4,8672,POP,4,cphdbaglfjienkom
9,10,0,8673,POP,-1,bchdfglejpmoanki
9,10,1,8673,POP,-1,bchdfgeijpolankm
9,10,2,8673,DEL_EXPLORED,-1
9,10,3,8673,DEL_EXPLORED,-4
9,10,4,8673,POP,1,cahdbpglfjienkom
9,10,0,8674,PUSH,-4,bchdfglejamonpki,-4,4,-1,1
9,10,1,8674,PUSH,-4,bchdfgeijaolnpkm,-4,4,-1,1
9,10,2,8674,DEL_CUTOFF,4
9,10,3,8674,POP,4,bchdfliejpgmnako
9,10,4,8674,DEL_EXPLORED,4
9,10,0,8675,PUSH,1,bchdfglejmaonpki,-4,4,-1,1
9,10,1,8675,PUSH,1,bchdfgeijoalnpkm,-4,4,-1,1
9,10,2,8675,DEL_CUTOFF,-4
9,10,3,8675,PUSH,-4,bchdfaiejlgmnpko,-4,4,-1,1
9,10,4,8675,POP,-4,achdbpglfjienkom
9,10,0,8676,PUSH,1,bchdfglejmoanpki,-4,4,-1
9,10,1,8676,PUSH,1,bchdfgeijolanpkm,-4,4,-1
9,10,2,8676,POP,1,bchdfglekpaijnom
9,10,3,8676,DEL_CUTOFF,1
9,10,4,8676,POP,-4,bchdapglfjienkom
9,10,0,8677,DEL_EXPLORED,-1
9,10,1,8677,DEL_EXPLORED,-1
9,10,2,8677,PUSH,-1,bchdfgleakpijnom,-4,4,1
9,10,3,8677,DEL_CUTOFF,-1
9,10,4,8677,POP,-1,bchdfpglajienkom
9,10,0,8678,PUSH,4,bchdfglejmoinpka,-4,-1
9,10,1,8678,PUSH,4,bchdfgeijolmnpka,-4,-1
9,10,2,8678,DEL_EXPLORED,1
9,10,3,8678,DEL_EXPLORED,4
9,10,4,8678,PUSH,4,bchdfpgljkienaom,-4,-1,1
9,10,0,8679,DEL_CUTOFF,-1
9,10,1,8679,DEL_CUTOFF,-1
9,10,2,8679,DEL_CUTOFF,4
9,10,3,8679,DEL_CUTOFF,-4
9,10,4,8679,PUSH,1,bchdfpgljkienoam,-4,-1,1
9,10,0,8680,DEL_EXPLORED,-4
9,10,1,8680,DEL_EXPLORED,-4
9,10,2,8680,DEL_CUTOFF,-4
9,10,3,8680,POP,-4,bchdfaiejlgmnpko
9,10,4,8680,PUSH,1,bchdfpgljkienoma,-4,-1
9,10,0,8681,POP,4,bchdfglejmoinpka
9,10,1,8681,POP,4,bchdfgeijolmnpka
9,10,2,8681,POP,-1,bchdfgleakpijnom
9,10,3,8681,POP,-1,bchdfliejagmnpko
9,10,4,8681,DEL_EXPLORED,-1
9,10,0,8682,PUSH,-4,bchdfglajmoenpki,-4,4,-1
9,10,1,8682,PUSH,-4,bchdfgeajolinpkm,-4,4,-1
9,10,2,8682,DEL_EXPLORED,4
9,10,3,8682,PUSH,4,bchdfliejgkmnpao,-4,-1,1
9,10,4,8682,PUSH,-4,bchdfpgljkianome,-4,4,-1
9,10,0,8683,DEL_CUTOFF,-1
9,10,1,8683,DEL_CUTOFF,-1
9,10,2,8683,PUSH,-4,bchdfalekgpijnom,-4,4,-1,1
9,10,3,8683,PUSH,1,bchdfliejgkmnpoa,-4,-1
9,10,4,8683,PUSH,-1,bchdfpgljkainome,-4,4,-1,1
9,10,0,8684,DEL_EXPLORED,4
9,10,1,8684,DEL_EXPLORED,4
9,10,2,8684,DEL_CUTOFF,1
9,10,3,8684,DEL_EXPLORED,-1
9,10,4,8684,DEL_EXPLORED,1
9,10,0,8685,DEL_CUTOFF,-4
9,10,1,8685,DEL_CUTOFF,-4
9,10,2,8685,DEL_CUTOFF,-1
9,10,3,8685,DEL_CUTOFF,-4
9,10,4,8685,DEL_CUTOFF,-1
9,10,0,8686,POP,-4,bchdfglajmoenpki
9,10,1,8686,POP,-4,bchdfgeajolinpkm
9,10,2,8686,DEL_EXPLORED,4
9,10,3,8686,POP,1,bchdfliejgkmnpoa
9,10,4,8686,DEL_CUTOFF,4
9,10,0,8687,POP,1,bchdfglejmoanpki
9,10,1,8687,POP,1,bchdfgeijolanpkm
9,10,2,8687,DEL_CUTOFF,-4
9,10,3,8687,PUSH,-1,bchdfliejgkmnapo,-4,-1,1
9,10,4,8687,DEL_CUTOFF,-4
9,10,0,8688,DEL_EXPLORED,-1
9,10,1,8688,DEL_EXPLORED,-1
9,10,2,8688,POP,-4,bchdfalekgpijnom
9,10,3,8688,DEL_EXPLORED,1
9,10,4,8688,POP,-1,bchdfpgljkainome
9,10,0,8689,PUSH,4,bchdfglejmkonpai,-4,-1,1
9,10,1,8689,PUSH,4,bchdfgeijoklnpam,-4,-1,1
9,10,2,8689,POP,-4,bchdfglekapijnom
9,10,3,8689,DEL_CUTOFF,-1
9,10,4,8689,DEL_EXPLORED,4
9,10,0,8690,PUSH,1,bchdfglejmkonpia,-4,-1
9,10,1,8690,PUSH,1,bchdfgeijoklnpma,-4,-1
9,10,2,8690,POP,1,bchdfgleknpijaom
9,10,3,8690,DEL_CUTOFF,-4
9,10,4,8690,PUSH,-4,bchdfpgajkilnome,-4,4,-1
9,10,0,8691,DEL_EXPLORED,-1
9,10,1,8691,DEL_EXPLORED,-1
9,10,2,8691,DEL_EXPLORED,-4
9,10,3,8691,POP,-1,bchdfliejgkmnapo
9,10,4,8691,DEL_CUTOFF,-1
9,10,0,8692,DEL_CUTOFF,-4
9,10,1,8692,DEL_CUTOFF,-4
9,10,2,8692,POP,4,bchdfgleknpiajom
9,10,3,8692,DEL_EXPLORED,-4
9,10,4,8692,DEL_EXPLORED,4
9,10,0,8693,POP,1,bchdfglejmkonpia
9,10,1,8693,POP,1,bchdfgeijoklnpma
9,10,2,8693,PUSH,-4,bchdaglefnpikjom,-4,4,1
9,10,3,8693,POP,4,bchdfliejgkmnpao
9,10,4,8693,DEL_CUTOFF,-4
9,10,0,8694,PUSH,-1,bchdfglejmkonapi,-4,-1,1
9,10,1,8694,PUSH,-1,bchdfgeijoklnapm,-4,-1,1
9,10,2,8694,PUSH,1,bchdgalefnpikjom,-4,4,-1,1
9,10,3,8694,DEL_EXPLORED,-4
9,10,4,8694,POP,-4,bchdfpgajkilnome
9,10,0,8695,DEL_EXPLORED,1
9,10,1,8695,DEL_EXPLORED,1
9,10,2,8695,PUSH,1,bchdglaefnpikjom,-4,4,-1,1
9,10,3,8695,POP,4,bchdfliejgamnpko
9,10,4,8695,POP,-4,bchdfpgljkianome
9,10,0,8696,DEL_CUTOFF,-1
9,10,1,8696,DEL_CUTOFF,-1
9,10,2,8696,PUSH,1,bchdgleafnpikjom,-4,4,-1
9,10,3,8696,PUSH,-4,bcadflhejgimnpko,4,-1,1
9,10,4,8696,POP,1,bchdfpgljkienoma
9,10,0,8697,DEL_CUTOFF,-4
9,10,1,8697,DEL_CUTOFF,-4
9,10,2,8697,DEL_EXPLORED,-1
9,10,3,8697,PUSH,1,bcdaflhejgimnpko,4,-1
9,10,4,8697,DEL_EXPLORED,-1
9,10,0,8698,POP,-1,bchdfglejmkonapi
9,10,1,8698,POP,-1,bchdfgeijoklnapm
9,10,2,8698,DEL_CUTOFF,4
9,10,3,8698,DEL_EXPLORED,-1
9,10,4,8698,PUSH,-4,bchdfpgljkaenoim,-4,4,-1,1
9,10,0,8699,DEL_EXPLORED,-4
9,10,1,8699,DEL_EXPLORED,-4
9,10,2,8699,DEL_CUTOFF,-4
9,10,3,8699,PUSH,4,bcdeflhajgimnpko,-4,4,-1
9,10,4,8699,PUSH,1,bchdfpgljkeanoim,-4,4,-1
9,10,0,8700,POP,4,bchdfglejmkonpai
9,10,1,8700,POP,4,bchdfgeijoklnpam
9,10,2,8700,POP,1,bchdgleafnpikjom
9,10,3,8700,DEL_CUTOFF,-1
9,10,4,8700,DEL_EXPLORED,-1
9,10,0,8701,PUSH,-4,bchdfgaejmlonpki,-4,4,-1,1
9,10,1,8701,PUSH,-4,bchdfgaijoelnpkm,-4,4,-1,1
9,10,2,8701,DEL_EXPLORED,-1
9,10,3,8701,DEL_CUTOFF,4
9,10,4,8701,PUSH,4,bchdfpgljkemnoia,-4,-1
9,10,0,8702,PUSH,1,bchdfgeajmlonpki,-4,4,-1
9,10,1,8702,PUSH,1,bchdfgiajoelnpkm,-4,4,-1
9,10,2,8702,PUSH,4,bchdglpefnaikjom,-4,4,-1,1
9,10,3,8702,DEL_EXPLORED,-4
9,10,4,8702,DEL_CUTOFF,-1
9,10,0,8703,DEL_EXPLORED,-1
9,10,1,8703,DEL_EXPLORED,-1
9,10,2,8703,DEL_CUTOFF,1
9,10,3,8703,POP,4,bcdeflhajgimnpko
9,10,4,8703,DEL_EXPLORED,-4
9,10,0,8704,DEL_CUTOFF,4
9,10,1,8704,DEL_CUTOFF,4
9,10,2,8704,DEL_CUTOFF,-1
9,10,3,8704,POP,1,bcdaflhejgimnpko
9,10,4,8704,POP,4,bchdfpgljkemnoia
9,10,0,8705,DEL_CUTOFF,-4
9,10,1,8705,DEL_CUTOFF,-4
9,10,2,8705,DEL_CUTOFF,4
9,10,3,8705,PUSH,-1,bacdflhejgimnpko,4,-1,1
9,10,4,8705,PUSH,-4,bchdfpgajkelnoim,-4,4,-1
9,10,0,8706,POP,1,bchdfgeajmlonpki
9,10,1,8706,POP,1,bchdfgiajoelnpkm
9,10,2,8706,DEL_EXPLORED,-4
9,10,3,8706,DEL_EXPLORED,1
9,10,4,8706,DEL_CUTOFF,-1
9,10,0,8707,PUSH,-1,bchdfagejmlonpki,-4,4,-1,1
9,10,1,8707,PUSH,-1,bchdfagijoelnpkm,-4,4,-1,1
9,10,2,8707,POP,4,bchdglpefnaikjom
9,10,3,8707,PUSH,-1,abcdflhejgimnpko,4,1
9,10,4,8707,DEL_EXPLORED,4
9,10,0,8708,DEL_EXPLORED,1
9,10,1,8708,DEL_EXPLORED,1
9,10,2,8708,PUSH,-4,bcadglhefnpikjom,4,-1,1
9,10,3,8708,DEL_EXPLORED,1
9,10,4,8708,DEL_CUTOFF,-4
9,10,0,8709,DEL_CUTOFF,-1
9,10,1,8709,DEL_CUTOFF,-1
9,10,2,8709,DEL_CUTOFF,1
9,10,3,8709,DEL_CUTOFF,4
9,10,4,8709,POP,-4,bchdfpgajkelnoim
9,10,0,8710,DEL_CUTOFF,4
9,10,1,8710,DEL_CUTOFF,4
9,10,2,8710,DEL_CUTOFF,-1
9,10,3,8710,POP,-1,abcdflhejgimnpko
9,10,4,8710,POP,1,bchdfpgljkeanoim
9,10,0,8711,DEL_CUTOFF,-4
9,10,1,8711,DEL_CUTOFF,-4
9,10,2,8711,DEL_EXPLORED,4
9,10,3,8711,PUSH,4,blcdfahejgimnpko,-4,4,-1,1
9,10,4,8711,PUSH,-1,bchdfpgljakenoim,-4,4,-1,1
9,10,0,8712,POP,-1,bchdfagejmlonpki
9,10,1,8712,POP,-1,bchdfagijoelnpkm
9,10,2,8712,POP,-4,bcadglhefnpikjom
9,10,3,8712,DEL_CUTOFF,1
9,10,4,8712,DEL_EXPLORED,1
9,10,0,8713,DEL_EXPLORED,4
9,10,1,8713,DEL_EXPLORED,4
9,10,2,8713,POP,1,bchdglaefnpikjom
9,10,3,8713,DEL_CUTOFF,-1
9,10,4,8713,PUSH,-1,bchdfpglajkenoim,-4,4,1
9,10,0,8714,PUSH,-4,bcadfghejmlonpki,4,-1,1
9,10,1,8714,PUSH,-4,bcadfghijoelnpkm,4,-1,1
9,10,2,8714,DEL_EXPLORED,-1
9,10,3,8714,DEL_CUTOFF,4
9,10,4,8714,DEL_EXPLORED,1
9,10,0,8715,DEL_CUTOFF,1
9,10,1,8715,DEL_CUTOFF,1
9,10,2,8715,PUSH,4,bchdgnlefapikjom,-4,4,-1,1
9,10,3,8715,DEL_EXPLORED,-4
9,10,4,8715,DEL_CUTOFF,4
9,10,0,8716,DEL_CUTOFF,-1
9,10,1,8716,DEL_CUTOFF,-1
9,10,2,8716,PUSH,1,bchdgnlefpaikjom,-4,4,-1,1
9,10,3,8716,POP,4,blcdfahejgimnpko
9,10,4,8716,DEL_CUTOFF,-4
9,10,0,8717,DEL_EXPLORED,4
9,10,1,8717,DEL_EXPLORED,4
9,10,2,8717,DEL_CUTOFF,1
9,10,3,8717,POP,-1,bacdflhejgimnpko
9,10,4,8717,POP,-1,bchdfpglajkenoim
9,10,0,8718,POP,-4,bcadfghejmlonpki
9,10,1,8718,POP,-4,bcadfghijoelnpkm
9,10,2,8718,DEL_EXPLORED,-1
9,10,3,8718,DEL_EXPLORED,4
9,10,4,8718,PUSH,4,bchdfpgljokenaim,-4,-1,1
9,10,0,8719,POP,-4,bchdfgaejmlonpki
9,10,1,8719,POP,-4,bchdfgaijoelnpkm
9,10,2,8719,DEL_CUTOFF,4
9,10,3,8719,POP,-4,bcadflhejgimnpko
9,10,4,8719,DEL_CUTOFF,1
9,10,0,8720,POP,1,bchdfglejmaonpki
9,10,1,8720,POP,1,bchdfgeijoalnpkm
9,10,2,8720,DEL_CUTOFF,-4
9,10,3,8720,POP,1,bchdflaejgimnpko
9,10,4,8720,DEL_CUTOFF,-1
9,10,0,8721,PUSH,-1,bchdfgleajmonpki,-4,4,1
9,10,1,8721,PUSH,-1,bchdfgeiajolnpkm,-4,4,1
9,10,2,8721,POP,1,bchdgnlefpaikjom
9,10,3,8721,PUSH,-1,bchdaflejgimnpko,-4,4,1
9,10,4,8721,DEL_EXPLORED,-4
9,10,0,8722,DEL_EXPLORED,1
9,10,1,8722,DEL_EXPLORED,1
9,10,2,8722,PUSH,-1,bchdgnleafpikjom,-4,4,1
9,10,3,8722,DEL_EXPLORED,1
9,10,4,8722,POP,4,bchdfpgljokenaim
9,10,0,8723,PUSH,4,bchdfglenjmoapki,-4,1
9,10,1,8723,PUSH,4,bchdfgeinjolapkm,-4,1
9,10,2,8723,DEL_EXPLORED,1
9,10,3,8723,PUSH,4,bchdjfleagimnpko,-4,4,1
9,10,4,8723,PUSH,-4,bchdfagljpkenoim,-4,4,-1,1
9,10,0,8724,PUSH,1,bchdfglenjmopaki,-4,-1,1
9,10,1,8724,PUSH,1,bchdfgeinjolpakm,-4,-1,1
9,10,2,8724,DEL_CUTOFF,4
9,10,3,8724,PUSH,1,bchdjflegaimnpko,-4,4,-1,1
9,10,4,8724,DEL_CUTOFF,1
9,10,0,8725,DEL_CUTOFF,1
9,10,1,8725,DEL_CUTOFF,1
9,10,2,8725,DEL_CUTOFF,-4
9,10,3,8725,PUSH,1,bchdjflegiamnpko,-4,4,-1,1
9,10,4,8725,DEL_CUTOFF,-1
9,10,0,8726,DEL_EXPLORED,-1
9,10,1,8726,DEL_EXPLORED,-1
9,10,2,8726,POP,-1,bchdgnleafpikjom
9,10,3,8726,DEL_CUTOFF,1
9,10,4,8726,DEL_EXPLORED,4
9,10,0,8727,DEL_CUTOFF,-4
9,10,1,8727,DEL_CUTOFF,-4
9,10,2,8727,PUSH,4,bchdgnlefjpikaom,-4,-1,1
9,10,3,8727,DEL_EXPLORED,-1
9,10,4,8727,DEL_CUTOFF,-4
9,10,0,8728,POP,1,bchdfglenjmopaki
9,10,1,8728,POP,1,bchdfgeinjolpakm
9,10,2,8728,DEL_CUTOFF,1
9,10,3,8728,DEL_CUTOFF,4
9,10,4,8728,POP,-4,bchdfagljpkenoim
9,10,0,8729,DEL_EXPLORED,-4
9,10,1,8729,DEL_EXPLORED,-4
9,10,2,8729,DEL_CUTOFF,-1
9,10,3,8729,DEL_CUTOFF,-4
9,10,4,8729,POP,-1,bchdfpgljakenoim
9,10,0,8730,POP,4,bchdfglenjmoapki
9,10,1,8730,POP,4,bchdfgeinjolapkm
9,10,2,8730,DEL_EXPLORED,-4
9,10,3,8730,POP,1,bchdjflegiamnpko
9,10,4,8730,DEL_EXPLORED,4
9,10,0,8731,PUSH,-4,bchdaglefjmonpki,-4,4,1
9,10,1,8731,PUSH,-4,bchdageifjolnpkm,-4,4,1
9,10,2,8731,POP,4,bchdgnlefjpikaom
9,10,3,8731,DEL_EXPLORED,-1
9,10,4,8731,PUSH,-4,bchdfpaljkgenoim,-4,4,-1,1
9,10,0,8732,PUSH,1,bchdgalefjmonpki,-4,4,-1,1
9,10,1,8732,PUSH,1,bchdgaeifjolnpkm,-4,4,-1,1
9,10,2,8732,DEL_EXPLORED,-4
9,10,3,8732,PUSH,4,bchdjflegpimnako,-4,-1,1
9,10,4,8732,PUSH,1,bchdfplajkgenoim,-4,4,-1
9,10,0,8733,DEL_CUTOFF,1
9,10,1,8733,DEL_CUTOFF,1
9,10,2,8733,POP,4,bchdgnlefapikjom
9,10,3,8733,DEL_CUTOFF,1
9,10,4,8733,DEL_EXPLORED,-1
9,10,0,8734,DEL_EXPLORED,-1
9,10,1,8734,DEL_EXPLORED,-1
9,10,2,8734,PUSH,-4,bahdgclefnpikjom,4,-1,1
9,10,3,8734,DEL_CUTOFF,-1
9,10,4,8734,DEL_CUTOFF,4
9,10,0,8735,DEL_CUTOFF,4
9,10,1,8735,DEL_CUTOFF,4
9,10,2,8735,PUSH,1,bhadgclefnpikjom,4,-1,1
9,10,3,8735,DEL_EXPLORED,-4
9,10,4,8735,DEL_CUTOFF,-4
9,10,0,8736,DEL_CUTOFF,-4
9,10,1,8736,DEL_CUTOFF,-4
9,10,2,8736,DEL_CUTOFF,1
9,10,3,8736,POP,4,bchdjflegpimnako
9,10,4,8736,POP,1,bchdfplajkgenoim
9,10,0,8737,POP,1,bchdgalefjmonpki
9,10,1,8737,POP,1,bchdgaeifjolnpkm
9,10,2,8737,DEL_EXPLORED,-1
9,10,3,8737,PUSH,-4,bchdjalegfimnpko,-4,4,-1,1
9,10,4,8737,PUSH,-1,bchdfapljkgenoim,-4,4,-1,1
9,10,0,8738,DEL_EXPLORED,4
9,10,1,8738,DEL_EXPLORED,4
9,10,2,8738,DEL_CUTOFF,4
9,10,3,8738,DEL_CUTOFF,1
9,10,4,8738,DEL_EXPLORED,1
9,10,0,8739,PUSH,-4,achdbglefjmonpki,4,1
9,10,1,8739,PUSH,-4,achdbgeifjolnpkm,4,1
9,10,2,8739,POP,1,bhadgclefnpikjom
9,10,3,8739,DEL_CUTOFF,-1
9,10,4,8739,DEL_CUTOFF,-1
9,10,0,8740,DEL_CUTOFF,1
9,10,1,8740,DEL_CUTOFF,1
9,10,2,8740,PUSH,-1,abhdgclefnpikjom,4,1
9,10,3,8740,DEL_EXPLORED,4
9,10,4,8740,DEL_CUTOFF,4
9,10,0,8741,DEL_EXPLORED,4
9,10,1,8741,DEL_EXPLORED,4
9,10,2,8741,DEL_EXPLORED,1
9,10,3,8741,DEL_CUTOFF,-4
9,10,4,8741,DEL_CUTOFF,-4
9,10,0,8742,POP,-4,achdbglefjmonpki
9,10,1,8742,POP,-4,achdbgeifjolnpkm
9,10,2,8742,DEL_CUTOFF,4
9,10,3,8742,POP,-4,bchdjalegfimnpko
9,10,4,8742,POP,-1,bchdfapljkgenoim
9,10,0,8743,POP,-4,bchdaglefjmonpki
9,10,1,8743,POP,-4,bchdageifjolnpkm
9,10,2,8743,POP,-1,abhdgclefnpikjom
9,10,3,8743,POP,1,bchdjflegaimnpko
9,10,4,8743,DEL_EXPLORED,4
9,10,0,8744,POP,-1,bchdfgleajmonpki
9,10,1,8744,POP,-1,bchdfgeiajolnpkm
9,10,2,8744,DEL_EXPLORED,4
9,10,3,8744,PUSH,4,bchdjflengimapko,-4,1
9,10,4,8744,PUSH,-4,bcadfphljkgenoim,4,-1,1
9,10,0,8745,DEL_EXPLORED,4
9,10,1,8745,DEL_EXPLORED,4
9,10,2,8745,POP,-4,bahdgclefnpikjom
9,10,3,8745,PUSH,1,bchdjflengimpako,-4,-1,1
9,10,4,8745,DEL_CUTOFF,1
9,10,0,8746,PUSH,-4,bchdfalejgmonpki,-4,4,-1,1
9,10,1,8746,PUSH,-4,bchdfaeijgolnpkm,-4,4,-1,1
9,10,2,8746,POP,1,bchdgalefnpikjom
9,10,3,8746,DEL_CUTOFF,1
9,10,4,8746,DEL_CUTOFF,-1
9,10,0,8747,PUSH,1,bchdflaejgmonpki,-4,4,-1,1
9,10,1,8747,PUSH,1,bchdfeaijgolnpkm,-4,4,-1,1
9,10,2,8747,DEL_EXPLORED,4
9,10,3,8747,DEL_EXPLORED,-1
9,10,4,8747,DEL_EXPLORED,4
9,10,0,8748,PUSH,1,bchdfleajgmonpki,-4,4,-1
9,10,1,8748,PUSH,1,bchdfeiajgolnpkm,-4,4,-1
9,10,2,8748,PUSH,-4,achdbglefnpikjom,4,1
9,10,3,8748,DEL_CUTOFF,-4
9,10,4,8748,POP,-4,bcadfphljkgenoim
9,10,0,8749,DEL_EXPLORED,-1
9,10,1,8749,DEL_EXPLORED,-1
9,10,2,8749,PUSH,1,cahdbglefnpikjom,4,-1,1
9,10,3,8749,POP,1,bchdjflengimpako
9,10,4,8749,POP,-4,bchdfpaljkgenoim
9,10,0,8750,DEL_CUTOFF,4
9,10,1,8750,DEL_CUTOFF,4
9,10,2,8750,PUSH,1,chadbglefnpikjom,4,-1,1
9,10,3,8750,DEL_EXPLORED,-4
9,10,4,8750,POP,-4,bchdfpgljkaenoim
9,10,0,8751,DEL_CUTOFF,-4
9,10,1,8751,DEL_CUTOFF,-4
9,10,2,8751,DEL_CUTOFF,1
9,10,3,8751,POP,4,bchdjflengimapko
9,10,4,8751,POP,1,bchdfpgljkienoam
9,10,0,8752,POP,1,bchdfleajgmonpki
9,10,1,8752,POP,1,bchdfeiajgolnpkm
9,10,2,8752,DEL_EXPLORED,-1
9,10,3,8752,DEL_EXPLORED,-4
9,10,4,8752,PUSH,-1,bchdfpgljkieanom,-4,1
9,10,0,8753,DEL_EXPLORED,-1
9,10,1,8753,DEL_EXPLORED,-1
9,10,2,8753,DEL_CUTOFF,4
9,10,3,8753,POP,4,bchdjfleagimnpko
9,10,4,8753,DEL_EXPLORED,1
9,10,0,8754,PUSH,4,bchdflmejgaonpki,-4,4,-1,1
9,10,1,8754,PUSH,4,bchdfeoijgalnpkm,-4,4,-1,1
9,10,2,8754,POP,1,chadbglefnpikjom
9,10,3,8754,PUSH,-4,achdbflejgimnpko,4,1
9,10,4,8754,PUSH,-4,bchdfpglakiejnom,-4,4,1
9,10,0,8755,DEL_CUTOFF,1
9,10,1,8755,DEL_CUTOFF,1
9,10,2,8755,DEL_EXPLORED,-1
9,10,3,8755,PUSH,1,cahdbflejgimnpko,4,-1,1
9,10,4,8755,PUSH,1,bchdfpglkaiejnom,-4,4,-1,1
9,10,0,8756,DEL_CUTOFF,-1
9,10,1,8756,DEL_CUTOFF,-1
9,10,2,8756,PUSH,4,cghdbalefnpikjom,-4,4,-1,1
9,10,3,8756,PUSH,1,chadbflejgimnpko,4,-1,1
9,10,4,8756,PUSH,1,bchdfpglkiaejnom,-4,4,-1,1
9,10,0,8757,DEL_CUTOFF,4
9,10,1,8757,DEL_CUTOFF,4
9,10,2,8757,DEL_CUTOFF,1
9,10,3,8757,DEL_CUTOFF,1
9,10,4,8757,DEL_CUTOFF,1
9,10,0,8758,DEL_EXPLORED,-4
9,10,1,8758,DEL_EXPLORED,-4
9,10,2,8758,DEL_CUTOFF,-1
9,10,3,8758,DEL_EXPLORED,-1
9,10,4,8758,DEL_EXPLORED,-1
9,10,0,8759,POP,4,bchdflmejgaonpki
9,10,1,8759,POP,4,bchdfeoijgalnpkm
9,10,2,8759,DEL_CUTOFF,4
9,10,3,8759,DEL_CUTOFF,4
9,10,4,8759,DEL_CUTOFF,4
9,10,0,8760,PUSH,-4,bcadflhejgmonpki,4,-1,1
9,10,1,8760,PUSH,-4,bcadfehijgolnpkm,4,-1,1
9,10,2,8760,DEL_EXPLORED,-4
9,10,3,8760,POP,1,chadbflejgimnpko
9,10,4,8760,DEL_CUTOFF,-4
9,10,0,8761,DEL_CUTOFF,1
9,10,1,8761,DEL_CUTOFF,1
9,10,2,8761,POP,4,cghdbalefnpikjom
9,10,3,8761,DEL_EXPLORED,-1
9,10,4,8761,POP,1,bchdfpglkiaejnom
9,10,0,8762,DEL_CUTOFF,-1
9,10,1,8762,DEL_CUTOFF,-1
9,10,2,8762,POP,1,cahdbglefnpikjom
9,10,3,8762,PUSH,4,cfhdbalejgimnpko,-4,4,-1,1
9,10,4,8762,DEL_EXPLORED,-1
9,10,0,8763,DEL_EXPLORED,4
9,10,1,8763,DEL_EXPLORED,4
9,10,2,8763,DEL_EXPLORED,4
9,10,3,8763,DEL_CUTOFF,1
9,10,4,8763,PUSH,4,bchdfpglkniejaom,-4,-1,1
9,10,0,8764,POP,-4,bcadflhejgmonpki
9,10,1,8764,POP,-4,bcadfehijgolnpkm
9,10,2,8764,POP,-4,achdbglefnpikjom
9,10,3,8764,DEL_CUTOFF,-1
9,10,4,8764,DEL_CUTOFF,1
9,10,0,8765,POP,1,bchdflaejgmonpki
9,10,1,8765,POP,1,bchdfeaijgolnpkm
9,10,2,8765,POP,-4,bchdaglefnpikjom
9,10,3,8765,DEL_CUTOFF,4
9,10,4,8765,DEL_CUTOFF,-1
9,10,0,8766,PUSH,-1,bchdaflejgmonpki,-4,4,1
9,10,1,8766,PUSH,-1,bchdafeijgolnpkm,-4,4,1
9,10,2,8766,POP,-1,bchdfgleanpikjom
9,10,3,8766,DEL_EXPLORED,-4
9,10,4,8766,DEL_EXPLORED,-4
9,10,0,8767,DEL_EXPLORED,1
9,10,1,8767,DEL_EXPLORED,1
9,10,2,8767,DEL_EXPLORED,4
9,10,3,8767,POP,4,cfhdbalejgimnpko
9,10,4,8767,POP,4,bchdfpglkniejaom
9,10,0,8768,PUSH,4,bchdjfleagmonpki,-4,4,1
9,10,1,8768,PUSH,4,bchdjfeiagolnpkm,-4,4,1
9,10,2,8768,PUSH,-4,bchdfalengpikjom,-4,4,-1,1
9,10,3,8768,POP,1,cahdbflejgimnpko
9,10,4,8768,PUSH,-4,bchdfaglkpiejnom,-4,4,-1,1
9,10,0,8769,DEL_CUTOFF,1
9,10,1,8769,DEL_CUTOFF,1
9,10,2,8769,PUSH,1,bchdflaengpikjom,-4,4,-1,1
9,10,3,8769,DEL_EXPLORED,4
9,10,4,8769,DEL_CUTOFF,1
9,10,0,8770,DEL_CUTOFF,4
9,10,1,8770,DEL_CUTOFF,4
9,10,2,8770,PUSH,1,bchdfleangpikjom,-4,4,-1
9,10,3,8770,POP,-4,achdbflejgimnpko
9,10,4,8770,DEL_CUTOFF,-1
9,10,0,8771,DEL_EXPLORED,-4
9,10,1,8771,DEL_EXPLORED,-4
9,10,2,8771,DEL_EXPLORED,-1
9,10,3,8771,POP,-1,bchdaflejgimnpko
9,10,4,8771,DEL_EXPLORED,4
9,10,0,8772,POP,4,bchdjfleagmonpki
9,10,1,8772,POP,4,bchdjfeiagolnpkm
9,10,2,8772,PUSH,4,bchdfleingpakjom,-4,4,-1
9,10,3,8772,DEL_EXPLORED,4
9,10,4,8772,DEL_CUTOFF,-4
9,10,0,8773,PUSH,-4,achdbflejgmonpki,4,1
9,10,1,8773,PUSH,-4,achdbfeijgolnpkm,4,1
9,10,2,8773,PUSH,-1,bchdfleingapkjom,-4,4,-1,1
9,10,3,8773,PUSH,-4,bahdfclejgimnpko,4,-1,1
9,10,4,8773,POP,-4,bchdfaglkpiejnom
9,10,0,8774,DEL_CUTOFF,1
9,10,1,8774,DEL_CUTOFF,1
9,10,2,8774,DEL_EXPLORED,1
9,10,3,8774,PUSH,1,bhadfclejgimnpko,4,-1,1
9,10,4,8774,POP,1,bchdfpglkaiejnom
9,10,0,8775,DEL_EXPLORED,4
9,10,1,8775,DEL_EXPLORED,4
9,10,2,8775,DEL_CUTOFF,-1
9,10,3,8775,PUSH,1,bhdafclejgimnpko,4,-1
9,10,4,8775,DEL_EXPLORED,4
9,10,0,8776,POP,-4,achdbflejgmonpki
9,10,1,8776,POP,-4,achdbfeijgolnpkm
9,10,2,8776,DEL_CUTOFF,4
9,10,3,8776,DEL_EXPLORED,-1
9,10,4,8776,PUSH,-4,bchdapglfkiejnom,-4,4,1
9,10,0,8777,POP,-1,bchdaflejgmonpki
9,10,1,8777,POP,-1,bchdafeijgolnpkm
9,10,2,8777,DEL_CUTOFF,-4
9,10,3,8777,PUSH,4,bhdefclajgimnpko,-4,4,-1
9,10,4,8777,PUSH,1,bchdpaglfkiejnom,-4,4,-1,1
9,10,0,8778,DEL_EXPLORED,4
9,10,1,8778,DEL_EXPLORED,4
9,10,2,8778,POP,-1,bchdfleingapkjom
9,10,3,8778,DEL_CUTOFF,-1
9,10,4,8778,DEL_CUTOFF,1
9,10,0,8779,PUSH,-4,bahdfclejgmonpki,4,-1,1
9,10,1,8779,PUSH,-4,bahdfceijgolnpkm,4,-1,1
9,10,2,8779,PUSH,4,bchdfleingpmkjoa,-4,-1
9,10,3,8779,DEL_CUTOFF,4
9,10,4,8779,DEL_EXPLORED,-1
9,10,0,8780,PUSH,1,bhadfclejgmonpki,4,-1,1
9,10,1,8780,PUSH,1,bhadfceijgolnpkm,4,-1,1
9,10,2,8780,DEL_CUTOFF,-1
9,10,3,8780,DEL_EXPLORED,-4
9,10,4,8780,DEL_CUTOFF,4
9,10,0,8781,DEL_CUTOFF,1
9,10,1,8781,DEL_CUTOFF,1
9,10,2,8781,DEL_EXPLORED,-4
9,10,3,8781,POP,4,bhdefclajgimnpko
9,10,4,8781,DEL_CUTOFF,-4
9,10,0,8782,DEL_EXPLORED,-1
9,10,1,8782,DEL_EXPLORED,-1
9,10,2,8782,POP,4,bchdfleingpmkjoa
9,10,3,8782,POP,1,bhdafclejgimnpko
9,10,4,8782,POP,1,bchdpaglfkiejnom
9,10,0,8783,DEL_CUTOFF,4
9,10,1,8783,DEL_CUTOFF,4
9,10,2,8783,DEL_EXPLORED,-4
9,10,3,8783,DEL_EXPLORED,-1
9,10,4,8783,DEL_EXPLORED,4
9,10,0,8784,POP,1,bhadfclejgmonpki
9,10,1,8784,POP,1,bhadfceijgolnpkm
9,10,2,8784,POP,4,bchdfleingpakjom
9,10,3,8784,PUSH,4,bhldfcaejgimnpko,-4,4,-1,1
9,10,4,8784,PUSH,-4,achdbpglfkiejnom,4,1
9,10,0,8785,PUSH,-1,abhdfclejgmonpki,4,1
9,10,1,8785,PUSH,-1,abhdfceijgolnpkm,4,1
9,10,2,8785,PUSH,-4,bchafledngpikjom,4,-1
9,10,3,8785,PUSH,1,bhldfceajgimnpko,-4,4,-1
9,10,4,8785,DEL_CUTOFF,1
9,10,0,8786,DEL_EXPLORED,1
9,10,1,8786,DEL_EXPLORED,1
9,10,2,8786,PUSH,-1,bcahfledngpikjom,4,-1,1
9,10,3,8786,DEL_EXPLORED,-1
9,10,4,8786,DEL_EXPLORED,4
9,10,0,8787,DEL_CUTOFF,4
9,10,1,8787,DEL_CUTOFF,4
9,10,2,8787,DEL_EXPLORED,1
9,10,3,8787,DEL_CUTOFF,4
9,10,4,8787,POP,-4,achdbpglfkiejnom
9,10,0,8788,POP,-1,abhdfclejgmonpki
9,10,1,8788,POP,-1,abhdfceijgolnpkm
9,10,2,8788,DEL_CUTOFF,-1
9,10,3,8788,DEL_CUTOFF,-4
9,10,4,8788,POP,-4,bchdapglfkiejnom
9,10,0,8789,DEL_EXPLORED,4
9,10,1,8789,DEL_EXPLORED,4
9,10,2,8789,DEL_CUTOFF,4
9,10,3,8789,POP,1,bhldfceajgimnpko
9,10,4,8789,POP,-4,bchdfpglakiejnom
9,10,0,8790,POP,-4,bahdfclejgmonpki
9,10,1,8790,POP,-4,bahdfceijgolnpkm
9,10,2,8790,POP,-1,bcahfledngpikjom
9,10,3,8790,PUSH,-1,bhldfacejgimnpko,-4,4,-1,1
9,10,4,8790,POP,-1,bchdfpgljkieanom
9,10,0,8791,POP,-4,bchdfalejgmonpki
9,10,1,8791,POP,-4,bchdfaeijgolnpkm
9,10,2,8791,DEL_EXPLORED,4
9,10,3,8791,DEL_EXPLORED,1
9,10,4,8791,DEL_EXPLORED,-4
9,10,0,8792,POP,-4,bchdfglejamonpki
9,10,1,8792,POP,-4,bchdfgeijaolnpkm
9,10,2,8792,POP,-4,bchafledngpikjom
9,10,3,8792,DEL_CUTOFF,-1
9,10,4,8792,POP,4,bchdfpgljkienaom
9,10,0,8793,POP,-1,bchdfglejpmonaki
9,10,1,8793,POP,-1,bchdfgeijpolnakm
9,10,2,8793,POP,1,bchdfleangpikjom
9,10,3,8793,DEL_CUTOFF,4
9,10,4,8793,DEL_EXPLORED,-4
9,10,0,8794,DEL_EXPLORED,-4
9,10,1,8794,DEL_EXPLORED,-4
9,10,2,8794,DEL_EXPLORED,-1
9,10,3,8794,DEL_CUTOFF,-4
9,10,4,8794,POP,4,bchdfpgljaienkom
9,10,0,8795,POP,4,bchdfglejpmonkai
9,10,1,8795,POP,4,bchdfgeijpolnkam
9,10,2,8795,PUSH,4,bchdflpengaikjom,-4,4,-1,1
9,10,3,8795,POP,-1,bhldfacejgimnpko
9,10,4,8795,PUSH,-4,bahdfcgljpienkom,4,-1,1
9,10,0,8796,PUSH,-4,bchdfgaejplonkmi,-4,4,-1,1
9,10,1,8796,PUSH,-4,bchdfgaijpelnkom,-4,4,-1,1
9,10,2,8796,PUSH,1,bchdflpengiakjom,-4,4,-1
9,10,3,8796,PUSH,4,bhldfciejgamnpko,-4,4,-1,1
9,10,4,8796,PUSH,1,bhadfcgljpienkom,4,-1,1
9,10,0,8797,PUSH,1,bchdfgeajplonkmi,-4,4,-1
9,10,1,8797,PUSH,1,bchdfgiajpelnkom,-4,4,-1
9,10,2,8797,DEL_EXPLORED,-1
9,10,3,8797,DEL_CUTOFF,1
9,10,4,8797,PUSH,1,bhdafcgljpienkom,4,-1
9,10,0,8798,DEL_EXPLORED,-1
9,10,1,8798,DEL_EXPLORED,-1
9,10,2,8798,PUSH,4,bchdflpengimkjoa,-4,-1
9,10,3,8798,DEL_CUTOFF,-1
9,10,4,8798,DEL_EXPLORED,-1
9,10,0,8799,PUSH,4,bchdfgeojplankmi,-4,4,-1
9,10,1,8799,PUSH,4,bchdfgiljpeankom,-4,4,-1
9,10,2,8799,DEL_CUTOFF,-1
9,10,3,8799,DEL_CUTOFF,4
9,10,4,8799,PUSH,4,bhdlfcgajpienkom,-4,4,-1
9,10,0,8800,PUSH,-1,bchdfgeojpalnkmi,-4,4,-1,1
9,10,1,8800,PUSH,-1,bchdfgiljpaenkom,-4,4,-1,1
9,10,2,8800,DEL_EXPLORED,-4
9,10,3,8800,DEL_EXPLORED,-4
9,10,4,8800,PUSH,-1,bhdlfcagjpienkom,-4,4,-1,1
9,10,0,8801,DEL_EXPLORED,1
9,10,1,8801,DEL_EXPLORED,1
9,10,2,8801,POP,4,bchdflpengimkjoa
9,10,3,8801,POP,4,bhldfciejgamnpko
9,10,4,8801,DEL_EXPLORED,1
9,10,0,8802,PUSH,-1,bchdfgeojaplnkmi,-4,4,-1,1
9,10,1,8802,PUSH,-1,bchdfgiljapenkom,-4,4,-1,1
9,10,2,8802,PUSH,-4,bchdflpangiekjom,-4,4,-1
9,10,3,8802,DEL_EXPLORED,-4
9,10,4,8802,PUSH,-1,bhdlfacgjpienkom,-4,4,-1,1
9,10,0,8803,DEL_EXPLORED,1
9,10,1,8803,DEL_EXPLORED,1
9,10,2,8803,DEL_CUTOFF,-1
9,10,3,8803,POP,4,bhldfcaejgimnpko
9,10,4,8803,DEL_EXPLORED,1
9,10,0,8804,PUSH,-1,bchdfgeoajplnkmi,-4,4,1
9,10,1,8804,PUSH,-1,bchdfgilajpenkom,-4,4,1
9,10,2,8804,DEL_EXPLORED,4
9,10,3,8804,POP,1,bhadfclejgimnpko
9,10,4,8804,DEL_CUTOFF,-1
9,10,0,8805,DEL_EXPLORED,1
9,10,1,8805,DEL_EXPLORED,1
9,10,2,8805,DEL_CUTOFF,-4
9,10,3,8805,PUSH,-1,abhdfclejgimnpko,4,1
9,10,4,8805,DEL_CUTOFF,4
9,10,0,8806,DEL_CUTOFF,4
9,10,1,8806,DEL_CUTOFF,4
9,10,2,8806,POP,-4,bchdflpangiekjom
9,10,3,8806,DEL_EXPLORED,1
9,10,4,8806,DEL_CUTOFF,-4
9,10,0,8807,DEL_CUTOFF,-4
9,10,1,8807,DEL_CUTOFF,-4
9,10,2,8807,POP,1,bchdflpengiakjom
9,10,3,8807,PUSH,4,fbhdaclejgimnpko,-4,4,1
9,10,4,8807,POP,-1,bhdlfacgjpienkom
9,10,0,8808,POP,-1,bchdfgeoajplnkmi
9,10,1,8808,POP,-1,bchdfgilajpenkom
9,10,2,8808,PUSH,-1,bchdflpenagikjom,-4,4,-1,1
9,10,3,8808,PUSH,1,fbhdcalejgimnpko,-4,4,-1,1
9,10,4,8808,PUSH,4,bhdlfcigjpaenkom,-4,4,-1,1
9,10,0,8809,PUSH,4,bchdfgeojkplnami,-4,-1,1
9,10,1,8809,PUSH,4,bchdfgiljkpenaom,-4,-1,1
9,10,2,8809,DEL_EXPLORED,1
9,10,3,8809,DEL_CUTOFF,1
9,10,4,8809,DEL_CUTOFF,1
9,10,0,8810,DEL_CUTOFF,1
9,10,1,8810,DEL_CUTOFF,1
9,10,2,8810,PUSH,-1,bchdflpeangikjom,-4,4,1
9,10,3,8810,DEL_EXPLORED,-1
9,10,4,8810,DEL_CUTOFF,-1
9,10,0,8811,DEL_CUTOFF,-1
9,10,1,8811,DEL_CUTOFF,-1
9,10,2,8811,DEL_EXPLORED,1
9,10,3,8811,DEL_CUTOFF,4
9,10,4,8811,DEL_CUTOFF,4
9,10,0,8812,DEL_EXPLORED,-4
9,10,1,8812,DEL_EXPLORED,-4
9,10,2,8812,DEL_CUTOFF,4
9,10,3,8812,DEL_CUTOFF,-4
9,10,4,8812,DEL_EXPLORED,-4
9,10,0,8813,POP,4,bchdfgeojkplnami
9,10,1,8813,POP,4,bchdfgiljkpenaom
9,10,2,8813,DEL_CUTOFF,-4
9,10,3,8813,POP,1,fbhdcalejgimnpko
9,10,4,8813,POP,4,bhdlfcigjpaenkom
9,10,0,8814,PUSH,-4,bchdfaeojgplnkmi,-4,4,-1,1
9,10,1,8814,PUSH,-4,bchdfailjgpenkom,-4,4,-1,1
9,10,2,8814,POP,-1,bchdflpeangikjom
9,10,3,8814,PUSH,4,fbhdjcleagimnpko,-4,4,1
9,10,4,8814,PUSH,-4,bhalfcdgjpienkom,4,-1,1
9,10,0,8815,DEL_CUTOFF,1
9,10,1,8815,DEL_CUTOFF,1
9,10,2,8815,PUSH,4,bchdflpenjgikaom,-4,-1,1
9,10,3,8815,DEL_CUTOFF,1
9,10,4,8815,DEL_CUTOFF,1
9,10,0,8816,DEL_CUTOFF,-1
9,10,1,8816,DEL_CUTOFF,-1
9,10,2,8816,DEL_CUTOFF,1
9,10,3,8816,DEL_CUTOFF,4
9,10,4,8816,DEL_CUTOFF,-1
9,10,0,8817,DEL_EXPLORED,4
9,10,1,8817,DEL_EXPLORED,4
9,10,2,8817,DEL_CUTOFF,-1
9,10,3,8817,DEL_EXPLORED,-4
9,10,4,8817,DEL_EXPLORED,4
9,10,0,8818,DEL_CUTOFF,-4
9,10,1,8818,DEL_CUTOFF,-4
9,10,2,8818,DEL_EXPLORED,-4
9,10,3,8818,POP,4,fbhdjcleagimnpko
9,10,4,8818,POP,-4,bhalfcdgjpienkom
9,10,0,8819,POP,-4,bchdfaeojgplnkmi
9,10,1,8819,POP,-4,bchdfailjgpenkom
9,10,2,8819,POP,4,bchdflpenjgikaom
9,10,3,8819,DEL_EXPLORED,-4
9,10,4,8819,POP,-1,bhdlfcagjpienkom
9,10,0,8820,POP,-1,bchdfgeojaplnkmi
9,10,1,8820,POP,-1,bchdfgiljapenkom
9,10,2,8820,PUSH,-4,bchdfapenlgikjom,-4,4,-1,1
9,10,3,8820,POP,4,fbhdaclejgimnpko
9,10,4,8820,PUSH,4,bhdlfcgejpiankom,-4,4,-1
9,10,0,8821,PUSH,4,bchdfgeojpmlnkai,-4,-1,1
9,10,1,8821,PUSH,4,bchdfgiljpoenkam,-4,-1,1
9,10,2,8821,DEL_CUTOFF,1
9,10,3,8821,POP,-1,abhdfclejgimnpko
9,10,4,8821,PUSH,-1,bhdlfcgejpainkom,-4,4,-1,1
9,10,0,8822,PUSH,1,bchdfgeojpmlnkia,-4,-1
9,10,1,8822,PUSH,1,bchdfgiljpoenkma,-4,-1
9,10,2,8822,DEL_CUTOFF,-1
9,10,3,8822,DEL_EXPLORED,4
9,10,4,8822,DEL_EXPLORED,1
9,10,0,8823,DEL_EXPLORED,-1
9,10,1,8823,DEL_EXPLORED,-1
9,10,2,8823,DEL_EXPLORED,4
9,10,3,8823,POP,-4,bahdfclejgimnpko
9,10,4,8823,DEL_CUTOFF,-1
9,10,0,8824,DEL_CUTOFF,-4
9,10,1,8824,DEL_CUTOFF,-4
9,10,2,8824,DEL_CUTOFF,-4
9,10,3,8824,POP,-4,bchdfalejgimnpko
9,10,4,8824,DEL_CUTOFF,4
9,10,0,8825,POP,1,bchdfgeojpmlnkia
9,10,1,8825,POP,1,bchdfgiljpoenkma
9,10,2,8825,POP,-4,bchdfapenlgikjom
9,10,3,8825,POP,-4,bchdfglejaimnpko
9,10,4,8825,DEL_CUTOFF,-4
9,10,0,8826,PUSH,-1,bchdfgeojpmlnaki,-4,-1,1
9,10,1,8826,PUSH,-1,bchdfgiljpoenakm,-4,-1,1
9,10,2,8826,POP,-1,bchdflpenagikjom
9,10,3,8826,POP,-1,bchdfglejpimnako
9,10,4,8826,POP,-1,bhdlfcgejpainkom
9,10,0,8827,DEL_EXPLORED,1
9,10,1,8827,DEL_EXPLORED,1
9,10,2,8827,PUSH,4,bchdflpengoikjam,-4,-1,1
9,10,3,8827,PUSH,-4,bchdfglejpamnkio,-4,4,-1,1
9,10,4,8827,PUSH,4,bhdlfcgejpimnkoa,-4,-1
9,10,0,8828,DEL_CUTOFF,-1
9,10,1,8828,DEL_CUTOFF,-1
9,10,2,8828,PUSH,1,bchdflpengoikjma,-4,-1
9,10,3,8828,PUSH,1,bchdfglejpmankio,-4,4,-1
9,10,4,8828,DEL_CUTOFF,-1
9,10,0,8829,DEL_CUTOFF,-4
9,10,1,8829,DEL_CUTOFF,-4
9,10,2,8829,DEL_EXPLORED,-1
9,10,3,8829,DEL_EXPLORED,-1
9,10,4,8829,DEL_EXPLORED,-4
9,10,0,8830,POP,-1,bchdfgeojpmlnaki
9,10,1,8830,POP,-1,bchdfgiljpoenakm
9,10,2,8830,DEL_CUTOFF,-4
9,10,3,8830,PUSH,4,bchdfglejpmonkia,-4,-1
9,10,4,8830,POP,4,bhdlfcgejpimnkoa
9,10,0,8831,DEL_EXPLORED,-4
9,10,1,8831,DEL_EXPLORED,-4
9,10,2,8831,POP,1,bchdflpengoikjma
9,10,3,8831,PUSH,-1,bchdfglejpmonkai,-4,-1,1
9,10,4,8831,DEL_EXPLORED,-4
9,10,0,8832,POP,4,bchdfgeojpmlnkai
9,10,1,8832,POP,4,bchdfgiljpoenkam
9,10,2,8832,PUSH,-1,bchdflpengoikajm,-4,-1,1
9,10,3,8832,DEL_EXPLORED,1
9,10,4,8832,POP,4,bhdlfcgejpiankom
9,10,0,8833,PUSH,-4,bchdfgaojpelnkmi,-4,4,-1,1
9,10,1,8833,PUSH,-4,bchdfgaljpienkom,-4,4,-1,1
9,10,2,8833,DEL_EXPLORED,1
9,10,3,8833,PUSH,-1,bchdfglejpmonaki,-4,-1,1
9,10,4,8833,DEL_EXPLORED,-4
9,10,0,8834,PUSH,1,bchdfgoajpelnkmi,-4,4,-1
9,10,1,8834,PUSH,1,bchdfglajpienkom,-4,4,-1
9,10,2,8834,DEL_CUTOFF,-1
9,10,3,8834,DEL_EXPLORED,1
9,10,4,8834,POP,4,bhdlfcgajpienkom
9,10,0,8835,DEL_EXPLORED,-1
9,10,1,8835,DEL_EXPLORED,-1
9,10,2,8835,DEL_CUTOFF,-4
9,10,3,8835,PUSH,-1,bchdfglejpmoanki,-4,1
9,10,4,8835,POP,1,bhdafcgljpienkom
9,10,0,8836,DEL_CUTOFF,4
9,10,1,8836,DEL_CUTOFF,4
9,10,2,8836,POP,-1,bchdflpengoikajm
9,10,3,8836,DEL_EXPLORED,1
9,10,4,8836,DEL_EXPLORED,-1
9,10,0,8837,DEL_CUTOFF,-4
9,10,1,8837,DEL_CUTOFF,-4
9,10,2,8837,DEL_EXPLORED,-4
9,10,3,8837,PUSH,-4,bchdfgleapmojnki,-4,4,1
9,10,4,8837,PUSH,4,bhgdfcaljpienkom,-4,4,-1,1
9,10,0,8838,POP,1,bchdfgoajpelnkmi
9,10,1,8838,POP,1,bchdfglajpienkom
9,10,2,8838,POP,4,bchdflpengoikjam
9,10,3,8838,DEL_CUTOFF,1
9,10,4,8838,PUSH,1,bhgdfclajpienkom,-4,4,-1
9,10,0,8839,PUSH,-1,bchdfagojpelnkmi,-4,4,-1,1
9,10,1,8839,PUSH,-1,bchdfagljpienkom,-4,4,-1,1
9,10,2,8839,DEL_EXPLORED,-4
9,10,3,8839,DEL_EXPLORED,4
9,10,4,8839,DEL_EXPLORED,-1
9,10,0,8840,DEL_EXPLORED,1
9,10,1,8840,DEL_EXPLORED,1
9,10,2,8840,POP,4,bchdflpengaikjom
9,10,3,8840,DEL_CUTOFF,-4
9,10,4,8840,PUSH,4,bhgdfclejpiankom,-4,4,-1
9,10,0,8841,DEL_CUTOFF,-1
9,10,1,8841,DEL_CUTOFF,-1
9,10,2,8841,PUSH,-4,bcadflhengpikjom,4,-1,1
9,10,3,8841,POP,-4,bchdfgleapmojnki
9,10,4,8841,PUSH,-1,bhgdfclejpainkom,-4,4,-1,1
9,10,0,8842,DEL_CUTOFF,4
9,10,1,8842,DEL_CUTOFF,4
9,10,2,8842,PUSH,1,bcdaflhengpikjom,4,-1
9,10,3,8842,POP,-1,bchdfglejpmoanki
9,10,4,8842,DEL_EXPLORED,1
9,10,0,8843,DEL_CUTOFF,-4
9,10,1,8843,DEL_CUTOFF,-4
9,10,2,8843,DEL_EXPLORED,-1
9,10,3,8843,PUSH,-4,bchdfglejamonpki,-4,4,-1,1
9,10,4,8843,DEL_CUTOFF,-1
9,10,0,8844,POP,-1,bchdfagojpelnkmi
9,10,1,8844,POP,-1,bchdfagljpienkom
9,10,2,8844,PUSH,4,bcdeflhangpikjom,-4,4,-1
9,10,3,8844,PUSH,1,bchdfglejmaonpki,-4,4,-1,1
9,10,4,8844,DEL_CUTOFF,4
9,10,0,8845,DEL_EXPLORED,4
9,10,1,8845,DEL_EXPLORED,4
9,10,2,8845,DEL_CUTOFF,-1
9,10,3,8845,DEL_CUTOFF,1
9,10,4,8845,DEL_CUTOFF,-4
9,10,0,8846,PUSH,-4,bcadfghojpelnkmi,4,-1,1
9,10,1,8846,PUSH,-4,bcadfghljpienkom,4,-1,1
9,10,2,8846,DEL_CUTOFF,4
9,10,3,8846,DEL_EXPLORED,-1
9,10,4,8846,POP,-1,bhgdfclejpainkom
9,10,0,8847,DEL_CUTOFF,1
9,10,1,8847,DEL_CUTOFF,1
9,10,2,8847,DEL_EXPLORED,-4
9,10,3,8847,DEL_CUTOFF,4
9,10,4,8847,PUSH,4,bhgdfclejpimnkoa,-4,-1
9,10,0,8848,DEL_CUTOFF,-1
9,10,1,8848,DEL_CUTOFF,-1
9,10,2,8848,POP,4,bcdeflhangpikjom
9,10,3,8848,DEL_CUTOFF,-4
9,10,4,8848,DEL_CUTOFF,-1
9,10,0,8849,DEL_EXPLORED,4
9,10,1,8849,DEL_EXPLORED,4
9,10,2,8849,POP,1,bcdaflhengpikjom
9,10,3,8849,POP,1,bchdfglejmaonpki
9,10,4,8849,DEL_EXPLORED,-4
9,10,0,8850,POP,-4,bcadfghojpelnkmi
9,10,1,8850,POP,-4,bcadfghljpienkom
9,10,2,8850,PUSH,-1,bacdflhengpikjom,4,-1,1
9,10,3,8850,PUSH,-1,bchdfgleajmonpki,-4,4,1
9,10,4,8850,POP,4,bhgdfclejpimnkoa
9,10,0,8851,POP,-4,bchdfgaojpelnkmi
9,10,1,8851,POP,-4,bchdfgaljpienkom
9,10,2,8851,DEL_EXPLORED,1
9,10,3,8851,DEL_EXPLORED,1
9,10,4,8851,DEL_EXPLORED,-4
9,10,0,8852,POP,-1,bchdfgeojpalnkmi
9,10,1,8852,POP,-1,bchdfgiljpaenkom
9,10,2,8852,PUSH,-1,abcdflhengpikjom,4,1
9,10,3,8852,DEL_CUTOFF,4
9,10,4,8852,POP,4,bhgdfclejpiankom
9,10,0,8853,PUSH,4,bchdfgeojplinkma,-4,-1
9,10,1,8853,PUSH,4,bchdfgiljpemnkoa,-4,-1
9,10,2,8853,DEL_EXPLORED,1
9,10,3,8853,DEL_CUTOFF,-4
9,10,4,8853,PUSH,-4,bhgafcldjpienkom,4,-1
9,10,0,8854,PUSH,-1,bchdfgeojplinkam,-4,-1,1
9,10,1,8854,PUSH,-1,bchdfgiljpemnkao,-4,-1,1
9,10,2,8854,DEL_CUTOFF,4
9,10,3,8854,POP,-1,bchdfgleajmonpki
9,10,4,8854,PUSH,-1,bhagfcldjpienkom,4,-1,1
9,10,0,8855,DEL_EXPLORED,1
9,10,1,8855,DEL_EXPLORED,1
9,10,2,8855,POP,-1,abcdflhengpikjom
9,10,3,8855,DEL_EXPLORED,4
9,10,4,8855,DEL_EXPLORED,1
9,10,0,8856,PUSH,-1,bchdfgeojplinakm,-4,-1,1
9,10,1,8856,PUSH,-1,bchdfgiljpemnako,-4,-1,1
9,10,2,8856,PUSH,4,blcdfahengpikjom,-4,4,-1,1
9,10,3,8856,PUSH,-4,bchdfalejgmonpki,-4,4,-1,1
9,10,4,8856,DEL_CUTOFF,-1
9,10,0,8857,DEL_EXPLORED,1
9,10,1,8857,DEL_EXPLORED,1
9,10,2,8857,DEL_CUTOFF,1
9,10,3,8857,DEL_CUTOFF,1
9,10,4,8857,DEL_CUTOFF,4
9,10,0,8858,DEL_CUTOFF,-1
9,10,1,8858,DEL_CUTOFF,-1
9,10,2,8858,DEL_CUTOFF,-1
9,10,3,8858,DEL_CUTOFF,-1
9,10,4,8858,POP,-1,bhagfcldjpienkom
9,10,0,8859,DEL_CUTOFF,-4
9,10,1,8859,DEL_CUTOFF,-4
9,10,2,8859,DEL_CUTOFF,4
9,10,3,8859,DEL_EXPLORED,4
9,10,4,8859,DEL_EXPLORED,4
9,10,0,8860,POP,-1,bchdfgeojplinakm
9,10,1,8860,POP,-1,bchdfgiljpemnako
9,10,2,8860,DEL_EXPLORED,-4
9,10,3,8860,DEL_CUTOFF,-4
9,10,4,8860,POP,-4,bhgafcldjpienkom
9,10,0,8861,PUSH,-4,bchdfgeojpainklm,-4,4,-1,1
9,10,1,8861,PUSH,-4,bchdfgiljpamnkeo,-4,4,-1,1
9,10,2,8861,POP,4,blcdfahengpikjom
9,10,3,8861,POP,-4,bchdfalejgmonpki
9,10,4,8861,POP,1,bhgdfclajpienkom
9,10,0,8862,DEL_CUTOFF,1
9,10,1,8862,DEL_CUTOFF,1
9,10,2,8862,POP,-1,bacdflhengpikjom
9,10,3,8862,POP,-4,bchdfglejamonpki
9,10,4,8862,PUSH,-1,bhgdfacljpienkom,-4,4,-1,1
9,10,0,8863,DEL_CUTOFF,-1
9,10,1,8863,DEL_CUTOFF,-1
9,10,2,8863,DEL_EXPLORED,4
9,10,3,8863,POP,-1,bchdfglejpmonaki
9,10,4,8863,DEL_EXPLORED,1
9,10,0,8864,DEL_EXPLORED,4
9,10,1,8864,DEL_EXPLORED,4
9,10,2,8864,POP,-4,bcadflhengpikjom
9,10,3,8864,PUSH,-4,bchdfglejpaonkmi,-4,4,-1,1
9,10,4,8864,PUSH,-1,bhgdafcljpienkom,-4,4,1
9,10,0,8865,DEL_CUTOFF,-4
9,10,1,8865,DEL_CUTOFF,-4
9,10,2,8865,POP,1,bchdflaengpikjom
9,10,3,8865,PUSH,1,bchdfglejpoankmi,-4,4,-1
9,10,4,8865,DEL_EXPLORED,1
9,10,0,8866,POP,-4,bchdfgeojpainklm
9,10,1,8866,POP,-4,bchdfgiljpamnkeo
9,10,2,8866,PUSH,-1,bchdaflengpikjom,-4,4,1
9,10,3,8866,DEL_EXPLORED,-1
9,10,4,8866,PUSH,4,bhgdjfclapienkom,-4,4,1
9,10,0,8867,POP,-1,bchdfgeojplinkam
9,10,1,8867,POP,-1,bchdfgiljpemnkao
9,10,2,8867,DEL_EXPLORED,1
9,10,3,8867,PUSH,4,bchdfglejpoinkma,-4,-1
9,10,4,8867,DEL_CUTOFF,1
9,10,0,8868,DEL_EXPLORED,-4
9,10,1,8868,DEL_EXPLORED,-4
9,10,2,8868,PUSH,4,bchdnfleagpikjom,-4,4,1
9,10,3,8868,DEL_CUTOFF,-1
9,10,4,8868,DEL_CUTOFF,4
9,10,0,8869,POP,4,bchdfgeojplinkma
9,10,1,8869,POP,4,bchdfgiljpemnkoa
9,10,2,8869,PUSH,1,bchdnflegapikjom,-4,4,-1,1
9,10,3,8869,DEL_EXPLORED,-4
9,10,4,8869,DEL_EXPLORED,-4
9,10,0,8870,DEL_EXPLORED,-4
9,10,1,8870,DEL_EXPLORED,-4
9,10,2,8870,PUSH,1,bchdnflegpaikjom,-4,4,-1,1
9,10,3,8870,POP,4,bchdfglejpoinkma
9,10,4,8870,POP,4,bhgdjfclapienkom
9,10,0,8871,POP,4,bchdfgeojplankmi
9,10,1,8871,POP,4,bchdfgiljpeankom
9,10,2,8871,DEL_CUTOFF,1
9,10,3,8871,PUSH,-4,bchdfglajpoenkmi,-4,4,-1
9,10,4,8871,PUSH,-4,ahgdbfcljpienkom,4,1
9,10,0,8872,PUSH,-4,bchafgedjplonkmi,4,-1
9,10,1,8872,PUSH,-4,bchafgidjpelnkom,4,-1
9,10,2,8872,DEL_EXPLORED,-1
9,10,3,8872,DEL_CUTOFF,-1
9,10,4,8872,DEL_CUTOFF,1
9,10,0,8873,PUSH,-1,bcahfgedjplonkmi,4,-1,1
9,10,1,8873,PUSH,-1,bcahfgidjpelnkom,4,-1,1
9,10,2,8873,DEL_CUTOFF,4
9,10,3,8873,DEL_EXPLORED,4
9,10,4,8873,DEL_EXPLORED,4
9,10,0,8874,DEL_EXPLORED,1
9,10,1,8874,DEL_EXPLORED,1
9,10,2,8874,DEL_CUTOFF,-4
9,10,3,8874,DEL_CUTOFF,-4
9,10,4,8874,POP,-4,ahgdbfcljpienkom
9,10,0,8875,PUSH,-1,bachfgedjplonkmi,4,-1,1
9,10,1,8875,PUSH,-1,bachfgidjpelnkom,4,-1,1
9,10,2,8875,POP,1,bchdnflegpaikjom
9,10,3,8875,POP,-4,bchdfglajpoenkmi
9,10,4,8875,POP,-1,bhgdafcljpienkom
9,10,0,8876,DEL_EXPLORED,1
9,10,1,8876,DEL_EXPLORED,1
9,10,2,8876,DEL_EXPLORED,-1
9,10,3,8876,POP,1,bchdfglejpoankmi
9,10,4,8876,PUSH,4,bhgdfpcljaienkom,-4,4,-1,1
9,10,0,8877,PUSH,-1,abchfgedjplonkmi,4,1
9,10,1,8877,PUSH,-1,abchfgidjpelnkom,4,1
9,10,2,8877,PUSH,4,bchdnflegjpikaom,-4,-1,1
9,10,3,8877,PUSH,-1,bchdfglejaponkmi,-4,4,-1,1
9,10,4,8877,PUSH,1,bhgdfpcljiaenkom,-4,4,-1,1
9,10,0,8878,DEL_EXPLORED,1
9,10,1,8878,DEL_EXPLORED,1
9,10,2,8878,DEL_CUTOFF,1
9,10,3,8878,DEL_EXPLORED,1
9,10,4,8878,DEL_CUTOFF,1
9,10,0,8879,DEL_CUTOFF,4
9,10,1,8879,DEL_CUTOFF,4
9,10,2,8879,DEL_CUTOFF,-1
9,10,3,8879,PUSH,-1,bchdfgleajponkmi,-4,4,1
9,10,4,8879,DEL_EXPLORED,-1
9,10,0,8880,POP,-1,abchfgedjplonkmi
9,10,1,8880,POP,-1,abchfgidjpelnkom
9,10,2,8880,DEL_EXPLORED,-4
9,10,3,8880,DEL_EXPLORED,1
9,10,4,8880,DEL_CUTOFF,4
9,10,0,8881,PUSH,4,bgchfaedjplonkmi,-4,4,-1,1
9,10,1,8881,PUSH,4,bgchfaidjpelnkom,-4,4,-1,1
9,10,2,8881,POP,4,bchdnflegjpikaom
9,10,3,8881,DEL_CUTOFF,4
9,10,4,8881,DEL_CUTOFF,-4
9,10,0,8882,DEL_CUTOFF,1
9,10,1,8882,DEL_CUTOFF,1
9,10,2,8882,PUSH,-4,bchdnalegfpikjom,-4,4,-1,1
9,10,3,8882,DEL_CUTOFF,-4
9,10,4,8882,POP,1,bhgdfpcljiaenkom
9,10,0,8883,DEL_CUTOFF,-1
9,10,1,8883,DEL_CUTOFF,-1
9,10,2,8883,DEL_CUTOFF,1
9,10,3,8883,POP,-1,bchdfgleajponkmi
9,10,4,8883,PUSH,-1,bhgdfpclajienkom,-4,4,1
9,10,0,8884,DEL_CUTOFF,4
9,10,1,8884,DEL_CUTOFF,4
9,10,2,8884,DEL_CUTOFF,-1
9,10,3,8884,PUSH,4,bchdfglejkponami,-4,-1,1
9,10,4,8884,DEL_EXPLORED,1
9,10,0,8885,DEL_EXPLORED,-4
9,10,1,8885,DEL_EXPLORED,-4
9,10,2,8885,DEL_EXPLORED,4
9,10,3,8885,DEL_CUTOFF,1
9,10,4,8885,DEL_CUTOFF,4
9,10,0,8886,POP,4,bgchfaedjplonkmi
9,10,1,8886,POP,4,bgchfaidjpelnkom
9,10,2,8886,DEL_CUTOFF,-4
9,10,3,8886,DEL_CUTOFF,-1
9,10,4,8886,DEL_CUTOFF,-4
9,10,0,8887,POP,-1,bachfgedjplonkmi
9,10,1,8887,POP,-1,bachfgidjpelnkom
9,10,2,8887,POP,-4,bchdnalegfpikjom
9,10,3,8887,DEL_EXPLORED,-4
9,10,4,8887,POP,-1,bhgdfpclajienkom
9,10,0,8888,PUSH,4,bcehfgadjplonkmi,-4,4,-1,1
9,10,1,8888,PUSH,4,bcihfgadjpelnkom,-4,4,-1,1
9,10,2,8888,POP,1,bchdnflegapikjom
9,10,3,8888,POP,4,bchdfglejkponami
9,10,4,8888,PUSH,4,bhgdfpcljkienaom,-4,-1,1
9,10,0,8889,PUSH,1,bcehfgdajplonkmi,-4,4,-1
9,10,1,8889,PUSH,1,bcihfgdajpelnkom,-4,4,-1
9,10,2,8889,PUSH,4,bchdnflekgpiajom,-4,1
9,10,3,8889,PUSH,-4,bchdfalejgponkmi,-4,4,-1,1
9,10,4,8889,DEL_CUTOFF,1
9,10,0,8890,DEL_EXPLORED,-1
9,10,1,8890,DEL_EXPLORED,-1
9,10,2,8890,PUSH,1,bchdnflekgpijaom,-4,-1,1
9,10,3,8890,DEL_CUTOFF,1
9,10,4,8890,DEL_CUTOFF,-1
9,10,0,8891,DEL_CUTOFF,4
9,10,1,8891,DEL_CUTOFF,4
9,10,2,8891,DEL_CUTOFF,1
9,10,3,8891,DEL_CUTOFF,-1
9,10,4,8891,DEL_EXPLORED,-4
9,10,0,8892,DEL_CUTOFF,-4
9,10,1,8892,DEL_CUTOFF,-4
9,10,2,8892,DEL_EXPLORED,-1
9,10,3,8892,DEL_EXPLORED,4
9,10,4,8892,POP,4,bhgdfpcljkienaom
9,10,0,8893,POP,1,bcehfgdajplonkmi
9,10,1,8893,POP,1,bcihfgdajpelnkom
9,10,2,8893,DEL_CUTOFF,-4
9,10,3,8893,DEL_CUTOFF,-4
9,10,4,8893,DEL_EXPLORED,-4
9,10,0,8894,PUSH,-1,bcehfagdjplonkmi,-4,4,-1,1
9,10,1,8894,PUSH,-1,bcihfagdjpelnkom,-4,4,-1,1
9,10,2,8894,POP,1,bchdnflekgpijaom
9,10,3,8894,POP,-4,bchdfalejgponkmi
9,10,4,8894,POP,4,bhgdfpcljaienkom
9,10,0,8895,DEL_EXPLORED,1
9,10,1,8895,DEL_EXPLORED,1
9,10,2,8895,DEL_EXPLORED,-4
9,10,3,8895,POP,-1,bchdfglejaponkmi
9,10,4,8895,PUSH,-4,bagdfhcljpienkom,4,-1,1
9,10,0,8896,DEL_CUTOFF,-1
9,10,1,8896,DEL_CUTOFF,-1
9,10,2,8896,POP,4,bchdnflekgpiajom
9,10,3,8896,DEL_EXPLORED,4
9,10,4,8896,PUSH,1,bgadfhcljpienkom,4,-1,1
9,10,0,8897,DEL_CUTOFF,4
9,10,1,8897,DEL_CUTOFF,4
9,10,2,8897,DEL_EXPLORED,-4
9,10,3,8897,PUSH,-4,bchdfgaejplonkmi,-4,4,-1,1
9,10,4,8897,DEL_CUTOFF,1
9,10,0,8898,DEL_CUTOFF,-4
9,10,1,8898,DEL_CUTOFF,-4
9,10,2,8898,POP,4,bchdnfleagpikjom
9,10,3,8898,PUSH,1,bchdfgeajplonkmi,-4,4,-1
9,10,4,8898,DEL_EXPLORED,-1
9,10,0,8899,POP,-1,bcehfagdjplonkmi
9,10,1,8899,POP,-1,bcihfagdjpelnkom
9,10,2,8899,PUSH,-4,achdbflengpikjom,4,1
9,10,3,8899,DEL_EXPLORED,-1
9,10,4,8899,DEL_CUTOFF,4
9,10,0,8900,PUSH,4,bcehfgldjpaonkmi,-4,4,-1,1
9,10,1,8900,PUSH,4,bcihfgedjpalnkom,-4,4,-1,1
9,10,2,8900,PUSH,1,cahdbflengpikjom,4,-1,1
9,10,3,8900,DEL_CUTOFF,4
9,10,4,8900,POP,1,bgadfhcljpienkom
9,10,0,8901,DEL_CUTOFF,1
9,10,1,8901,DEL_CUTOFF,1
9,10,2,8901,PUSH,1,chadbflengpikjom,4,-1,1
9,10,3,8901,DEL_CUTOFF,-4
9,10,4,8901,PUSH,-1,abgdfhcljpienkom,4,1
9,10,0,8902,DEL_CUTOFF,-1
9,10,1,8902,DEL_CUTOFF,-1
9,10,2,8902,DEL_CUTOFF,1
9,10,3,8902,POP,1,bchdfgeajplonkmi
9,10,4,8902,DEL_EXPLORED,1
9,10,0,8903,DEL_CUTOFF,4
9,10,1,8903,DEL_CUTOFF,4
9,10,2,8903,DEL_EXPLORED,-1
9,10,3,8903,PUSH,-1,bchdfagejplonkmi,-4,4,-1,1
9,10,4,8903,DEL_CUTOFF,4
9,10,0,8904,DEL_EXPLORED,-4
9,10,1,8904,DEL_EXPLORED,-4
9,10,2,8904,DEL_CUTOFF,4
9,10,3,8904,DEL_EXPLORED,1
9,10,4,8904,POP,-1,abgdfhcljpienkom
9,10,0,8905,POP,4,bcehfgldjpaonkmi
9,10,1,8905,POP,4,bcihfgedjpalnkom
9,10,2,8905,POP,1,chadbflengpikjom
9,10,3,8905,DEL_CUTOFF,-1
9,10,4,8905,DEL_EXPLORED,4
9,10,0,8906,DEL_EXPLORED,-4
9,10,1,8906,DEL_EXPLORED,-4
9,10,2,8906,DEL_EXPLORED,-1
9,10,3,8906,DEL_CUTOFF,4
9,10,4,8906,POP,-4,bagdfhcljpienkom
9,10,0,8907,POP,4,bcehfgadjplonkmi
9,10,1,8907,POP,4,bcihfgadjpelnkom
9,10,2,8907,PUSH,4,cfhdbalengpikjom,-4,4,-1,1
9,10,3,8907,DEL_CUTOFF,-4
9,10,4,8907,POP,-1,bhgdfacljpienkom
9,10,0,8908,POP,-1,bcahfgedjplonkmi
9,10,1,8908,POP,-1,bcahfgidjpelnkom
9,10,2,8908,DEL_CUTOFF,1
9,10,3,8908,POP,-1,bchdfagejplonkmi
9,10,4,8908,PUSH,4,bhgdfciljpaenkom,-4,4,-1,1
9,10,0,8909,DEL_EXPLORED,4
9,10,1,8909,DEL_EXPLORED,4
9,10,2,8909,DEL_CUTOFF,-1
9,10,3,8909,DEL_EXPLORED,4
9,10,4,8909,PUSH,1,bhgdfciljpeankom,-4,4,-1
9,10,0,8910,POP,-4,bchafgedjplonkmi
9,10,1,8910,POP,-4,bchafgidjpelnkom
9,10,2,8910,DEL_CUTOFF,4
9,10,3,8910,PUSH,-4,bcadfghejplonkmi,4,-1,1
9,10,4,8910,DEL_EXPLORED,-1
9,10,0,8911,POP,1,bchdfgeajplonkmi
9,10,1,8911,POP,1,bchdfgiajpelnkom
9,10,2,8911,DEL_EXPLORED,-4
9,10,3,8911,DEL_CUTOFF,1
9,10,4,8911,PUSH,4,bhgdfciljpemnkoa,-4,-1
9,10,0,8912,PUSH,-1,bchdfagejplonkmi,-4,4,-1,1
9,10,1,8912,PUSH,-1,bchdfagijpelnkom,-4,4,-1,1
9,10,2,8912,POP,4,cfhdbalengpikjom
9,10,3,8912,DEL_CUTOFF,-1
9,10,4,8912,DEL_CUTOFF,-1
9,10,0,8913,DEL_EXPLORED,1
9,10,1,8913,DEL_EXPLORED,1
9,10,2,8913,POP,1,cahdbflengpikjom
9,10,3,8913,DEL_EXPLORED,4
9,10,4,8913,DEL_EXPLORED,-4
9,10,0,8914,PUSH,-1,bchdafgejplonkmi,-4,4,1
9,10,1,8914,PUSH,-1,bchdafgijpelnkom,-4,4,1
9,10,2,8914,DEL_EXPLORED,4
9,10,3,8914,POP,-4,bcadfghejplonkmi
9,10,4,8914,POP,4,bhgdfciljpemnkoa
9,10,0,8915,DEL_EXPLORED,1
9,10,1,8915,DEL_EXPLORED,1
9,10,2,8915,POP,-4,achdbflengpikjom
9,10,3,8915,POP,-4,bchdfgaejplonkmi
9,10,4,8915,PUSH,-4,bhgdfciajpelnkom,-4,4,-1
9,10,0,8916,PUSH,4,bchdjfgeaplonkmi,-4,4,1
9,10,1,8916,PUSH,4,bchdjfgiapelnkom,-4,4,1
9,10,2,8916,POP,-1,bchdaflengpikjom
9,10,3,8916,POP,-4,bchdfglejpaonkmi
9,10,4,8916,DEL_CUTOFF,-1
9,10,0,8917,PUSH,1,bchdjfgepalonkmi,-4,4,-1,1
9,10,1,8917,PUSH,1,bchdjfgipaelnkom,-4,4,-1,1
9,10,2,8917,DEL_EXPLORED,4
9,10,3,8917,POP,-1,bchdfglejpmonkai
9,10,4,8917,DEL_EXPLORED,4
9,10,0,8918,PUSH,1,bchdjfgeplaonkmi,-4,4,-1,1
9,10,1,8918,PUSH,1,bchdjfgipealnkom,-4,4,-1,1
9,10,2,8918,PUSH,-4,bahdfclengpikjom,4,-1,1
9,10,3,8918,DEL_EXPLORED,-4
9,10,4,8918,DEL_CUTOFF,-4
9,10,0,8919,DEL_CUTOFF,1
9,10,1,8919,DEL_CUTOFF,1
9,10,2,8919,PUSH,1,bhadfclengpikjom,4,-1,1
9,10,3,8919,POP,4,bchdfglejpmonkia
9,10,4,8919,POP,-4,bhgdfciajpelnkom
9,10,0,8920,DEL_EXPLORED,-1
9,10,1,8920,DEL_EXPLORED,-1
9,10,2,8920,PUSH,1,bhdafclengpikjom,4,-1
9,10,3,8920,PUSH,-4,bchdfglajpmenkio,-4,4,-1
9,10,4,8920,POP,1,bhgdfciljpeankom
9,10,0,8921,DEL_CUTOFF,4
9,10,1,8921,DEL_CUTOFF,4
9,10,2,8921,DEL_EXPLORED,-1
9,10,3,8921,PUSH,-1,bchdfgaljpmenkio,-4,4,-1,1
9,10,4,8921,PUSH,-1,bhgdfciljapenkom,-4,4,-1,1
9,10,0,8922,DEL_CUTOFF,-4
9,10,1,8922,DEL_CUTOFF,-4
9,10,2,8922,PUSH,4,bhdefclangpikjom,-4,4,-1
9,10,3,8922,DEL_EXPLORED,1
9,10,4,8922,DEL_EXPLORED,1
9,10,0,8923,POP,1,bchdjfgeplaonkmi
9,10,1,8923,POP,1,bchdjfgipealnkom
9,10,2,8923,DEL_CUTOFF,-1
9,10,3,8923,PUSH,-1,bchdfagljpmenkio,-4,4,-1,1
9,10,4,8923,PUSH,-1,bhgdfcilajpenkom,-4,4,1
9,10,0,8924,DEL_EXPLORED,-1
9,10,1,8924,DEL_EXPLORED,-1
9,10,2,8924,DEL_CUTOFF,4
9,10,3,8924,DEL_EXPLORED,1
9,10,4,8924,DEL_EXPLORED,1
9,10,0,8925,PUSH,4,bchdjfgepklonami,-4,-1,1
9,10,1,8925,PUSH,4,bchdjfgipkelnaom,-4,-1,1
9,10,2,8925,DEL_EXPLORED,-4
9,10,3,8925,PUSH,-1,bchdafgljpmenkio,-4,4,1
9,10,4,8925,DEL_CUTOFF,4
9,10,0,8926,DEL_CUTOFF,1
9,10,1,8926,DEL_CUTOFF,1
9,10,2,8926,POP,4,bhdefclangpikjom
9,10,3,8926,DEL_EXPLORED,1
9,10,4,8926,DEL_CUTOFF,-4
9,10,0,8927,DEL_CUTOFF,-1
9,10,1,8927,DEL_CUTOFF,-1
9,10,2,8927,POP,1,bhdafclengpikjom
9,10,3,8927,PUSH,4,bchdjfglapmenkio,-4,4,1
9,10,4,8927,POP,-1,bhgdfcilajpenkom
9,10,0,8928,DEL_EXPLORED,-4
9,10,1,8928,DEL_EXPLORED,-4
9,10,2,8928,DEL_EXPLORED,-1
9,10,3,8928,DEL_CUTOFF,1
9,10,4,8928,PUSH,4,bhgdfciljkpenaom,-4,-1,1
9,10,0,8929,POP,4,bchdjfgepklonami
9,10,1,8929,POP,4,bchdjfgipkelnaom
9,10,2,8929,PUSH,4,bhldfcaengpikjom,-4,4,-1,1
9,10,3,8929,DEL_CUTOFF,4
9,10,4,8929,DEL_CUTOFF,1
9,10,0,8930,PUSH,-4,bchdjagepflonkmi,-4,4,-1,1
9,10,1,8930,PUSH,-4,bchdjagipfelnkom,-4,4,-1,1
9,10,2,8930,PUSH,1,bhldfceangpikjom,-4,4,-1
9,10,3,8930,DEL_EXPLORED,-4
9,10,4,8930,DEL_CUTOFF,-1
9,10,0,8931,DEL_CUTOFF,1
9,10,1,8931,DEL_CUTOFF,1
9,10,2,8931,DEL_EXPLORED,-1
9,10,3,8931,POP,4,bchdjfglapmenkio
9,10,4,8931,DEL_EXPLORED,-4
9,10,0,8932,DEL_CUTOFF,-1
9,10,1,8932,DEL_CUTOFF,-1
9,10,2,8932,DEL_CUTOFF,4
9,10,3,8932,PUSH,-4,achdbfgljpmenkio,4,1
9,10,4,8932,POP,4,bhgdfciljkpenaom
9,10,0,8933,DEL_EXPLORED,4
9,10,1,8933,DEL_EXPLORED,4
9,10,2,8933,DEL_CUTOFF,-4
9,10,3,8933,DEL_CUTOFF,1
9,10,4,8933,PUSH,-4,bhgdfailjcpenkom,-4,4,-1,1
9,10,0,8934,DEL_CUTOFF,-4
9,10,1,8934,DEL_CUTOFF,-4
9,10,2,8934,POP,1,bhldfceangpikjom
9,10,3,8934,DEL_EXPLORED,4
9,10,4,8934,DEL_CUTOFF,1
9,10,0,8935,POP,-4,bchdjagepflonkmi
9,10,1,8935,POP,-4,bchdjagipfelnkom
9,10,2,8935,PUSH,-1,bhldfacengpikjom,-4,4,-1,1
9,10,3,8935,POP,-4,achdbfgljpmenkio
9,10,4,8935,DEL_CUTOFF,-1
9,10,0,8936,POP,1,bchdjfgepalonkmi
9,10,1,8936,POP,1,bchdjfgipaelnkom
9,10,2,8936,DEL_EXPLORED,1
9,10,3,8936,POP,-1,bchdafgljpmenkio
9,10,4,8936,DEL_EXPLORED,4
9,10,0,8937,PUSH,4,bchdjfgenploakmi,-4,1
9,10,1,8937,PUSH,4,bchdjfginpelakom,-4,1
9,10,2,8937,DEL_CUTOFF,-1
9,10,3,8937,PUSH,4,bchdfpgljamenkio,-4,4,-1,1
9,10,4,8937,DEL_CUTOFF,-4
9,10,0,8938,PUSH,1,bchdjfgenplokami,-4,-1,1
9,10,1,8938,PUSH,1,bchdjfginpelkaom,-4,-1,1
9,10,2,8938,DEL_CUTOFF,4
9,10,3,8938,PUSH,1,bchdfpgljmaenkio,-4,4,-1,1
9,10,4,8938,POP,-4,bhgdfailjcpenkom
9,10,0,8939,DEL_CUTOFF,1
9,10,1,8939,DEL_CUTOFF,1
9,10,2,8939,DEL_CUTOFF,-4
9,10,3,8939,DEL_CUTOFF,1
9,10,4,8939,POP,-1,bhgdfciljapenkom
9,10,0,8940,DEL_EXPLORED,-1
9,10,1,8940,DEL_EXPLORED,-1
9,10,2,8940,POP,-1,bhldfacengpikjom
9,10,3,8940,DEL_EXPLORED,-1
9,10,4,8940,PUSH,4,bhgdfciljpoenkam,-4,-1,1
9,10,0,8941,DEL_CUTOFF,-4
9,10,1,8941,DEL_CUTOFF,-4
9,10,2,8941,PUSH,4,bhldfcpengaikjom,-4,4,-1,1
9,10,3,8941,DEL_CUTOFF,4
9,10,4,8941,PUSH,1,bhgdfciljpoenkma,-4,-1
9,10,0,8942,POP,1,bchdjfgenplokami
9,10,1,8942,POP,1,bchdjfginpelkaom
9,10,2,8942,DEL_CUTOFF,1
9,10,3,8942,DEL_CUTOFF,-4
9,10,4,8942,DEL_EXPLORED,-1
9,10,0,8943,DEL_EXPLORED,-4
9,10,1,8943,DEL_EXPLORED,-4
9,10,2,8943,DEL_CUTOFF,-1
9,10,3,8943,POP,1,bchdfpgljmaenkio
9,10,4,8943,DEL_CUTOFF,-4
9,10,0,8944,POP,4,bchdjfgenploakmi
9,10,1,8944,POP,4,bchdjfginpelakom
9,10,2,8944,DEL_CUTOFF,4
9,10,3,8944,PUSH,-1,bchdfpglajmenkio,-4,4,1
9,10,4,8944,POP,1,bhgdfciljpoenkma
9,10,0,8945,DEL_EXPLORED,-4
9,10,1,8945,DEL_EXPLORED,-4
9,10,2,8945,DEL_EXPLORED,-4
9,10,3,8945,DEL_EXPLORED,1
9,10,4,8945,PUSH,-1,bhgdfciljpoenakm,-4,-1,1
9,10,0,8946,POP,4,bchdjfgeaplonkmi
9,10,1,8946,POP,4,bchdjfgiapelnkom
9,10,2,8946,POP,4,bhldfcpengaikjom
9,10,3,8946,DEL_CUTOFF,4
9,10,4,8946,DEL_EXPLORED,1
9,10,0,8947,PUSH,-4,achdbfgejplonkmi,4,1
9,10,1,8947,PUSH,-4,achdbfgijpelnkom,4,1
9,10,2,8947,DEL_EXPLORED,-4
9,10,3,8947,DEL_CUTOFF,-4
9,10,4,8947,DEL_CUTOFF,-1
9,10,0,8948,PUSH,1,cahdbfgejplonkmi,4,-1,1
9,10,1,8948,PUSH,1,cahdbfgijpelnkom,4,-1,1
9,10,2,8948,POP,4,bhldfcaengpikjom
9,10,3,8948,POP,-1,bchdfpglajmenkio
9,10,4,8948,DEL_CUTOFF,-4
9,10,0,8949,PUSH,1,chadbfgejplonkmi,4,-1,1
9,10,1,8949,PUSH,1,chadbfgijpelnkom,4,-1,1
9,10,2,8949,POP,1,bhadfclengpikjom
9,10,3,8949,PUSH,4,bchdfpgljkmenaio,-4,-1,1
9,10,4,8949,POP,-1,bhgdfciljpoenakm
9,10,0,8950,DEL_CUTOFF,1
9,10,1,8950,DEL_CUTOFF,1
9,10,2,8950,PUSH,-1,abhdfclengpikjom,4,1
9,10,3,8950,DEL_CUTOFF,1
9,10,4,8950,DEL_EXPLORED,-4
9,10,0,8951,DEL_EXPLORED,-1
9,10,1,8951,DEL_EXPLORED,-1
9,10,2,8951,DEL_EXPLORED,1
9,10,3,8951,DEL_CUTOFF,-1
9,10,4,8951,POP,4,bhgdfciljpoenkam
9,10,0,8952,DEL_CUTOFF,4
9,10,1,8952,DEL_CUTOFF,4
9,10,2,8952,PUSH,4,fbhdaclengpikjom,-4,4,1
9,10,3,8952,DEL_EXPLORED,-4
9,10,4,8952,DEL_EXPLORED,-4
9,10,0,8953,POP,1,chadbfgejplonkmi
9,10,1,8953,POP,1,chadbfgijpelnkom
9,10,2,8953,PUSH,1,fbhdcalengpikjom,-4,4,-1,1
9,10,3,8953,POP,4,bchdfpgljkmenaio
9,10,4,8953,POP,4,bhgdfciljpaenkom
9,10,0,8954,DEL_EXPLORED,-1
9,10,1,8954,DEL_EXPLORED,-1
9,10,2,8954,DEL_CUTOFF,1
9,10,3,8954,DEL_EXPLORED,-4
9,10,4,8954,DEL_EXPLORED,-4
9,10,0,8955,PUSH,4,cfhdbagejplonkmi,-4,4,-1,1
9,10,1,8955,PUSH,4,cfhdbagijpelnkom,-4,4,-1,1
9,10,2,8955,DEL_EXPLORED,-1
9,10,3,8955,POP,4,bchdfpgljamenkio
9,10,4,8955,POP,4,bhgdfcaljpienkom
9,10,0,8956,DEL_CUTOFF,1
9,10,1,8956,DEL_CUTOFF,1
9,10,2,8956,DEL_CUTOFF,4
9,10,3,8956,PUSH,-4,bahdfcgljpmenkio,4,-1,1
9,10,4,8956,POP,1,bhadfcgljpienkom
9,10,0,8957,DEL_CUTOFF,-1
9,10,1,8957,DEL_CUTOFF,-1
9,10,2,8957,DEL_CUTOFF,-4
9,10,3,8957,PUSH,1,bhadfcgljpmenkio,4,-1,1
9,10,4,8957,PUSH,-1,abhdfcgljpienkom,4,1
9,10,0,8958,DEL_CUTOFF,4
9,10,1,8958,DEL_CUTOFF,4
9,10,2,8958,POP,1,fbhdcalengpikjom
9,10,3,8958,DEL_CUTOFF,1
9,10,4,8958,DEL_EXPLORED,1
9,10,0,8959,DEL_EXPLORED,-4
9,10,1,8959,DEL_EXPLORED,-4
9,10,2,8959,PUSH,4,fbhdncleagpikjom,-4,4,1
9,10,3,8959,DEL_EXPLORED,-1
9,10,4,8959,PUSH,4,fbhdacgljpienkom,-4,4,1
9,10,0,8960,POP,4,cfhdbagejplonkmi
9,10,1,8960,POP,4,cfhdbagijpelnkom
9,10,2,8960,DEL_CUTOFF,1
9,10,3,8960,DEL_CUTOFF,4
9,10,4,8960,PUSH,1,fbhdcagljpienkom,-4,4,-1,1
9,10,0,8961,POP,1,cahdbfgejplonkmi
9,10,1,8961,POP,1,cahdbfgijpelnkom
9,10,2,8961,DEL_CUTOFF,4
9,10,3,8961,POP,1,bhadfcgljpmenkio
9,10,4,8961,PUSH,1,fbhdcgaljpienkom,-4,4,-1,1
9,10,0,8962,DEL_EXPLORED,4
9,10,1,8962,DEL_EXPLORED,4
9,10,2,8962,DEL_EXPLORED,-4
9,10,3,8962,PUSH,-1,abhdfcgljpmenkio,4,1
9,10,4,8962,PUSH,1,fbhdcglajpienkom,-4,4,-1
9,10,0,8963,POP,-4,achdbfgejplonkmi
9,10,1,8963,POP,-4,achdbfgijpelnkom
9,10,2,8963,POP,4,fbhdncleagpikjom
9,10,3,8963,DEL_EXPLORED,1
9,10,4,8963,DEL_EXPLORED,-1
9,10,0,8964,POP,-1,bchdafgejplonkmi
9,10,1,8964,POP,-1,bchdafgijpelnkom
9,10,2,8964,DEL_EXPLORED,-4
9,10,3,8964,DEL_CUTOFF,4
9,10,4,8964,DEL_CUTOFF,4
9,10,0,8965,PUSH,4,bchdfpgejalonkmi,-4,4,-1,1
9,10,1,8965,PUSH,4,bchdfpgijaelnkom,-4,4,-1,1
9,10,2,8965,POP,4,fbhdaclengpikjom
9,10,3,8965,POP,-1,abhdfcgljpmenkio
9,10,4,8965,DEL_CUTOFF,-4
9,10,0,8966,PUSH,1,bchdfpgejlaonkmi,-4,4,-1,1
9,10,1,8966,PUSH,1,bchdfpgijealnkom,-4,4,-1,1
9,10,2,8966,POP,-1,abhdfclengpikjom
9,10,3,8966,DEL_EXPLORED,4
9,10,4,8966,POP,1,fbhdcglajpienkom
9,10,0,8967,PUSH,1,bchdfpgejloankmi,-4,4,-1
9,10,1,8967,PUSH,1,bchdfpgijelankom,-4,4,-1
9,10,2,8967,DEL_EXPLORED,4
9,10,3,8967,POP,-4,bahdfcgljpmenkio
9,10,4,8967,DEL_EXPLORED,-1
9,10,0,8968,DEL_EXPLORED,-1
9,10,1,8968,DEL_EXPLORED,-1
9,10,2,8968,POP,-4,bahdfclengpikjom
9,10,3,8968,POP,-1,bchdfagljpmenkio
9,10,4,8968,PUSH,4,fbhdcgiljpaenkom,-4,4,-1,1
9,10,0,8969,PUSH,4,bchdfpgejloinkma,-4,-1
9,10,1,8969,PUSH,4,bchdfpgijelmnkoa,-4,-1
9,10,2,8969,POP,-4,bchdfalengpikjom
9,10,3,8969,PUSH,4,bchdfgmljpaenkio,-4,4,-1,1
9,10,4,8969,DEL_CUTOFF,1
9,10,0,8970,DEL_CUTOFF,-1
9,10,1,8970,DEL_CUTOFF,-1
9,10,2,8970,POP,-4,bchdfglenapikjom
9,10,3,8970,PUSH,1,bchdfgmljpeankio,-4,4,-1
9,10,4,8970,DEL_CUTOFF,-1
9,10,0,8971,DEL_EXPLORED,-4
9,10,1,8971,DEL_EXPLORED,-4
9,10,2,8971,POP,1,bchdfglenjpikaom
9,10,3,8971,DEL_EXPLORED,-1
9,10,4,8971,DEL_CUTOFF,4
9,10,0,8972,POP,4,bchdfpgejloinkma
9,10,1,8972,POP,4,bchdfpgijelmnkoa
9,10,2,8972,DEL_EXPLORED,-4
9,10,3,8972,PUSH,4,bchdfgmljpeonkia,-4,-1
9,10,4,8972,DEL_EXPLORED,-4
9,10,0,8973,PUSH,-4,bchdfpgajloenkmi,-4,4,-1
9,10,1,8973,PUSH,-4,bchdfpgajelinkom,-4,4,-1
9,10,2,8973,POP,4,bchdfglenjpiakom
9,10,3,8973,DEL_CUTOFF,-1
9,10,4,8973,POP,4,fbhdcgiljpaenkom
9,10,0,8974,DEL_CUTOFF,-1
9,10,1,8974,DEL_CUTOFF,-1
9,10,2,8974,PUSH,-4,bchdaglefjpinkom,-4,4,1
9,10,3,8974,DEL_EXPLORED,-4
9,10,4,8974,PUSH,-4,fbadcghljpienkom,4,-1,1
9,10,0,8975,DEL_EXPLORED,4
9,10,1,8975,DEL_EXPLORED,4
9,10,2,8975,PUSH,1,bchdgalefjpinkom,-4,4,-1,1
9,10,3,8975,POP,4,bchdfgmljpeonkia
9,10,4,8975,DEL_CUTOFF,1
9,10,0,8976,DEL_CUTOFF,-4
9,10,1,8976,DEL_CUTOFF,-4
9,10,2,8976,PUSH,1,bchdglaefjpinkom,-4,4,-1,1
9,10,3,8976,PUSH,-4,bchdfgmajpelnkio,-4,4,-1
9,10,4,8976,DEL_CUTOFF,-1
9,10,0,8977,POP,-4,bchdfpgajloenkmi
9,10,1,8977,POP,-4,bchdfpgajelinkom
9,10,2,8977,PUSH,1,bchdgleafjpinkom,-4,4,-1
9,10,3,8977,DEL_CUTOFF,-1
9,10,4,8977,DEL_EXPLORED,4
9,10,0,8978,POP,1,bchdfpgejloankmi
9,10,1,8978,POP,1,bchdfpgijelankom
9,10,2,8978,DEL_EXPLORED,-1
9,10,3,8978,DEL_EXPLORED,4
9,10,4,8978,POP,-4,fbadcghljpienkom
9,10,0,8979,DEL_EXPLORED,-1
9,10,1,8979,DEL_EXPLORED,-1
9,10,2,8979,PUSH,4,bchdgleifjpankom,-4,4,-1
9,10,3,8979,DEL_CUTOFF,-4
9,10,4,8979,POP,1,fbhdcgaljpienkom
9,10,0,8980,PUSH,4,bchdfpgejlmonkai,-4,-1,1
9,10,1,8980,PUSH,4,bchdfpgijeolnkam,-4,-1,1
9,10,2,8980,PUSH,-1,bchdgleifjapnkom,-4,4,-1,1
9,10,3,8980,POP,-4,bchdfgmajpelnkio
9,10,4,8980,DEL_EXPLORED,-1
9,10,0,8981,PUSH,1,bchdfpgejlmonkia,-4,-1
9,10,1,8981,PUSH,1,bchdfpgijeolnkma,-4,-1
9,10,2,8981,DEL_EXPLORED,1
9,10,3,8981,POP,1,bchdfgmljpeankio
9,10,4,8981,PUSH,4,fbhdcpgljaienkom,-4,4,-1,1
9,10,0,8982,DEL_EXPLORED,-1
9,10,1,8982,DEL_EXPLORED,-1
9,10,2,8982,PUSH,-1,bchdgleifajpnkom,-4,4,-1,1
9,10,3,8982,PUSH,-1,bchdfgmljapenkio,-4,4,-1,1
9,10,4,8982,PUSH,1,fbhdcpgljiaenkom,-4,4,-1,1
9,10,0,8983,DEL_CUTOFF,-4
9,10,1,8983,DEL_CUTOFF,-4
9,10,2,8983,DEL_EXPLORED,1
9,10,3,8983,DEL_EXPLORED,1
9,10,4,8983,DEL_CUTOFF,1
9,10,0,8984,POP,1,bchdfpgejlmonkia
9,10,1,8984,POP,1,bchdfpgijeolnkma
9,10,2,8984,PUSH,-1,bchdgleiafjpnkom,-4,4,1
9,10,3,8984,PUSH,-1,bchdfgmlajpenkio,-4,4,1
9,10,4,8984,DEL_EXPLORED,-1
9,10,0,8985,PUSH,-1,bchdfpgejlmonaki,-4,-1,1
9,10,1,8985,PUSH,-1,bchdfpgijeolnakm,-4,-1,1
9,10,2,8985,DEL_EXPLORED,1
9,10,3,8985,DEL_EXPLORED,1
9,10,4,8985,DEL_CUTOFF,4
9,10,0,8986,DEL_EXPLORED,1
9,10,1,8986,DEL_EXPLORED,1
9,10,2,8986,DEL_CUTOFF,4
9,10,3,8986,DEL_CUTOFF,4
9,10,4,8986,DEL_CUTOFF,-4
9,10,0,8987,DEL_CUTOFF,-1
9,10,1,8987,DEL_CUTOFF,-1
9,10,2,8987,DEL_CUTOFF,-4
9,10,3,8987,DEL_CUTOFF,-4
9,10,4,8987,POP,1,fbhdcpgljiaenkom
9,10,0,8988,DEL_CUTOFF,-4
9,10,1,8988,DEL_CUTOFF,-4
9,10,2,8988,POP,-1,bchdgleiafjpnkom
9,10,3,8988,POP,-1,bchdfgmlajpenkio
9,10,4,8988,PUSH,-1,fbhdcpglajienkom,-4,4,1
9,10,0,8989,POP,-1,bchdfpgejlmonaki
9,10,1,8989,POP,-1,bchdfpgijeolnakm
9,10,2,8989,PUSH,4,bchdgleifkjpnaom,-4,-1,1
9,10,3,8989,PUSH,4,bchdfgmljkpenaio,-4,-1,1
9,10,4,8989,DEL_EXPLORED,1
9,10,0,8990,DEL_EXPLORED,-4
9,10,1,8990,DEL_EXPLORED,-4
9,10,2,8990,DEL_CUTOFF,1
9,10,3,8990,DEL_CUTOFF,1
9,10,4,8990,DEL_CUTOFF,4
9,10,0,8991,POP,4,bchdfpgejlmonkai
9,10,1,8991,POP,4,bchdfpgijeolnkam
9,10,2,8991,DEL_CUTOFF,-1
9,10,3,8991,DEL_CUTOFF,-1
9,10,4,8991,DEL_CUTOFF,-4
9,10,0,8992,PUSH,-4,bchdfpaejlgonkmi,-4,4,-1,1
9,10,1,8992,PUSH,-4,bchdfpaijeglnkom,-4,4,-1,1
9,10,2,8992,DEL_EXPLORED,-4
9,10,3,8992,DEL_EXPLORED,-4
9,10,4,8992,POP,-1,fbhdcpglajienkom
9,10,0,8993,PUSH,1,bchdfpeajlgonkmi,-4,4,-1
9,10,1,8993,PUSH,1,bchdfpiajeglnkom,-4,4,-1
9,10,2,8993,POP,4,bchdgleifkjpnaom
9,10,3,8993,POP,4,bchdfgmljkpenaio
9,10,4,8993,PUSH,4,fbhdcpgljkienaom,-4,-1,1
9,10,0,8994,DEL_EXPLORED,-1
9,10,1,8994,DEL_EXPLORED,-1
9,10,2,8994,PUSH,-4,bchdgaeifljpnkom,-4,4,-1,1
9,10,3,8994,PUSH,-4,bchdfamljgpenkio,-4,4,-1,1
9,10,4,8994,DEL_CUTOFF,1
9,10,0,8995,DEL_CUTOFF,4
9,10,1,8995,DEL_CUTOFF,4
9,10,2,8995,DEL_CUTOFF,1
9,10,3,8995,DEL_CUTOFF,1
9,10,4,8995,DEL_CUTOFF,-1
9,10,0,8996,DEL_CUTOFF,-4
9,10,1,8996,DEL_CUTOFF,-4
9,10,2,8996,DEL_CUTOFF,-1
9,10,3,8996,DEL_CUTOFF,-1
9,10,4,8996,DEL_EXPLORED,-4
9,10,0,8997,POP,1,bchdfpeajlgonkmi
9,10,1,8997,POP,1,bchdfpiajeglnkom
9,10,2,8997,DEL_EXPLORED,4
9,10,3,8997,DEL_EXPLORED,4
9,10,4,8997,POP,4,fbhdcpgljkienaom
9,10,0,8998,PUSH,-1,bchdfapejlgonkmi,-4,4,-1,1
9,10,1,8998,PUSH,-1,bchdfapijeglnkom,-4,4,-1,1
9,10,2,8998,DEL_CUTOFF,-4
9,10,3,8998,DEL_CUTOFF,-4
9,10,4,8998,DEL_EXPLORED,-4
9,10,0,8999,DEL_EXPLORED,1
9,10,1,8999,DEL_EXPLORED,1
9,10,2,8999,POP,-4,bchdgaeifljpnkom
9,10,3,8999,POP,-4,bchdfamljgpenkio
9,10,4,8999,POP,4,fbhdcpgljaienkom
9,10,0,9000,DEL_CUTOFF,-1
9,10,1,9000,DEL_CUTOFF,-1
9,10,2,9000,POP,-1,bchdgleifajpnkom
9,10,3,9000,POP,-1,bchdfgmljapenkio
9,10,4,9000,PUSH,-4,fahdcbgljpienkom,4,-1,1
9,10,0,9001,DEL_CUTOFF,4
9,10,1,9001,DEL_CUTOFF,4
9,10,2,9001,PUSH,4,bchdgleifjopnkam,-4,-1,1
9,10,3,9001,PUSH,4,bchdfgmljpienkao,-4,-1,1
9,10,4,9001,PUSH,1,fhadcbgljpienkom,4,-1,1
9,10,0,9002,DEL_CUTOFF,-4
9,10,1,9002,DEL_CUTOFF,-4
9,10,2,9002,PUSH,1,bchdgleifjopnkma,-4,-1
9,10,3,9002,PUSH,1,bchdfgmljpienkoa,-4,-1
9,10,4,9002,DEL_CUTOFF,1
9,10,0,9003,POP,-1,bchdfapejlgonkmi
9,10,1,9003,POP,-1,bchdfapijeglnkom
9,10,2,9003,DEL_EXPLORED,-1
9,10,3,9003,DEL_EXPLORED,-1
9,10,4,9003,DEL_EXPLORED,-1
9,10,0,9004,DEL_EXPLORED,4
9,10,1,9004,DEL_EXPLORED,4
9,10,2,9004,DEL_CUTOFF,-4
9,10,3,9004,DEL_CUTOFF,-4
9,10,4,9004,DEL_CUTOFF,4
9,10,0,9005,PUSH,-4,bcadfphejlgonkmi,4,-1,1
9,10,1,9005,PUSH,-4,bcadfphijeglnkom,4,-1,1
9,10,2,9005,POP,1,bchdgleifjopnkma
9,10,3,9005,POP,1,bchdfgmljpienkoa
9,10,4,9005,POP,1,fhadcbgljpienkom
9,10,0,9006,DEL_CUTOFF,1
9,10,1,9006,DEL_CUTOFF,1
9,10,2,9006,PUSH,-1,bchdgleifjopnakm,-4,-1,1
9,10,3,9006,PUSH,-1,bchdfgmljpienako,-4,-1,1
9,10,4,9006,PUSH,-1,afhdcbgljpienkom,4,1
9,10,0,9007,DEL_CUTOFF,-1
9,10,1,9007,DEL_CUTOFF,-1
9,10,2,9007,DEL_EXPLORED,1
9,10,3,9007,DEL_EXPLORED,1
9,10,4,9007,DEL_EXPLORED,1
9,10,0,9008,DEL_EXPLORED,4
9,10,1,9008,DEL_EXPLORED,4
9,10,2,9008,DEL_CUTOFF,-1
9,10,3,9008,DEL_CUTOFF,-1
9,10,4,9008,DEL_CUTOFF,4
9,10,0,9009,POP,-4,bcadfphejlgonkmi
9,10,1,9009,POP,-4,bcadfphijeglnkom
9,10,2,9009,DEL_CUTOFF,-4
9,10,3,9009,DEL_CUTOFF,-4
9,10,4,9009,POP,-1,afhdcbgljpienkom
9,10,0,9010,POP,-4,bchdfpaejlgonkmi
9,10,1,9010,POP,-4,bchdfpaijeglnkom
9,10,2,9010,POP,-1,bchdgleifjopnakm
9,10,3,9010,POP,-1,bchdfgmljpienako
9,10,4,9010,DEL_EXPLORED,4
9,10,0,9011,POP,1,bchdfpgejlaonkmi
9,10,1,9011,POP,1,bchdfpgijealnkom
9,10,2,9011,DEL_EXPLORED,-4
9,10,3,9011,DEL_EXPLORED,-4
9,10,4,9011,POP,-4,fahdcbgljpienkom
9,10,0,9012,PUSH,-1,bchdfpgeajlonkmi,-4,4,1
9,10,1,9012,PUSH,-1,bchdfpgiajelnkom,-4,4,1
9,10,2,9012,POP,4,bchdgleifjopnkam
9,10,3,9012,POP,4,bchdfgmljpienkao
9,10,4,9012,POP,1,fbhdcagljpienkom
9,10,0,9013,DEL_EXPLORED,1
9,10,1,9013,DEL_EXPLORED,1
9,10,2,9013,PUSH,-4,bchdglaifjepnkom,-4,4,-1,1
9,10,3,9013,DEL_EXPLORED,-4
9,10,4,9013,PUSH,4,fbhdjcglapienkom,-4,4,1
9,10,0,9014,PUSH,4,bchdfpgenjloakmi,-4,1
9,10,1,9014,PUSH,4,bchdfpginjelakom,-4,1
9,10,2,9014,PUSH,1,bchdgliafjepnkom,-4,4,-1
9,10,3,9014,POP,4,bchdfgmljpaenkio
9,10,4,9014,PUSH,1,fbhdjcglpaienkom,-4,4,-1,1
9,10,0,9015,PUSH,1,bchdfpgenjlokami,-4,-1,1
9,10,1,9015,PUSH,1,bchdfpginjelkaom,-4,-1,1
9,10,2,9015,DEL_EXPLORED,-1
9,10,3,9015,PUSH,-4,bcadfghljpmenkio,4,-1,1
9,10,4,9015,PUSH,1,fbhdjcglpiaenkom,-4,4,-1,1
9,10,0,9016,DEL_CUTOFF,1
9,10,1,9016,DEL_CUTOFF,1
9,10,2,9016,DEL_CUTOFF,4
9,10,3,9016,PUSH,1,bcdafghljpmenkio,4,-1
9,10,4,9016,DEL_CUTOFF,1
9,10,0,9017,DEL_EXPLORED,-1
9,10,1,9017,DEL_EXPLORED,-1
9,10,2,9017,DEL_CUTOFF,-4
9,10,3,9017,DEL_EXPLORED,-1
9,10,4,9017,DEL_EXPLORED,-1
9,10,0,9018,DEL_CUTOFF,-4
9,10,1,9018,DEL_CUTOFF,-4
9,10,2,9018,POP,1,bchdgliafjepnkom
9,10,3,9018,PUSH,4,bcdlfghajpmenkio,-4,4,-1
9,10,4,9018,DEL_CUTOFF,4
9,10,0,9019,POP,1,bchdfpgenjlokami
9,10,1,9019,POP,1,bchdfpginjelkaom
9,10,2,9019,PUSH,-1,bchdgalifjepnkom,-4,4,-1,1
9,10,3,9019,DEL_CUTOFF,-1
9,10,4,9019,DEL_CUTOFF,-4
9,10,0,9020,DEL_EXPLORED,-4
9,10,1,9020,DEL_EXPLORED,-4
9,10,2,9020,DEL_EXPLORED,1
9,10,3,9020,DEL_CUTOFF,4
9,10,4,9020,POP,1,fbhdjcglpiaenkom
9,10,0,9021,POP,4,bchdfpgenjloakmi
9,10,1,9021,POP,4,bchdfpginjelakom
9,10,2,9021,DEL_CUTOFF,-1
9,10,3,9021,DEL_EXPLORED,-4
9,10,4,9021,DEL_EXPLORED,-1
9,10,0,9022,PUSH,-4,bchdapgefjlonkmi,-4,4,1
9,10,1,9022,PUSH,-4,bchdapgifjelnkom,-4,4,1
9,10,2,9022,DEL_CUTOFF,4
9,10,3,9022,POP,4,bcdlfghajpmenkio
9,10,4,9022,PUSH,4,fbhdjcglpkienaom,-4,-1,1
9,10,0,9023,PUSH,1,bchdpagefjlonkmi,-4,4,-1,1
9,10,1,9023,PUSH,1,bchdpagifjelnkom,-4,4,-1,1
9,10,2,9023,DEL_CUTOFF,-4
9,10,3,9023,POP,1,bcdafghljpmenkio
9,10,4,9023,DEL_CUTOFF,1
9,10,0,9024,DEL_CUTOFF,1
9,10,1,9024,DEL_CUTOFF,1
9,10,2,9024,POP,-1,bchdgalifjepnkom
9,10,3,9024,PUSH,-1,bacdfghljpmenkio,4,-1,1
9,10,4,9024,DEL_CUTOFF,-1
9,10,0,9025,DEL_EXPLORED,-1
9,10,1,9025,DEL_EXPLORED,-1
9,10,2,9025,DEL_EXPLORED,4
9,10,3,9025,DEL_EXPLORED,1
9,10,4,9025,DEL_EXPLORED,-4
9,10,0,9026,DEL_CUTOFF,4
9,10,1,9026,DEL_CUTOFF,4
9,10,2,9026,PUSH,-4,bcadglhifjepnkom,4,-1,1
9,10,3,9026,PUSH,-1,abcdfghljpmenkio,4,1
9,10,4,9026,POP,4,fbhdjcglpkienaom
9,10,0,9027,DEL_CUTOFF,-4
9,10,1,9027,DEL_CUTOFF,-4
9,10,2,9027,DEL_CUTOFF,1
9,10,3,9027,DEL_EXPLORED,1
9,10,4,9027,PUSH,-4,fbhdjaglpcienkom,-4,4,-1,1
9,10,0,9028,POP,1,bchdpagefjlonkmi
9,10,1,9028,POP,1,bchdpagifjelnkom
9,10,2,9028,DEL_CUTOFF,-1
9,10,3,9028,DEL_CUTOFF,4
9,10,4,9028,DEL_CUTOFF,1
9,10,0,9029,DEL_EXPLORED,4
9,10,1,9029,DEL_EXPLORED,4
9,10,2,9029,DEL_EXPLORED,4
9,10,3,9029,POP,-1,abcdfghljpmenkio
9,10,4,9029,DEL_CUTOFF,-1
9,10,0,9030,PUSH,-4,achdbpgefjlonkmi,4,1
9,10,1,9030,PUSH,-4,achdbpgifjelnkom,4,1
9,10,2,9030,POP,-4,bcadglhifjepnkom
9,10,3,9030,PUSH,4,bgcdfahljpmenkio,-4,4,-1,1
9,10,4,9030,DEL_EXPLORED,4
9,10,0,9031,DEL_CUTOFF,1
9,10,1,9031,DEL_CUTOFF,1
9,10,2,9031,POP,-4,bchdglaifjepnkom
9,10,3,9031,DEL_CUTOFF,1
9,10,4,9031,DEL_CUTOFF,-4
9,10,0,9032,DEL_EXPLORED,4
9,10,1,9032,DEL_EXPLORED,4
9,10,2,9032,POP,-1,bchdgleifjapnkom
9,10,3,9032,DEL_CUTOFF,-1
9,10,4,9032,POP,-4,fbhdjaglpcienkom
9,10,0,9033,POP,-4,achdbpgefjlonkmi
9,10,1,9033,POP,-4,achdbpgifjelnkom
9,10,2,9033,PUSH,4,bchdgleifjpmnkoa,-4,-1
9,10,3,9033,DEL_CUTOFF,4
9,10,4,9033,POP,1,fbhdjcglpaienkom
9,10,0,9034,POP,-4,bchdapgefjlonkmi
9,10,1,9034,POP,-4,bchdapgifjelnkom
9,10,2,9034,PUSH,-1,bchdgleifjpmnkao,-4,-1,1
9,10,3,9034,DEL_EXPLORED,-4
9,10,4,9034,PUSH,4,fbhdjcglnpieakom,-4,1
9,10,0,9035,POP,-1,bchdfpgeajlonkmi
9,10,1,9035,POP,-1,bchdfpgiajelnkom
9,10,2,9035,DEL_EXPLORED,1
9,10,3,9035,POP,4,bgcdfahljpmenkio
9,10,4,9035,PUSH,1,fbhdjcglnpiekaom,-4,-1,1
9,10,0,9036,PUSH,4,bchdfpgejklonami,-4,-1,1
9,10,1,9036,PUSH,4,bchdfpgijkelnaom,-4,-1,1
9,10,2,9036,PUSH,-1,bchdgleifjpmnako,-4,-1,1
9,10,3,9036,POP,-1,bacdfghljpmenkio
9,10,4,9036,DEL_CUTOFF,1
9,10,0,9037,PUSH,1,bchdfpgejklonmai,-4,-1,1
9,10,1,9037,PUSH,1,bchdfpgijkelnoam,-4,-1,1
9,10,2,9037,DEL_EXPLORED,1
9,10,3,9037,DEL_EXPLORED,4
9,10,4,9037,DEL_EXPLORED,-1
9,10,0,9038,PUSH,1,bchdfpgejklonmia,-4,-1
9,10,1,9038,PUSH,1,bchdfpgijkelnoma,-4,-1
9,10,2,9038,DEL_CUTOFF,-1
9,10,3,9038,POP,-4,bcadfghljpmenkio
9,10,4,9038,DEL_CUTOFF,-4
9,10,0,9039,DEL_EXPLORED,-1
9,10,1,9039,DEL_EXPLORED,-1
9,10,2,9039,DEL_CUTOFF,-4
9,10,3,9039,POP,-1,bchdfgaljpmenkio
9,10,4,9039,POP,1,fbhdjcglnpiekaom
9,10,0,9040,DEL_CUTOFF,-4
9,10,1,9040,DEL_CUTOFF,-4
9,10,2,9040,POP,-1,bchdgleifjpmnako
9,10,3,9040,DEL_EXPLORED,4
9,10,4,9040,DEL_EXPLORED,-4
9,10,0,9041,POP,1,bchdfpgejklonmia
9,10,1,9041,POP,1,bchdfpgijkelnoma
9,10,2,9041,PUSH,-4,bchdgleifjamnkpo,-4,4,-1,1
9,10,3,9041,PUSH,-4,bchafgldjpmenkio,4,-1
9,10,4,9041,POP,4,fbhdjcglnpieakom
9,10,0,9042,DEL_EXPLORED,-1
9,10,1,9042,DEL_EXPLORED,-1
9,10,2,9042,DEL_CUTOFF,1
9,10,3,9042,PUSH,-1,bcahfgldjpmenkio,4,-1,1
9,10,4,9042,DEL_EXPLORED,-4
9,10,0,9043,PUSH,-4,bchdfpgejkaonmli,-4,4,-1,1
9,10,1,9043,PUSH,-4,bchdfpgijkalnoem,-4,4,-1,1
9,10,2,9043,DEL_CUTOFF,-1
9,10,3,9043,DEL_EXPLORED,1
9,10,4,9043,POP,4,fbhdjcglapienkom
9,10,0,9044,DEL_CUTOFF,1
9,10,1,9044,DEL_CUTOFF,1
9,10,2,9044,DEL_EXPLORED,4
9,10,3,9044,PUSH,-1,bachfgldjpmenkio,4,-1,1
9,10,4,9044,DEL_EXPLORED,-4
9,10,0,9045,DEL_CUTOFF,-1
9,10,1,9045,DEL_CUTOFF,-1
9,10,2,9045,DEL_CUTOFF,-4
9,10,3,9045,DEL_EXPLORED,1
9,10,4,9045,POP,4,fbhdacgljpienkom
9,10,0,9046,DEL_EXPLORED,4
9,10,1,9046,DEL_EXPLORED,4
9,10,2,9046,POP,-4,bchdgleifjamnkpo
9,10,3,9046,PUSH,-1,abchfgldjpmenkio,4,1
9,10,4,9046,POP,-1,abhdfcgljpienkom
9,10,0,9047,DEL_CUTOFF,-4
9,10,1,9047,DEL_CUTOFF,-4
9,10,2,9047,POP,-1,bchdgleifjpmnkao
9,10,3,9047,DEL_EXPLORED,1
9,10,4,9047,DEL_EXPLORED,4
9,10,0,9048,POP,-4,bchdfpgejkaonmli
9,10,1,9048,POP,-4,bchdfpgijkalnoem
9,10,2,9048,DEL_EXPLORED,-4
9,10,3,9048,DEL_CUTOFF,4
9,10,4,9048,POP,-4,bahdfcgljpienkom
9,10,0,9049,POP,1,bchdfpgejklonmai
9,10,1,9049,POP,1,bchdfpgijkelnoam
9,10,2,9049,POP,4,bchdgleifjpmnkoa
9,10,3,9049,POP,-1,abchfgldjpmenkio
9,10,4,9049,POP,-1,bchdfagljpienkom
9,10,0,9050,PUSH,-1,bchdfpgejkloanmi,-4,1
9,10,1,9050,PUSH,-1,bchdfpgijkelanom,-4,1
9,10,2,9050,DEL_EXPLORED,-4
9,10,3,9050,PUSH,4,bgchfaldjpmenkio,-4,4,-1,1
9,10,4,9050,PUSH,4,bchdfgiljpaenkom,-4,4,-1,1
9,10,0,9051,DEL_EXPLORED,1
9,10,1,9051,DEL_EXPLORED,1
9,10,2,9051,POP,4,bchdgleifjpankom
9,10,3,9051,DEL_CUTOFF,1
9,10,4,9051,PUSH,1,bchdfgiljpeankom,-4,4,-1
9,10,0,9052,PUSH,-4,bchdfpgeaklojnmi,-4,4,1
9,10,1,9052,PUSH,-4,bchdfpgiakeljnom,-4,4,1
9,10,2,9052,PUSH,-4,bchagledfjpinkom,4,-1
9,10,3,9052,DEL_CUTOFF,-1
9,10,4,9052,DEL_EXPLORED,-1
9,10,0,9053,DEL_CUTOFF,1
9,10,1,9053,DEL_CUTOFF,1
9,10,2,9053,PUSH,-1,bcahgledfjpinkom,4,-1,1
9,10,3,9053,DEL_CUTOFF,4
9,10,4,9053,PUSH,4,bchdfgiljpemnkoa,-4,-1
9,10,0,9054,DEL_EXPLORED,4
9,10,1,9054,DEL_EXPLORED,4
9,10,2,9054,DEL_EXPLORED,1
9,10,3,9054,DEL_EXPLORED,-4
9,10,4,9054,PUSH,-1,bchdfgiljpemnkao,-4,-1,1
9,10,0,9055,DEL_CUTOFF,-4
9,10,1,9055,DEL_CUTOFF,-4
9,10,2,9055,PUSH,-1,bachgledfjpinkom,4,-1,1
9,10,3,9055,POP,4,bgchfaldjpmenkio
9,10,4,9055,DEL_EXPLORED,1
9,10,0,9056,POP,-4,bchdfpgeaklojnmi
9,10,1,9056,POP,-4,bchdfpgiakeljnom
9,10,2,9056,DEL_EXPLORED,1
9,10,3,9056,POP,-1,bachfgldjpmenkio
9,10,4,9056,PUSH,-1,bchdfgiljpemnako,-4,-1,1
9,10,0,9057,POP,-1,bchdfpgejkloanmi
9,10,1,9057,POP,-1,bchdfpgijkelanom
9,10,2,9057,PUSH,-1,abchgledfjpinkom,4,1
9,10,3,9057,PUSH,4,bclhfgadjpmenkio,-4,4,-1,1
9,10,4,9057,DEL_EXPLORED,1
9,10,0,9058,DEL_EXPLORED,-4
9,10,1,9058,DEL_EXPLORED,-4
9,10,2,9058,DEL_EXPLORED,1
9,10,3,9058,PUSH,1,bclhfgdajpmenkio,-4,4,-1
9,10,4,9058,PUSH,-1,bchdfgiljpemanko,-4,1
9,10,0,9059,POP,4,bchdfpgejklonami
9,10,1,9059,POP,4,bchdfpgijkelnaom
9,10,2,9059,DEL_CUTOFF,4
9,10,3,9059,DEL_EXPLORED,-1
9,10,4,9059,DEL_EXPLORED,1
9,10,0,9060,DEL_EXPLORED,-4
9,10,1,9060,DEL_EXPLORED,-4
9,10,2,9060,POP,-1,abchgledfjpinkom
9,10,3,9060,DEL_CUTOFF,4
9,10,4,9060,PUSH,-4,bchdfgilapemjnko,-4,4,1
9,10,0,9061,POP,4,bchdfpgejalonkmi
9,10,1,9061,POP,4,bchdfpgijaelnkom
9,10,2,9061,PUSH,4,blchgaedfjpinkom,-4,4,-1,1
9,10,3,9061,DEL_CUTOFF,-4
9,10,4,9061,DEL_CUTOFF,1
9,10,0,9062,PUSH,-4,bahdfcgejplonkmi,4,-1,1
9,10,1,9062,PUSH,-4,bahdfcgijpelnkom,4,-1,1
9,10,2,9062,DEL_CUTOFF,1
9,10,3,9062,POP,1,bclhfgdajpmenkio
9,10,4,9062,DEL_EXPLORED,4
9,10,0,9063,PUSH,1,bhadfcgejplonkmi,4,-1,1
9,10,1,9063,PUSH,1,bhadfcgijpelnkom,4,-1,1
9,10,2,9063,DEL_CUTOFF,-1
9,10,3,9063,PUSH,-1,bclhfagdjpmenkio,-4,4,-1,1
9,10,4,9063,DEL_CUTOFF,-4
9,10,0,9064,PUSH,1,bhdafcgejplonkmi,4,-1
9,10,1,9064,PUSH,1,bhdafcgijpelnkom,4,-1
9,10,2,9064,DEL_CUTOFF,4
9,10,3,9064,DEL_EXPLORED,1
9,10,4,9064,POP,-4,bchdfgilapemjnko
9,10,0,9065,DEL_EXPLORED,-1
9,10,1,9065,DEL_EXPLORED,-1
9,10,2,9065,DEL_EXPLORED,-4
9,10,3,9065,DEL_CUTOFF,-1
9,10,4,9065,POP,-1,bchdfgiljpemanko
9,10,0,9066,PUSH,4,bhdefcgajplonkmi,-4,4,-1
9,10,1,9066,PUSH,4,bhdifcgajpelnkom,-4,4,-1
9,10,2,9066,POP,4,blchgaedfjpinkom
9,10,3,9066,DEL_CUTOFF,4
9,10,4,9066,PUSH,-4,bchdfgiljaemnpko,-4,4,-1,1
9,10,0,9067,DEL_CUTOFF,-1
9,10,1,9067,DEL_CUTOFF,-1
9,10,2,9067,POP,-1,bachgledfjpinkom
9,10,3,9067,DEL_CUTOFF,-4
9,10,4,9067,PUSH,1,bchdfgiljeamnpko,-4,4,-1,1
9,10,0,9068,DEL_CUTOFF,4
9,10,1,9068,DEL_CUTOFF,4
9,10,2,9068,PUSH,4,bcehgladfjpinkom,-4,4,-1,1
9,10,3,9068,POP,-1,bclhfagdjpmenkio
9,10,4,9068,DEL_CUTOFF,1
9,10,0,9069,DEL_EXPLORED,-4
9,10,1,9069,DEL_EXPLORED,-4
9,10,2,9069,PUSH,1,bcehgldafjpinkom,-4,4,-1
9,10,3,9069,PUSH,4,bclhfgmdjpaenkio,-4,4,-1,1
9,10,4,9069,DEL_EXPLORED,-1
9,10,0,9070,POP,4,bhdefcgajplonkmi
9,10,1,9070,POP,4,bhdifcgajpelnkom
9,10,2,9070,DEL_EXPLORED,-1
9,10,3,9070,DEL_CUTOFF,1
9,10,4,9070,DEL_CUTOFF,4
9,10,0,9071,POP,1,bhdafcgejplonkmi
9,10,1,9071,POP,1,bhdafcgijpelnkom
9,10,2,9071,DEL_CUTOFF,4
9,10,3,9071,DEL_CUTOFF,-1
9,10,4,9071,DEL_CUTOFF,-4
9,10,0,9072,DEL_EXPLORED,-1
9,10,1,9072,DEL_EXPLORED,-1
9,10,2,9072,DEL_CUTOFF,-4
9,10,3,9072,DEL_CUTOFF,4
9,10,4,9072,POP,1,bchdfgiljeamnpko
9,10,0,9073,PUSH,4,bhgdfcaejplonkmi,-4,4,-1,1
9,10,1,9073,PUSH,4,bhgdfcaijpelnkom,-4,4,-1,1
9,10,2,9073,POP,1,bcehgldafjpinkom
9,10,3,9073,DEL_EXPLORED,-4
9,10,4,9073,PUSH,-1,bchdfgilajemnpko,-4,4,1
9,10,0,9074,PUSH,1,bhgdfceajplonkmi,-4,4,-1
9,10,1,9074,PUSH,1,bhgdfciajpelnkom,-4,4,-1
9,10,2,9074,PUSH,-1,bcehgaldfjpinkom,-4,4,-1,1
9,10,3,9074,POP,4,bclhfgmdjpaenkio
9,10,4,9074,DEL_EXPLORED,1
9,10,0,9075,DEL_EXPLORED,-1
9,10,1,9075,DEL_EXPLORED,-1
9,10,2,9075,DEL_EXPLORED,1
9,10,3,9075,DEL_EXPLORED,-4
9,10,4,9075,DEL_CUTOFF,4
9,10,0,9076,DEL_CUTOFF,4
9,10,1,9076,DEL_CUTOFF,4
9,10,2,9076,DEL_CUTOFF,-1
9,10,3,9076,POP,4,bclhfgadjpmenkio
9,10,4,9076,DEL_CUTOFF,-4
9,10,0,9077,DEL_CUTOFF,-4
9,10,1,9077,DEL_CUTOFF,-4
9,10,2,9077,DEL_CUTOFF,4
9,10,3,9077,POP,-1,bcahfgldjpmenkio
9,10,4,9077,POP,-1,bchdfgilajemnpko
9,10,0,9078,POP,1,bhgdfceajplonkmi
9,10,1,9078,POP,1,bhgdfciajpelnkom
9,10,2,9078,DEL_CUTOFF,-4
9,10,3,9078,DEL_EXPLORED,4
9,10,4,9078,DEL_EXPLORED,4
9,10,0,9079,PUSH,-1,bhgdfacejplonkmi,-4,4,-1,1
9,10,1,9079,PUSH,-1,bhgdfacijpelnkom,-4,4,-1,1
9,10,2,9079,POP,-1,bcehgaldfjpinkom
9,10,3,9079,POP,-4,bchafgldjpmenkio
9,10,4,9079,PUSH,-4,bchdfailjgemnpko,-4,4,-1,1
9,10,0,9080,DEL_EXPLORED,1
9,10,1,9080,DEL_EXPLORED,1
9,10,2,9080,PUSH,4,bcehglpdfjainkom,-4,4,-1,1
9,10,3,9080,POP,-4,bchdfglajpmenkio
9,10,4,9080,DEL_CUTOFF,1
9,10,0,9081,DEL_CUTOFF,-1
9,10,1,9081,DEL_CUTOFF,-1
9,10,2,9081,DEL_CUTOFF,1
9,10,3,9081,POP,1,bchdfglejpmankio
9,10,4,9081,DEL_CUTOFF,-1
9,10,0,9082,DEL_CUTOFF,4
9,10,1,9082,DEL_CUTOFF,4
9,10,2,9082,DEL_CUTOFF,-1
9,10,3,9082,PUSH,-1,bchdfglejapmnkio,-4,4,-1,1
9,10,4,9082,DEL_EXPLORED,4
9,10,0,9083,DEL_CUTOFF,-4
9,10,1,9083,DEL_CUTOFF,-4
9,10,2,9083,DEL_CUTOFF,4
9,10,3,9083,DEL_EXPLORED,1
9,10,4,9083,DEL_CUTOFF,-4
9,10,0,9084,POP,-1,bhgdfacejplonkmi
9,10,1,9084,POP,-1,bhgdfacijpelnkom
9,10,2,9084,DEL_EXPLORED,-4
9,10,3,9084,PUSH,-1,bchdfgleajpmnkio,-4,4,1
9,10,4,9084,POP,-4,bchdfailjgemnpko
9,10,0,9085,PUSH,4,bhgdfclejpaonkmi,-4,4,-1,1
9,10,1,9085,PUSH,4,bhgdfceijpalnkom,-4,4,-1,1
9,10,2,9085,POP,4,bcehglpdfjainkom
9,10,3,9085,DEL_EXPLORED,1
9,10,4,9085,POP,-4,bchdfgiljaemnpko
9,10,0,9086,DEL_CUTOFF,1
9,10,1,9086,DEL_CUTOFF,1
9,10,2,9086,DEL_EXPLORED,-4
9,10,3,9086,PUSH,4,bchdfglenjpmakio,-4,1
9,10,4,9086,POP,-1,bchdfgiljpemnako
9,10,0,9087,DEL_CUTOFF,-1
9,10,1,9087,DEL_CUTOFF,-1
9,10,2,9087,POP,4,bcehgladfjpinkom
9,10,3,9087,PUSH,1,bchdfglenjpmkaio,-4,-1,1
9,10,4,9087,PUSH,-4,bchdfgiljpamnkeo,-4,4,-1,1
9,10,0,9088,DEL_CUTOFF,4
9,10,1,9088,DEL_CUTOFF,4
9,10,2,9088,POP,-1,bcahgledfjpinkom
9,10,3,9088,PUSH,1,bchdfglenjpmkiao,-4,-1,1
9,10,4,9088,PUSH,1,bchdfgiljpmankeo,-4,4,-1
9,10,0,9089,DEL_EXPLORED,-4
9,10,1,9089,DEL_EXPLORED,-4
9,10,2,9089,DEL_EXPLORED,4
9,10,3,9089,PUSH,1,bchdfglenjpmkioa,-4,-1
9,10,4,9089,DEL_EXPLORED,-1
9,10,0,9090,POP,4,bhgdfclejpaonkmi
9,10,1,9090,POP,4,bhgdfceijpalnkom
9,10,2,9090,POP,-4,bchagledfjpinkom
9,10,3,9090,DEL_EXPLORED,-1
9,10,4,9090,PUSH,4,bchdfgiljpmonkea,-4,-1
9,10,0,9091,DEL_EXPLORED,-4
9,10,1,9091,DEL_EXPLORED,-4
9,10,2,9091,POP,1,bchdgleafjpinkom
9,10,3,9091,DEL_CUTOFF,-4
9,10,4,9091,DEL_CUTOFF,-1
9,10,0,9092,POP,4,bhgdfcaejplonkmi
9,10,1,9092,POP,4,bhgdfcaijpelnkom
9,10,2,9092,DEL_EXPLORED,-1
9,10,3,9092,POP,1,bchdfglenjpmkioa
9,10,4,9092,DEL_EXPLORED,-4
9,10,0,9093,POP,1,bhadfcgejplonkmi
9,10,1,9093,POP,1,bhadfcgijpelnkom
9,10,2,9093,PUSH,4,bchdglpefjainkom,-4,4,-1,1
9,10,3,9093,DEL_EXPLORED,-1
9,10,4,9093,POP,4,bchdfgiljpmonkea
9,10,0,9094,PUSH,-1,abhdfcgejplonkmi,4,1
9,10,1,9094,PUSH,-1,abhdfcgijpelnkom,4,1
9,10,2,9094,PUSH,1,bchdglpefjiankom,-4,4,-1
9,10,3,9094,PUSH,-4,bchdfglenjamkipo,-4,4,-1,1
9,10,4,9094,PUSH,-4,bchdfgiajpmlnkeo,-4,4,-1
9,10,0,9095,DEL_EXPLORED,1
9,10,1,9095,DEL_EXPLORED,1
9,10,2,9095,DEL_EXPLORED,-1
9,10,3,9095,DEL_CUTOFF,1
9,10,4,9095,DEL_CUTOFF,-1
9,10,0,9096,PUSH,4,fbhdacgejplonkmi,-4,4,1
9,10,1,9096,PUSH,4,fbhdacgijpelnkom,-4,4,1
9,10,2,9096,PUSH,4,bchdglpefjimnkoa,-4,-1
9,10,3,9096,DEL_CUTOFF,-1
9,10,4,9096,DEL_EXPLORED,4
9,10,0,9097,PUSH,1,fbhdcagejplonkmi,-4,4,-1,1
9,10,1,9097,PUSH,1,fbhdcagijpelnkom,-4,4,-1,1
9,10,2,9097,PUSH,-1,bchdglpefjimnkao,-4,-1,1
9,10,3,9097,DEL_EXPLORED,4
9,10,4,9097,DEL_CUTOFF,-4
9,10,0,9098,DEL_CUTOFF,1
9,10,1,9098,DEL_CUTOFF,1
9,10,2,9098,DEL_EXPLORED,1
9,10,3,9098,DEL_CUTOFF,-4
9,10,4,9098,POP,-4,bchdfgiajpmlnkeo
9,10,0,9099,DEL_EXPLORED,-1
9,10,1,9099,DEL_EXPLORED,-1
9,10,2,9099,PUSH,-1,bchdglpefjimnako,-4,-1,1
9,10,3,9099,POP,-4,bchdfglenjamkipo
9,10,4,9099,POP,1,bchdfgiljpmankeo
9,10,0,9100,DEL_CUTOFF,4
9,10,1,9100,DEL_CUTOFF,4
9,10,2,9100,DEL_EXPLORED,1
9,10,3,9100,POP,1,bchdfglenjpmkiao
9,10,4,9100,PUSH,-1,bchdfgiljapmnkeo,-4,4,-1,1
9,10,0,9101,DEL_CUTOFF,-4
9,10,1,9101,DEL_CUTOFF,-4
9,10,2,9101,DEL_CUTOFF,-1
9,10,3,9101,DEL_EXPLORED,-1
9,10,4,9101,DEL_EXPLORED,1
9,10,0,9102,POP,1,fbhdcagejplonkmi
9,10,1,9102,POP,1,fbhdcagijpelnkom
9,10,2,9102,DEL_CUTOFF,-4
9,10,3,9102,PUSH,-4,bchdfglenapmkjio,-4,4,-1,1
9,10,4,9102,PUSH,-1,bchdfgilajpmnkeo,-4,4,1
9,10,0,9103,PUSH,4,fbhdjcgeaplonkmi,-4,4,1
9,10,1,9103,PUSH,4,fbhdjcgiapelnkom,-4,4,1
9,10,2,9103,POP,-1,bchdglpefjimnako
9,10,3,9103,PUSH,1,bchdfglenpamkjio,-4,4,-1,1
9,10,4,9103,DEL_EXPLORED,1
9,10,0,9104,DEL_CUTOFF,1
9,10,1,9104,DEL_CUTOFF,1
9,10,2,9104,PUSH,-4,bchdglpefjamnkio,-4,4,-1,1
9,10,3,9104,DEL_CUTOFF,1
9,10,4,9104,DEL_CUTOFF,4
9,10,0,9105,DEL_CUTOFF,4
9,10,1,9105,DEL_CUTOFF,4
9,10,2,9105,DEL_CUTOFF,1
9,10,3,9105,DEL_EXPLORED,-1
9,10,4,9105,DEL_CUTOFF,-4
9,10,0,9106,DEL_EXPLORED,-4
9,10,1,9106,DEL_EXPLORED,-4
9,10,2,9106,DEL_CUTOFF,-1
9,10,3,9106,DEL_CUTOFF,4
9,10,4,9106,POP,-1,bchdfgilajpmnkeo
9,10,0,9107,POP,4,fbhdjcgeaplonkmi
9,10,1,9107,POP,4,fbhdjcgiapelnkom
9,10,2,9107,DEL_EXPLORED,4
9,10,3,9107,DEL_CUTOFF,-4
9,10,4,9107,PUSH,4,bchdfgiljkpmnaeo,-4,-1,1
9,10,0,9108,DEL_EXPLORED,-4
9,10,1,9108,DEL_EXPLORED,-4
9,10,2,9108,DEL_CUTOFF,-4
9,10,3,9108,POP,1,bchdfglenpamkjio
9,10,4,9108,DEL_CUTOFF,1
9,10,0,9109,POP,4,fbhdacgejplonkmi
9,10,1,9109,POP,4,fbhdacgijpelnkom
9,10,2,9109,POP,-4,bchdglpefjamnkio
9,10,3,9109,PUSH,-1,bchdfgleanpmkjio,-4,4,1
9,10,4,9109,DEL_CUTOFF,-1
9,10,0,9110,POP,-1,abhdfcgejplonkmi
9,10,1,9110,POP,-1,abhdfcgijpelnkom
9,10,2,9110,POP,-1,bchdglpefjimnkao
9,10,3,9110,DEL_EXPLORED,1
9,10,4,9110,DEL_EXPLORED,-4
9,10,0,9111,DEL_EXPLORED,4
9,10,1,9111,DEL_EXPLORED,4
9,10,2,9111,DEL_EXPLORED,-4
9,10,3,9111,DEL_CUTOFF,4
9,10,4,9111,POP,4,bchdfgiljkpmnaeo
9,10,0,9112,POP,-4,bahdfcgejplonkmi
9,10,1,9112,POP,-4,bahdfcgijpelnkom
9,10,2,9112,POP,4,bchdglpefjimnkoa
9,10,3,9112,DEL_CUTOFF,-4
9,10,4,9112,PUSH,-4,bchdfailjgpmnkeo,-4,4,-1,1
9,10,0,9113,POP,-1,bchdfagejplonkmi
9,10,1,9113,POP,-1,bchdfagijpelnkom
9,10,2,9113,PUSH,-4,bchdglpafjienkom,-4,4,-1
9,10,3,9113,POP,-1,bchdfgleanpmkjio
9,10,4,9113,DEL_CUTOFF,1
9,10,0,9114,DEL_EXPLORED,4
9,10,1,9114,DEL_EXPLORED,4
9,10,2,9114,PUSH,-1,bchdglapfjienkom,-4,4,-1,1
9,10,3,9114,DEL_EXPLORED,4
9,10,4,9114,DEL_CUTOFF,-1
9,10,0,9115,PUSH,-4,bcadfghejplonkmi,4,-1,1
9,10,1,9115,PUSH,-4,bcadfghijpelnkom,4,-1,1
9,10,2,9115,DEL_EXPLORED,1
9,10,3,9115,PUSH,-4,bchdfalengpmkjio,-4,4,-1,1
9,10,4,9115,DEL_EXPLORED,4
9,10,0,9116,PUSH,1,bcdafghejplonkmi,4,-1
9,10,1,9116,PUSH,1,bcdafghijpelnkom,4,-1
9,10,2,9116,PUSH,-1,bchdgalpfjienkom,-4,4,-1,1
9,10,3,9116,DEL_CUTOFF,1
9,10,4,9116,DEL_CUTOFF,-4
9,10,0,9117,DEL_EXPLORED,-1
9,10,1,9117,DEL_EXPLORED,-1
9,10,2,9117,DEL_EXPLORED,1
9,10,3,9117,DEL_CUTOFF,-1
9,10,4,9117,POP,-4,bchdfailjgpmnkeo
9,10,0,9118,PUSH,4,bcdefghajplonkmi,-4,4,-1
9,10,1,9118,PUSH,4,bcdifghajpelnkom,-4,4,-1
9,10,2,9118,DEL_CUTOFF,-1
9,10,3,9118,DEL_EXPLORED,4
9,10,4,9118,POP,-1,bchdfgiljapmnkeo
9,10,0,9119,PUSH,-1,bcdefgahjplonkmi,-4,4,-1,1
9,10,1,9119,PUSH,-1,bcdifgahjpelnkom,-4,4,-1,1
9,10,2,9119,DEL_CUTOFF,4
9,10,3,9119,DEL_CUTOFF,-4
9,10,4,9119,DEL_EXPLORED,4
9,10,0,9120,DEL_EXPLORED,1
9,10,1,9120,DEL_EXPLORED,1
9,10,2,9120,DEL_CUTOFF,-4
9,10,3,9120,POP,-4,bchdfalengpmkjio
9,10,4,9120,PUSH,-4,bchdfgaljpimnkeo,-4,4,-1,1
9,10,0,9121,PUSH,-1,bcdefaghjplonkmi,-4,4,-1,1
9,10,1,9121,PUSH,-1,bcdifaghjpelnkom,-4,4,-1,1
9,10,2,9121,POP,-1,bchdgalpfjienkom
9,10,3,9121,POP,-4,bchdfglenapmkjio
9,10,4,9121,PUSH,1,bchdfglajpimnkeo,-4,4,-1
9,10,0,9122,DEL_EXPLORED,1
9,10,1,9122,DEL_EXPLORED,1
9,10,2,9122,PUSH,4,bchdglipfjaenkom,-4,4,-1,1
9,10,3,9122,POP,1,bchdfglenjpmkaio
9,10,4,9122,DEL_EXPLORED,-1
9,10,0,9123,DEL_CUTOFF,-1
9,10,1,9123,DEL_CUTOFF,-1
9,10,2,9123,DEL_CUTOFF,1
9,10,3,9123,DEL_EXPLORED,-4
9,10,4,9123,DEL_CUTOFF,4
9,10,0,9124,DEL_CUTOFF,4
9,10,1,9124,DEL_CUTOFF,4
9,10,2,9124,DEL_CUTOFF,-1
9,10,3,9124,POP,4,bchdfglenjpmakio
9,10,4,9124,DEL_CUTOFF,-4
9,10,0,9125,DEL_CUTOFF,-4
9,10,1,9125,DEL_CUTOFF,-4
9,10,2,9125,DEL_CUTOFF,4
9,10,3,9125,PUSH,-4,bchdaglefjpmnkio,-4,4,1
9,10,4,9125,POP,1,bchdfglajpimnkeo
9,10,0,9126,POP,-1,bcdefaghjplonkmi
9,10,1,9126,POP,-1,bcdifaghjpelnkom
9,10,2,9126,DEL_EXPLORED,-4
9,10,3,9126,PUSH,1,bchdgalefjpmnkio,-4,4,-1,1
9,10,4,9126,PUSH,-1,bchdfagljpimnkeo,-4,4,-1,1
9,10,0,9127,PUSH,4,bcdefglhjpaonkmi,-4,4,-1,1
9,10,1,9127,PUSH,4,bcdifgehjpalnkom,-4,4,-1,1
9,10,2,9127,POP,4,bchdglipfjaenkom
9,10,3,9127,PUSH,1,bchdglaefjpmnkio,-4,4,-1,1
9,10,4,9127,DEL_EXPLORED,1
9,10,0,9128,DEL_CUTOFF,1
9,10,1,9128,DEL_CUTOFF,1
9,10,2,9128,PUSH,-4,bcadglhpfjienkom,4,-1,1
9,10,3,9128,PUSH,1,bchdgleafjpmnkio,-4,4,-1
9,10,4,9128,DEL_CUTOFF,-1
9,10,0,9129,DEL_CUTOFF,-1
9,10,1,9129,DEL_CUTOFF,-1
9,10,2,9129,DEL_CUTOFF,1
9,10,3,9129,DEL_EXPLORED,-1
9,10,4,9129,DEL_CUTOFF,4
9,10,0,9130,DEL_CUTOFF,4
9,10,1,9130,DEL_CUTOFF,4
9,10,2,9130,DEL_CUTOFF,-1
9,10,3,9130,DEL_CUTOFF,4
9,10,4,9130,DEL_CUTOFF,-4
9,10,0,9131,DEL_EXPLORED,-4
9,10,1,9131,DEL_EXPLORED,-4
9,10,2,9131,DEL_EXPLORED,4
9,10,3,9131,DEL_CUTOFF,-4
9,10,4,9131,POP,-1,bchdfagljpimnkeo
9,10,0,9132,POP,4,bcdefglhjpaonkmi
9,10,1,9132,POP,4,bcdifgehjpalnkom
9,10,2,9132,POP,-4,bcadglhpfjienkom
9,10,3,9132,POP,1,bchdgleafjpmnkio
9,10,4,9132,DEL_EXPLORED,4
9,10,0,9133,PUSH,-4,bcaefgdhjplonkmi,4,-1,1
9,10,1,9133,PUSH,-4,bcaifgdhjpelnkom,4,-1,1
9,10,2,9133,POP,-1,bchdglapfjienkom
9,10,3,9133,DEL_EXPLORED,-1
9,10,4,9133,PUSH,-4,bcadfghljpimnkeo,4,-1,1
9,10,0,9134,DEL_CUTOFF,1
9,10,1,9134,DEL_CUTOFF,1
9,10,2,9134,DEL_EXPLORED,4
9,10,3,9134,PUSH,4,bchdglpefjamnkio,-4,4,-1,1
9,10,4,9134,DEL_CUTOFF,1
9,10,0,9135,DEL_CUTOFF,-1
9,10,1,9135,DEL_CUTOFF,-1
9,10,2,9135,PUSH,-4,bchaglpdfjienkom,4,-1
9,10,3,9135,DEL_CUTOFF,1
9,10,4,9135,DEL_CUTOFF,-1
9,10,0,9136,DEL_EXPLORED,4
9,10,1,9136,DEL_EXPLORED,4
9,10,2,9136,PUSH,-1,bcahglpdfjienkom,4,-1,1
9,10,3,9136,DEL_CUTOFF,-1
9,10,4,9136,DEL_EXPLORED,4
9,10,0,9137,POP,-4,bcaefgdhjplonkmi
9,10,1,9137,POP,-4,bcaifgdhjpelnkom
9,10,2,9137,DEL_EXPLORED,1
9,10,3,9137,DEL_CUTOFF,4
9,10,4,9137,POP,-4,bcadfghljpimnkeo
9,10,0,9138,POP,-1,bcdefgahjplonkmi
9,10,1,9138,POP,-1,bcdifgahjpelnkom
9,10,2,9138,DEL_CUTOFF,-1
9,10,3,9138,DEL_EXPLORED,-4
9,10,4,9138,POP,-4,bchdfgaljpimnkeo
9,10,0,9139,PUSH,4,bcdefghojplankmi,-4,4,-1
9,10,1,9139,PUSH,4,bcdifghljpeankom,-4,4,-1
9,10,2,9139,DEL_CUTOFF,4
9,10,3,9139,POP,4,bchdglpefjamnkio
9,10,4,9139,POP,-4,bchdfgiljpamnkeo
9,10,0,9140,PUSH,-1,bcdefghojpalnkmi,-4,4,-1,1
9,10,1,9140,PUSH,-1,bcdifghljpaenkom,-4,4,-1,1
9,10,2,9140,POP,-1,bcahglpdfjienkom
9,10,3,9140,PUSH,-4,bcadglhefjpmnkio,4,-1,1
9,10,4,9140,POP,-1,bchdfgiljpemnkao
9,10,0,9141,DEL_EXPLORED,1
9,10,1,9141,DEL_EXPLORED,1
9,10,2,9141,DEL_EXPLORED,4
9,10,3,9141,DEL_CUTOFF,1
9,10,4,9141,DEL_EXPLORED,-4
9,10,0,9142,DEL_CUTOFF,-1
9,10,1,9142,DEL_CUTOFF,-1
9,10,2,9142,POP,-4,bchaglpdfjienkom
9,10,3,9142,DEL_CUTOFF,-1
9,10,4,9142,POP,4,bchdfgiljpemnkoa
9,10,0,9143,DEL_CUTOFF,4
9,10,1,9143,DEL_CUTOFF,4
9,10,2,9143,POP,-4,bchdglpafjienkom
9,10,3,9143,DEL_EXPLORED,4
9,10,4,9143,PUSH,-4,bchdfgiajpelnkom,-4,4,-1
9,10,0,9144,DEL_CUTOFF,-4
9,10,1,9144,DEL_CUTOFF,-4
9,10,2,9144,POP,1,bchdglpefjiankom
9,10,3,9144,POP,-4,bcadglhefjpmnkio
9,10,4,9144,PUSH,-1,bchdfgaijpelnkom,-4,4,-1,1
9,10,0,9145,POP,-1,bcdefghojpalnkmi
9,10,1,9145,POP,-1,bcdifghljpaenkom
9,10,2,9145,PUSH,-1,bchdglpefajinkom,-4,4,-1,1
9,10,3,9145,POP,1,bchdglaefjpmnkio
9,10,4,9145,DEL_EXPLORED,1
9,10,0,9146,PUSH,4,bcdefghojplinkma,-4,-1
9,10,1,9146,PUSH,4,bcdifghljpemnkoa,-4,-1
9,10,2,9146,DEL_EXPLORED,1
9,10,3,9146,DEL_EXPLORED,-1
9,10,4,9146,PUSH,-1,bchdfagijpelnkom,-4,4,-1,1
9,10,0,9147,DEL_CUTOFF,-1
9,10,1,9147,DEL_CUTOFF,-1
9,10,2,9147,PUSH,-1,bchdglpeafjinkom,-4,4,1
9,10,3,9147,PUSH,4,bchdgjlefapmnkio,-4,4,-1,1
9,10,4,9147,DEL_EXPLORED,1
9,10,0,9148,DEL_EXPLORED,-4
9,10,1,9148,DEL_EXPLORED,-4
9,10,2,9148,DEL_EXPLORED,1
9,10,3,9148,PUSH,1,bchdgjlefpamnkio,-4,4,-1,1
9,10,4,9148,PUSH,-1,bchdafgijpelnkom,-4,4,1
9,10,0,9149,POP,4,bcdefghojplinkma
9,10,1,9149,POP,4,bcdifghljpemnkoa
9,10,2,9149,PUSH,4,bchdglpenfjiakom,-4,1
9,10,3,9149,DEL_CUTOFF,1
9,10,4,9149,DEL_EXPLORED,1
9,10,0,9150,DEL_EXPLORED,-4
9,10,1,9150,DEL_EXPLORED,-4
9,10,2,9150,PUSH,1,bchdglpenfjikaom,-4,-1,1
9,10,3,9150,DEL_EXPLORED,-1
9,10,4,9150,PUSH,4,bchdjfgiapelnkom,-4,4,1
9,10,0,9151,POP,4,bcdefghojplankmi
9,10,1,9151,POP,4,bcdifghljpeankom
9,10,2,9151,DEL_CUTOFF,1
9,10,3,9151,DEL_CUTOFF,4
9,10,4,9151,DEL_CUTOFF,1
9,10,0,9152,DEL_EXPLORED,-4
9,10,1,9152,DEL_EXPLORED,-4
9,10,2,9152,DEL_EXPLORED,-1
9,10,3,9152,DEL_CUTOFF,-4
9,10,4,9152,DEL_CUTOFF,4
9,10,0,9153,POP,4,bcdefghajplonkmi
9,10,1,9153,POP,4,bcdifghajpelnkom
9,10,2,9153,DEL_CUTOFF,-4
9,10,3,9153,POP,1,bchdgjlefpamnkio
9,10,4,9153,DEL_EXPLORED,-4
9,10,0,9154,POP,1,bcdafghejplonkmi
9,10,1,9154,POP,1,bcdafghijpelnkom
9,10,2,9154,POP,1,bchdglpenfjikaom
9,10,3,9154,PUSH,-1,bchdgjleafpmnkio,-4,4,1
9,10,4,9154,POP,4,bchdjfgiapelnkom
9,10,0,9155,PUSH,-1,bacdfghejplonkmi,4,-1,1
9,10,1,9155,PUSH,-1,bacdfghijpelnkom,4,-1,1
9,10,2,9155,DEL_EXPLORED,-4
9,10,3,9155,DEL_EXPLORED,1
9,10,4,9155,PUSH,-4,achdbfgijpelnkom,4,1
9,10,0,9156,DEL_EXPLORED,1
9,10,1,9156,DEL_EXPLORED,1
9,10,2,9156,POP,4,bchdglpenfjiakom
9,10,3,9156,DEL_CUTOFF,4
9,10,4,9156,DEL_CUTOFF,1
9,10,0,9157,PUSH,-1,abcdfghejplonkmi,4,1
9,10,1,9157,PUSH,-1,abcdfghijpelnkom,4,1
9,10,2,9157,PUSH,-4,bchdalpegfjinkom,-4,4,1
9,10,3,9157,DEL_CUTOFF,-4
9,10,4,9157,DEL_EXPLORED,4
9,10,0,9158,DEL_EXPLORED,1
9,10,1,9158,DEL_EXPLORED,1
9,10,2,9158,PUSH,1,bchdlapegfjinkom,-4,4,-1,1
9,10,3,9158,POP,-1,bchdgjleafpmnkio
9,10,4,9158,POP,-4,achdbfgijpelnkom
9,10,0,9159,PUSH,4,fbcdaghejplonkmi,-4,4,1
9,10,1,9159,PUSH,4,fbcdaghijpelnkom,-4,4,1
9,10,2,9159,DEL_CUTOFF,1
9,10,3,9159,PUSH,4,bchdgjlefkpmnaio,-4,-1,1
9,10,4,9159,POP,-1,bchdafgijpelnkom
9,10,0,9160,PUSH,1,fbcdgahejplonkmi,-4,4,-1,1
9,10,1,9160,PUSH,1,fbcdgahijpelnkom,-4,4,-1,1
9,10,2,9160,DEL_EXPLORED,-1
9,10,3,9160,DEL_CUTOFF,1
9,10,4,9160,PUSH,4,bchdfpgijaelnkom,-4,4,-1,1
9,10,0,9161,DEL_CUTOFF,1
9,10,1,9161,DEL_CUTOFF,1
9,10,2,9161,DEL_CUTOFF,4
9,10,3,9161,DEL_CUTOFF,-1
9,10,4,9161,PUSH,1,bchdfpgijealnkom,-4,4,-1,1
9,10,0,9162,DEL_EXPLORED,-1
9,10,1,9162,DEL_EXPLORED,-1
9,10,2,9162,DEL_CUTOFF,-4
9,10,3,9162,DEL_EXPLORED,-4
9,10,4,9162,DEL_CUTOFF,1
9,10,0,9163,DEL_CUTOFF,4
9,10,1,9163,DEL_CUTOFF,4
9,10,2,9163,POP,1,bchdlapegfjinkom
9,10,3,9163,POP,4,bchdgjlefkpmnaio
9,10,4,9163,DEL_EXPLORED,-1
9,10,0,9164,DEL_CUTOFF,-4
9,10,1,9164,DEL_CUTOFF,-4
9,10,2,9164,DEL_EXPLORED,4
9,10,3,9164,DEL_EXPLORED,-4
9,10,4,9164,DEL_CUTOFF,4
9,10,0,9165,POP,1,fbcdgahejplonkmi
9,10,1,9165,POP,1,fbcdgahijpelnkom
9,10,2,9165,PUSH,-4,achdblpegfjinkom,4,1
9,10,3,9165,POP,4,bchdgjlefapmnkio
9,10,4,9165,DEL_CUTOFF,-4
9,10,0,9166,PUSH,4,fbcdjgheaplonkmi,-4,4,1
9,10,1,9166,PUSH,4,fbcdjghiapelnkom,-4,4,1
9,10,2,9166,DEL_CUTOFF,1
9,10,3,9166,PUSH,-4,bahdgclefjpmnkio,4,-1,1
9,10,4,9166,POP,1,bchdfpgijealnkom
9,10,0,9167,DEL_CUTOFF,1
9,10,1,9167,DEL_CUTOFF,1
9,10,2,9167,DEL_EXPLORED,4
9,10,3,9167,PUSH,1,bhadgclefjpmnkio,4,-1,1
9,10,4,9167,PUSH,-1,bchdfpgiajelnkom,-4,4,1
9,10,0,9168,DEL_CUTOFF,4
9,10,1,9168,DEL_CUTOFF,4
9,10,2,9168,POP,-4,achdblpegfjinkom
9,10,3,9168,DEL_CUTOFF,1
9,10,4,9168,DEL_EXPLORED,1
9,10,0,9169,DEL_EXPLORED,-4
9,10,1,9169,DEL_EXPLORED,-4
9,10,2,9169,POP,-4,bchdalpegfjinkom
9,10,3,9169,DEL_EXPLORED,-1
9,10,4,9169,DEL_CUTOFF,4
9,10,0,9170,POP,4,fbcdjgheaplonkmi
9,10,1,9170,POP,4,fbcdjghiapelnkom
9,10,2,9170,POP,-1,bchdglpeafjinkom
9,10,3,9170,DEL_CUTOFF,4
9,10,4,9170,DEL_CUTOFF,-4
9,10,0,9171,DEL_EXPLORED,-4
9,10,1,9171,DEL_EXPLORED,-4
9,10,2,9171,PUSH,4,bchdglpefkjinaom,-4,-1,1
9,10,3,9171,POP,1,bhadgclefjpmnkio
9,10,4,9171,POP,-1,bchdfpgiajelnkom
9,10,0,9172,POP,4,fbcdaghejplonkmi
9,10,1,9172,POP,4,fbcdaghijpelnkom
9,10,2,9172,PUSH,1,bchdglpefkjinoam,-4,-1,1
9,10,3,9172,PUSH,-1,abhdgclefjpmnkio,4,1
9,10,4,9172,PUSH,4,bchdfpgijkelnaom,-4,-1,1
9,10,0,9173,POP,-1,abcdfghejplonkmi
9,10,1,9173,POP,-1,abcdfghijpelnkom
9,10,2,9173,PUSH,1,bchdglpefkjinoma,-4,-1
9,10,3,9173,DEL_EXPLORED,1
9,10,4,9173,DEL_CUTOFF,1
9,10,0,9174,PUSH,4,bgcdfahejplonkmi,-4,4,-1,1
9,10,1,9174,PUSH,4,bgcdfahijpelnkom,-4,4,-1,1
9,10,2,9174,DEL_EXPLORED,-1
9,10,3,9174,DEL_CUTOFF,4
9,10,4,9174,DEL_CUTOFF,-1
9,10,0,9175,PUSH,1,bgcdfhaejplonkmi,-4,4,-1,1
9,10,1,9175,PUSH,1,bgcdfhaijpelnkom,-4,4,-1,1
9,10,2,9175,DEL_CUTOFF,-4
9,10,3,9175,POP,-1,abhdgclefjpmnkio
9,10,4,9175,DEL_EXPLORED,-4
9,10,0,9176,PUSH,1,bgcdfheajplonkmi,-4,4,-1
9,10,1,9176,PUSH,1,bgcdfhiajpelnkom,-4,4,-1
9,10,2,9176,POP,1,bchdglpefkjinoma
9,10,3,9176,DEL_EXPLORED,4
9,10,4,9176,POP,4,bchdfpgijkelnaom
9,10,0,9177,DEL_EXPLORED,-1
9,10,1,9177,DEL_EXPLORED,-1
9,10,2,9177,DEL_EXPLORED,-1
9,10,3,9177,POP,-4,bahdgclefjpmnkio
9,10,4,9177,DEL_EXPLORED,-4
9,10,0,9178,DEL_CUTOFF,4
9,10,1,9178,DEL_CUTOFF,4
9,10,2,9178,PUSH,-4,bchdglpefkainojm,-4,4,-1,1
9,10,3,9178,POP,1,bchdgalefjpmnkio
9,10,4,9178,POP,4,bchdfpgijaelnkom
9,10,0,9179,DEL_CUTOFF,-4
9,10,1,9179,DEL_CUTOFF,-4
9,10,2,9179,DEL_CUTOFF,1
9,10,3,9179,DEL_EXPLORED,4
9,10,4,9179,PUSH,-4,bahdfcgijpelnkom,4,-1,1
9,10,0,9180,POP,1,bgcdfheajplonkmi
9,10,1,9180,POP,1,bgcdfhiajpelnkom
9,10,2,9180,DEL_CUTOFF,-1
9,10,3,9180,PUSH,-4,achdbglefjpmnkio,4,1
9,10,4,9180,PUSH,1,bhadfcgijpelnkom,4,-1,1
9,10,0,9181,DEL_EXPLORED,-1
9,10,1,9181,DEL_EXPLORED,-1
9,10,2,9181,DEL_EXPLORED,4
9,10,3,9181,PUSH,1,cahdbglefjpmnkio,4,-1,1
9,10,4,9181,DEL_CUTOFF,1
9,10,0,9182,PUSH,4,bgcdfhlejpaonkmi,-4,4,-1,1
9,10,1,9182,PUSH,4,bgcdfheijpalnkom,-4,4,-1,1
9,10,2,9182,DEL_CUTOFF,-4
9,10,3,9182,PUSH,1,chadbglefjpmnkio,4,-1,1
9,10,4,9182,DEL_EXPLORED,-1
9,10,0,9183,DEL_CUTOFF,1
9,10,1,9183,DEL_CUTOFF,1
9,10,2,9183,POP,-4,bchdglpefkainojm
9,10,3,9183,DEL_CUTOFF,1
9,10,4,9183,DEL_CUTOFF,4
9,10,0,9184,DEL_CUTOFF,-1
9,10,1,9184,DEL_CUTOFF,-1
9,10,2,9184,POP,1,bchdglpefkjinoam
9,10,3,9184,DEL_EXPLORED,-1
9,10,4,9184,POP,1,bhadfcgijpelnkom
9,10,0,9185,DEL_CUTOFF,4
9,10,1,9185,DEL_CUTOFF,4
9,10,2,9185,PUSH,-1,bchdglpefkjianom,-4,1
9,10,3,9185,DEL_CUTOFF,4
9,10,4,9185,PUSH,-1,abhdfcgijpelnkom,4,1
9,10,0,9186,DEL_EXPLORED,-4
9,10,1,9186,DEL_EXPLORED,-4
9,10,2,9186,DEL_EXPLORED,1
9,10,3,9186,POP,1,chadbglefjpmnkio
9,10,4,9186,DEL_EXPLORED,1
9,10,0,9187,POP,4,bgcdfhlejpaonkmi
9,10,1,9187,POP,4,bgcdfheijpalnkom
9,10,2,9187,PUSH,-4,bchdglpeakjifnom,-4,4,1
9,10,3,9187,DEL_EXPLORED,-1
9,10,4,9187,DEL_CUTOFF,4
9,10,0,9188,PUSH,-4,bgadfhcejplonkmi,4,-1,1
9,10,1,9188,PUSH,-4,bgadfhcijpelnkom,4,-1,1
9,10,2,9188,DEL_CUTOFF,1
9,10,3,9188,PUSH,4,cghdbalefjpmnkio,-4,4,-1,1
9,10,4,9188,POP,-1,abhdfcgijpelnkom
9,10,0,9189,DEL_CUTOFF,1
9,10,1,9189,DEL_CUTOFF,1
9,10,2,9189,DEL_EXPLORED,4
9,10,3,9189,DEL_CUTOFF,1
9,10,4,9189,DEL_EXPLORED,4
9,10,0,9190,DEL_CUTOFF,-1
9,10,1,9190,DEL_CUTOFF,-1
9,10,2,9190,DEL_CUTOFF,-4
9,10,3,9190,DEL_CUTOFF,-1
9,10,4,9190,POP,-4,bahdfcgijpelnkom
9,10,0,9191,DEL_EXPLORED,4
9,10,1,9191,DEL_EXPLORED,4
9,10,2,9191,POP,-4,bchdglpeakjifnom
9,10,3,9191,DEL_CUTOFF,4
9,10,4,9191,POP,-1,bchdfagijpelnkom
9,10,0,9192,POP,-4,bgadfhcejplonkmi
9,10,1,9192,POP,-4,bgadfhcijpelnkom
9,10,2,9192,POP,-1,bchdglpefkjianom
9,10,3,9192,DEL_EXPLORED,-4
9,10,4,9192,PUSH,4,bchdfgeijpalnkom,-4,4,-1,1
9,10,0,9193,POP,1,bgcdfhaejplonkmi
9,10,1,9193,POP,1,bgcdfhaijpelnkom
9,10,2,9193,DEL_EXPLORED,-4
9,10,3,9193,POP,4,cghdbalefjpmnkio
9,10,4,9193,PUSH,1,bchdfgeijplankom,-4,4,-1
9,10,0,9194,PUSH,-1,bgcdafhejplonkmi,-4,4,1
9,10,1,9194,PUSH,-1,bgcdafhijpelnkom,-4,4,1
9,10,2,9194,POP,4,bchdglpefkjinaom
9,10,3,9194,POP,1,cahdbglefjpmnkio
9,10,4,9194,DEL_EXPLORED,-1
9,10,0,9195,DEL_EXPLORED,1
9,10,1,9195,DEL_EXPLORED,1
9,10,2,9195,PUSH,-4,bchdgapefljinkom,-4,4,-1,1
9,10,3,9195,DEL_EXPLORED,4
9,10,4,9195,PUSH,4,bchdfgeijplmnkoa,-4,-1
9,10,0,9196,PUSH,4,bgcdjfheaplonkmi,-4,4,1
9,10,1,9196,PUSH,4,bgcdjfhiapelnkom,-4,4,1
9,10,2,9196,PUSH,1,bchdgpaefljinkom,-4,4,-1,1
9,10,3,9196,POP,-4,achdbglefjpmnkio
9,10,4,9196,DEL_CUTOFF,-1
9,10,0,9197,DEL_CUTOFF,1
9,10,1,9197,DEL_CUTOFF,1
9,10,2,9197,PUSH,1,bchdgpeafljinkom,-4,4,-1
9,10,3,9197,POP,-4,bchdaglefjpmnkio
9,10,4,9197,DEL_EXPLORED,-4
9,10,0,9198,DEL_CUTOFF,4
9,10,1,9198,DEL_CUTOFF,4
9,10,2,9198,DEL_EXPLORED,-1
9,10,3,9198,POP,-1,bchdfgleajpmnkio
9,10,4,9198,POP,4,bchdfgeijplmnkoa
9,10,0,9199,DEL_EXPLORED,-4
9,10,1,9199,DEL_EXPLORED,-4
9,10,2,9199,DEL_CUTOFF,4
9,10,3,9199,PUSH,4,bchdfglejkpmnaio,-4,-1,1
9,10,4,9199,PUSH,-4,bchdfgeajplinkom,-4,4,-1
9,10,0,9200,POP,4,bgcdjfheaplonkmi
9,10,1,9200,POP,4,bgcdjfhiapelnkom
9,10,2,9200,DEL_CUTOFF,-4
9,10,3,9200,PUSH,1,bchdfglejkpmniao,-4,-1,1
9,10,4,9200,DEL_CUTOFF,-1
9,10,0,9201,PUSH,-4,agcdbfhejplonkmi,4,1
9,10,1,9201,PUSH,-4,agcdbfhijpelnkom,4,1
9,10,2,9201,POP,1,bchdgpeafljinkom
9,10,3,9201,PUSH,1,bchdfglejkpmnioa,-4,-1
9,10,4,9201,DEL_EXPLORED,4
9,10,0,9202,DEL_CUTOFF,1
9,10,1,9202,DEL_CUTOFF,1
9,10,2,9202,DEL_EXPLORED,-1
9,10,3,9202,DEL_EXPLORED,-1
9,10,4,9202,DEL_CUTOFF,-4
9,10,0,9203,DEL_EXPLORED,4
9,10,1,9203,DEL_EXPLORED,4
9,10,2,9203,PUSH,4,bchdgpjeflainkom,-4,4,-1,1
9,10,3,9203,PUSH,-4,bchdfglejkpaniom,-4,4,-1
9,10,4,9203,POP,-4,bchdfgeajplinkom
9,10,0,9204,POP,-4,agcdbfhejplonkmi
9,10,1,9204,POP,-4,agcdbfhijpelnkom
9,10,2,9204,DEL_CUTOFF,1
9,10,3,9204,PUSH,-1,bchdfglejkapniom,-4,4,-1,1
9,10,4,9204,POP,1,bchdfgeijplankom
9,10,0,9205,POP,-1,bgcdafhejplonkmi
9,10,1,9205,POP,-1,bgcdafhijpelnkom
9,10,2,9205,DEL_CUTOFF,-1
9,10,3,9205,DEL_EXPLORED,1
9,10,4,9205,PUSH,-1,bchdfgeijaplnkom,-4,4,-1,1
9,10,0,9206,PUSH,4,bgcdfphejalonkmi,-4,4,-1,1
9,10,1,9206,PUSH,4,bgcdfphijaelnkom,-4,4,-1,1
9,10,2,9206,DEL_CUTOFF,4
9,10,3,9206,DEL_CUTOFF,-1
9,10,4,9206,DEL_EXPLORED,1
9,10,0,9207,PUSH,1,bgcdfphejlaonkmi,-4,4,-1,1
9,10,1,9207,PUSH,1,bgcdfphijealnkom,-4,4,-1,1
9,10,2,9207,DEL_EXPLORED,-4
9,10,3,9207,DEL_CUTOFF,4
9,10,4,9207,PUSH,-1,bchdfgeiajplnkom,-4,4,1
9,10,0,9208,DEL_CUTOFF,1
9,10,1,9208,DEL_CUTOFF,1
9,10,2,9208,POP,4,bchdgpjeflainkom
9,10,3,9208,DEL_CUTOFF,-4
9,10,4,9208,DEL_EXPLORED,1
9,10,0,9209,DEL_EXPLORED,-1
9,10,1,9209,DEL_EXPLORED,-1
9,10,2,9209,PUSH,-4,bcadgphefljinkom,4,-1,1
9,10,3,9209,POP,-1,bchdfglejkapniom
9,10,4,9209,DEL_CUTOFF,4
9,10,0,9210,DEL_CUTOFF,4
9,10,1,9210,DEL_CUTOFF,4
9,10,2,9210,DEL_CUTOFF,1
9,10,3,9210,DEL_EXPLORED,4
9,10,4,9210,DEL_CUTOFF,-4
9,10,0,9211,DEL_CUTOFF,-4
9,10,1,9211,DEL_CUTOFF,-4
9,10,2,9211,DEL_CUTOFF,-1
9,10,3,9211,PUSH,-4,bchdfglajkpeniom,-4,4,-1
9,10,4,9211,POP,-1,bchdfgeiajplnkom
9,10,0,9212,POP,1,bgcdfphejlaonkmi
9,10,1,9212,POP,1,bgcdfphijealnkom
9,10,2,9212,DEL_EXPLORED,4
9,10,3,9212,DEL_CUTOFF,-1
9,10,4,9212,PUSH,4,bchdfgeijkplnaom,-4,-1,1
9,10,0,9213,PUSH,-1,bgcdfpheajlonkmi,-4,4,1
9,10,1,9213,PUSH,-1,bgcdfphiajelnkom,-4,4,1
9,10,2,9213,POP,-4,bcadgphefljinkom
9,10,3,9213,DEL_EXPLORED,4
9,10,4,9213,DEL_CUTOFF,1
9,10,0,9214,DEL_EXPLORED,1
9,10,1,9214,DEL_EXPLORED,1
9,10,2,9214,POP,1,bchdgpaefljinkom
9,10,3,9214,DEL_CUTOFF,-4
9,10,4,9214,DEL_CUTOFF,-1
9,10,0,9215,DEL_CUTOFF,4
9,10,1,9215,DEL_CUTOFF,4
9,10,2,9215,PUSH,-1,bchdagpefljinkom,-4,4,1
9,10,3,9215,POP,-4,bchdfglajkpeniom
9,10,4,9215,DEL_EXPLORED,-4
9,10,0,9216,DEL_CUTOFF,-4
9,10,1,9216,DEL_CUTOFF,-4
9,10,2,9216,DEL_EXPLORED,1
9,10,3,9216,POP,-4,bchdfglejkpaniom
9,10,4,9216,POP,4,bchdfgeijkplnaom
9,10,0,9217,POP,-1,bgcdfpheajlonkmi
9,10,1,9217,POP,-1,bgcdfphiajelnkom
9,10,2,9217,PUSH,4,bchdfgpealjinkom,-4,4,1
9,10,3,9217,POP,1,bchdfglejkpmnioa
9,10,4,9217,PUSH,-4,bchdfaeijgplnkom,-4,4,-1,1
9,10,0,9218,PUSH,4,bgcdfphejklonami,-4,-1,1
9,10,1,9218,PUSH,4,bgcdfphijkelnaom,-4,-1,1
9,10,2,9218,DEL_CUTOFF,1
9,10,3,9218,DEL_EXPLORED,-1
9,10,4,9218,DEL_CUTOFF,1
9,10,0,9219,DEL_CUTOFF,1
9,10,1,9219,DEL_CUTOFF,1
9,10,2,9219,DEL_CUTOFF,4
9,10,3,9219,PUSH,-4,bchdfglejkamnipo,-4,4,-1,1
9,10,4,9219,DEL_CUTOFF,-1
9,10,0,9220,DEL_CUTOFF,-1
9,10,1,9220,DEL_CUTOFF,-1
9,10,2,9220,DEL_EXPLORED,-4
9,10,3,9220,PUSH,1,bchdfglejkmanipo,-4,4,-1
9,10,4,9220,DEL_EXPLORED,4
9,10,0,9221,DEL_EXPLORED,-4
9,10,1,9221,DEL_EXPLORED,-4
9,10,2,9221,POP,4,bchdfgpealjinkom
9,10,3,9221,DEL_EXPLORED,-1
9,10,4,9221,DEL_CUTOFF,-4
9,10,0,9222,POP,4,bgcdfphejklonami
9,10,1,9222,POP,4,bgcdfphijkelnaom
9,10,2,9222,PUSH,-4,achdbgpefljinkom,4,1
9,10,3,9222,PUSH,4,bchdfglejkmonipa,-4,-1
9,10,4,9222,POP,-4,bchdfaeijgplnkom
9,10,0,9223,DEL_EXPLORED,-4
9,10,1,9223,DEL_EXPLORED,-4
9,10,2,9223,DEL_CUTOFF,1
9,10,3,9223,DEL_CUTOFF,-1
9,10,4,9223,POP,-1,bchdfgeijaplnkom
9,10,0,9224,POP,4,bgcdfphejalonkmi
9,10,1,9224,POP,4,bgcdfphijaelnkom
9,10,2,9224,DEL_EXPLORED,4
9,10,3,9224,DEL_EXPLORED,-4
9,10,4,9224,PUSH,4,bchdfgeijpolnkam,-4,-1,1
9,10,0,9225,DEL_EXPLORED,-4
9,10,1,9225,DEL_EXPLORED,-4
9,10,2,9225,POP,-4,achdbgpefljinkom
9,10,3,9225,POP,4,bchdfglejkmonipa
9,10,4,9225,PUSH,1,bchdfgeijpolnkma,-4,-1
9,10,0,9226,POP,4,bgcdfahejplonkmi
9,10,1,9226,POP,4,bgcdfahijpelnkom
9,10,2,9226,POP,-1,bchdagpefljinkom
9,10,3,9226,PUSH,-4,bchdfglajkmenipo,-4,4,-1
9,10,4,9226,DEL_EXPLORED,-1
9,10,0,9227,POP,-1,bacdfghejplonkmi
9,10,1,9227,POP,-1,bacdfghijpelnkom
9,10,2,9227,DEL_EXPLORED,4
9,10,3,9227,DEL_CUTOFF,-1
9,10,4,9227,DEL_CUTOFF,-4
9,10,0,9228,DEL_EXPLORED,4
9,10,1,9228,DEL_EXPLORED,4
9,10,2,9228,PUSH,-4,bahdgcpefljinkom,4,-1,1
9,10,3,9228,DEL_EXPLORED,4
9,10,4,9228,POP,1,bchdfgeijpolnkma
9,10,0,9229,POP,-4,bcadfghejplonkmi
9,10,1,9229,POP,-4,bcadfghijpelnkom
9,10,2,9229,PUSH,1,bhadgcpefljinkom,4,-1,1
9,10,3,9229,DEL_CUTOFF,-4
9,10,4,9229,PUSH,-1,bchdfgeijpolnakm,-4,-1,1
9,10,0,9230,POP,-4,bchdfgaejplonkmi
9,10,1,9230,POP,-4,bchdfgaijpelnkom
9,10,2,9230,DEL_CUTOFF,1
9,10,3,9230,POP,-4,bchdfglajkmenipo
9,10,4,9230,DEL_EXPLORED,1
9,10,0,9231,POP,-1,bchdfglejpaonkmi
9,10,1,9231,POP,-1,bchdfgeijpalnkom
9,10,2,9231,DEL_EXPLORED,-1
9,10,3,9231,POP,1,bchdfglejkmanipo
9,10,4,9231,DEL_CUTOFF,-1
9,10,0,9232,DEL_EXPLORED,4
9,10,1,9232,PUSH,4,bchdfgeijplmnkoa,-4,-1
9,10,2,9232,DEL_CUTOFF,4
9,10,3,9232,PUSH,-1,bchdfglejakmnipo,-4,4,-1,1
9,10,4,9232,DEL_CUTOFF,-4
9,10,0,9233,PUSH,-4,bchdfglajpoenkmi,-4,4,-1
9,10,1,9233,PUSH,-1,bchdfgeijplmnkao,-4,-1,1
9,10,2,9233,POP,1,bhadgcpefljinkom
9,10,3,9233,DEL_EXPLORED,1
9,10,4,9233,POP,-1,bchdfgeijpolnakm
9,10,0,9234,PUSH,-1,bchdfgaljpoenkmi,-4,4,-1,1
9,10,1,9234,DEL_EXPLORED,1
9,10,2,9234,PUSH,-1,abhdgcpefljinkom,4,1
9,10,3,9234,PUSH,-1,bchdfgleajkmnipo,-4,4,1
9,10,4,9234,DEL_EXPLORED,-4
9,10,0,9235,DEL_EXPLORED,1
9,10,1,9235,PUSH,-1,bchdfgeijplmnako,-4,-1,1
9,10,2,9235,DEL_EXPLORED,1
9,10,3,9235,DEL_EXPLORED,1
9,10,4,9235,POP,4,bchdfgeijpolnkam
9,10,0,9236,PUSH,-1,bchdfagljpoenkmi,-4,4,-1,1
9,10,1,9236,DEL_EXPLORED,1
9,10,2,9236,DEL_CUTOFF,4
9,10,3,9236,DEL_CUTOFF,4
9,10,4,9236,DEL_EXPLORED,-4
9,10,0,9237,DEL_EXPLORED,1
9,10,1,9237,PUSH,-1,bchdfgeijplmanko,-4,1
9,10,2,9237,POP,-1,abhdgcpefljinkom
9,10,3,9237,DEL_CUTOFF,-4
9,10,4,9237,POP,4,bchdfgeijpalnkom
9,10,0,9238,PUSH,-1,bchdafgljpoenkmi,-4,4,1
9,10,1,9238,DEL_EXPLORED,1
9,10,2,9238,DEL_EXPLORED,4
9,10,3,9238,POP,-1,bchdfgleajkmnipo
9,10,4,9238,PUSH,-4,bcadfghijpelnkom,4,-1,1
9,10,0,9239,DEL_EXPLORED,1
9,10,1,9239,PUSH,-4,bchdfgeiaplmjnko,-4,4,1
9,10,2,9239,POP,-4,bahdgcpefljinkom
9,10,3,9239,PUSH,4,bchdfglejikmnapo,-4,-1,1
9,10,4,9239,PUSH,1,bcdafghijpelnkom,4,-1
9,10,0,9240,PUSH,4,bchdjfglapoenkmi,-4,4,1
9,10,1,9240,PUSH,1,bchdfgeipalmjnko,-4,4,-1,1
9,10,2,9240,POP,-4,bchdgapefljinkom
9,10,3,9240,DEL_CUTOFF,1
9,10,4,9240,DEL_EXPLORED,-1
9,10,0,9241,PUSH,1,bchdjfglpaoenkmi,-4,4,-1,1
9,10,1,9241,PUSH,1,bchdfgeiplamjnko,-4,4,-1,1
9,10,2,9241,POP,-1,bchdglpefajinkom
9,10,3,9241,DEL_CUTOFF,-1
9,10,4,9241,PUSH,4,bcdifghajpelnkom,-4,4,-1
9,10,0,9242,PUSH,1,bchdjfglpoaenkmi,-4,4,-1,1
9,10,1,9242,DEL_CUTOFF,1
9,10,2,9242,PUSH,4,bchdglpefjoinkam,-4,-1,1
9,10,3,9242,DEL_EXPLORED,-4
9,10,4,9242,DEL_CUTOFF,-1
9,10,0,9243,DEL_CUTOFF,1
9,10,1,9243,DEL_EXPLORED,-1
9,10,2,9243,PUSH,1,bchdglpefjoinkma,-4,-1
9,10,3,9243,POP,4,bchdfglejikmnapo
9,10,4,9243,DEL_CUTOFF,4
9,10,0,9244,DEL_EXPLORED,-1
9,10,1,9244,DEL_CUTOFF,4
9,10,2,9244,DEL_EXPLORED,-1
9,10,3,9244,PUSH,-4,bchdfalejgkmnipo,-4,4,-1,1
9,10,4,9244,DEL_EXPLORED,-4
9,10,0,9245,DEL_CUTOFF,4
9,10,1,9245,DEL_CUTOFF,-4
9,10,2,9245,PUSH,-4,bchdglpefjoankmi,-4,4,-1
9,10,3,9245,DEL_CUTOFF,1
9,10,4,9245,POP,4,bcdifghajpelnkom
9,10,0,9246,DEL_CUTOFF,-4
9,10,1,9246,POP,1,bchdfgeiplamjnko
9,10,2,9246,PUSH,-1,bchdglpefjaonkmi,-4,4,-1,1
9,10,3,9246,DEL_CUTOFF,-1
9,10,4,9246,POP,1,bcdafghijpelnkom
9,10,0,9247,POP,1,bchdjfglpoaenkmi
9,10,1,9247,DEL_EXPLORED,-1
9,10,2,9247,DEL_EXPLORED,1
9,10,3,9247,DEL_EXPLORED,4
9,10,4,9247,PUSH,-1,bacdfghijpelnkom,4,-1,1
9,10,0,9248,DEL_EXPLORED,-1
9,10,1,9248,PUSH,4,bchdfgeipnlmjako,-4,-1,1
9,10,2,9248,DEL_CUTOFF,-1
9,10,3,9248,DEL_CUTOFF,-4
9,10,4,9248,DEL_EXPLORED,1
9,10,0,9249,PUSH,4,bchdjfglpkoenami,-4,-1,1
9,10,1,9249,DEL_CUTOFF,1
9,10,2,9249,DEL_CUTOFF,4
9,10,3,9249,POP,-4,bchdfalejgkmnipo
9,10,4,9249,PUSH,-1,abcdfghijpelnkom,4,1
9,10,0,9250,DEL_CUTOFF,1
9,10,1,9250,DEL_CUTOFF,-1
9,10,2,9250,DEL_CUTOFF,-4
9,10,3,9250,POP,-1,bchdfglejakmnipo
9,10,4,9250,DEL_EXPLORED,1
9,10,0,9251,DEL_CUTOFF,-1
9,10,1,9251,DEL_EXPLORED,-4
9,10,2,9251,POP,-1,bchdglpefjaonkmi
9,10,3,9251,DEL_EXPLORED,4
9,10,4,9251,DEL_CUTOFF,4
9,10,0,9252,DEL_EXPLORED,-4
9,10,1,9252,POP,4,bchdfgeipnlmjako
9,10,2,9252,DEL_EXPLORED,4
9,10,3,9252,PUSH,-4,bchdfgaejklmnipo,-4,4,-1,1
9,10,4,9252,POP,-1,abcdfghijpelnkom
9,10,0,9253,POP,4,bchdjfglpkoenami
9,10,1,9253,PUSH,-4,bchdfaeipglmjnko,-4,4,-1,1
9,10,2,9253,PUSH,-4,bchdglpafjoenkmi,-4,4,-1
9,10,3,9253,PUSH,1,bchdfgeajklmnipo,-4,4,-1
9,10,4,9253,PUSH,4,bgcdfahijpelnkom,-4,4,-1,1
9,10,0,9254,PUSH,-4,bchdjaglpfoenkmi,-4,4,-1,1
9,10,1,9254,DEL_CUTOFF,1
9,10,2,9254,DEL_CUTOFF,-1
9,10,3,9254,DEL_EXPLORED,-1
9,10,4,9254,DEL_CUTOFF,1
9,10,0,9255,DEL_CUTOFF,1
9,10,1,9255,DEL_CUTOFF,-1
9,10,2,9255,DEL_EXPLORED,4
9,10,3,9255,DEL_CUTOFF,4
9,10,4,9255,DEL_CUTOFF,-1
9,10,0,9256,DEL_CUTOFF,-1
9,10,1,9256,DEL_EXPLORED,4
9,10,2,9256,DEL_CUTOFF,-4
9,10,3,9256,DEL_CUTOFF,-4
9,10,4,9256,DEL_CUTOFF,4
9,10,0,9257,DEL_EXPLORED,4
9,10,1,9257,DEL_CUTOFF,-4
9,10,2,9257,POP,-4,bchdglpafjoenkmi
9,10,3,9257,POP,1,bchdfgeajklmnipo
9,10,4,9257,DEL_EXPLORED,-4
9,10,0,9258,DEL_CUTOFF,-4
9,10,1,9258,POP,-4,bchdfaeipglmjnko
9,10,2,9258,POP,-4,bchdglpefjoankmi
9,10,3,9258,PUSH,-1,bchdfagejklmnipo,-4,4,-1,1
9,10,4,9258,POP,4,bgcdfahijpelnkom
9,10,0,9259,POP,-4,bchdjaglpfoenkmi
9,10,1,9259,POP,1,bchdfgeipalmjnko
9,10,2,9259,POP,1,bchdglpefjoinkma
9,10,3,9259,DEL_EXPLORED,1
9,10,4,9259,POP,-1,bacdfghijpelnkom
9,10,0,9260,POP,1,bchdjfglpaoenkmi
9,10,1,9260,DEL_EXPLORED,4
9,10,2,9260,PUSH,-1,bchdglpefjoinakm,-4,-1,1
9,10,3,9260,DEL_CUTOFF,-1
9,10,4,9260,DEL_EXPLORED,4
9,10,0,9261,PUSH,4,bchdjfglnpoeakmi,-4,1
9,10,1,9261,PUSH,-4,bchdageifplmjnko,-4,4,1
9,10,2,9261,DEL_EXPLORED,1
9,10,3,9261,DEL_CUTOFF,4
9,10,4,9261,POP,-4,bcadfghijpelnkom
9,10,0,9262,PUSH,1,bchdjfglnpoekami,-4,-1,1
9,10,1,9262,PUSH,1,bchdgaeifplmjnko,-4,4,-1,1
9,10,2,9262,PUSH,-1,bchdglpefjoiankm,-4,1
9,10,3,9262,DEL_CUTOFF,-4
9,10,4,9262,POP,-1,bchdfgaijpelnkom
9,10,0,9263,DEL_CUTOFF,1
9,10,1,9263,DEL_CUTOFF,1
9,10,2,9263,DEL_EXPLORED,1
9,10,3,9263,POP,-1,bchdfagejklmnipo
9,10,4,9263,DEL_EXPLORED,4
9,10,0,9264,DEL_EXPLORED,-1
9,10,1,9264,DEL_EXPLORED,-1
9,10,2,9264,PUSH,-4,bchdglpeajoifnkm,-4,4,1
9,10,3,9264,DEL_EXPLORED,4
9,10,4,9264,PUSH,-4,bchafgidjpelnkom,4,-1
9,10,0,9265,DEL_CUTOFF,-4
9,10,1,9265,DEL_CUTOFF,4
9,10,2,9265,DEL_CUTOFF,1
9,10,3,9265,PUSH,-4,bcadfghejklmnipo,4,-1,1
9,10,4,9265,PUSH,-1,bcahfgidjpelnkom,4,-1,1
9,10,0,9266,POP,1,bchdjfglnpoekami
9,10,1,9266,DEL_CUTOFF,-4
9,10,2,9266,DEL_EXPLORED,4
9,10,3,9266,DEL_CUTOFF,1
9,10,4,9266,DEL_EXPLORED,1
9,10,0,9267,DEL_EXPLORED,-4
9,10,1,9267,POP,1,bchdgaeifplmjnko
9,10,2,9267,DEL_CUTOFF,-4
9,10,3,9267,DEL_CUTOFF,-1
9,10,4,9267,PUSH,-1,bachfgidjpelnkom,4,-1,1
9,10,0,9268,POP,4,bchdjfglnpoeakmi
9,10,1,9268,DEL_EXPLORED,4
9,10,2,9268,POP,-4,bchdglpeajoifnkm
9,10,3,9268,DEL_EXPLORED,4
9,10,4,9268,DEL_EXPLORED,1
9,10,0,9269,DEL_EXPLORED,-4
9,10,1,9269,PUSH,-4,achdbgeifplmjnko,4,1
9,10,2,9269,POP,-1,bchdglpefjoiankm
9,10,3,9269,POP,-4,bcadfghejklmnipo
9,10,4,9269,PUSH,-1,abchfgidjpelnkom,4,1
9,10,0,9270,POP,4,bchdjfglapoenkmi
9,10,1,9270,DEL_CUTOFF,1
9,10,2,9270,PUSH,-4,bchdglpefaoinjkm,-4,4,-1,1
9,10,3,9270,POP,-4,bchdfgaejklmnipo
9,10,4,9270,DEL_EXPLORED,1
9,10,0,9271,PUSH,-4,achdbfgljpoenkmi,4,1
9,10,1,9271,DEL_EXPLORED,4
9,10,2,9271,PUSH,1,bchdglpefoainjkm,-4,4,-1,1
9,10,3,9271,POP,-4,bchdfglejkamnipo
9,10,4,9271,DEL_CUTOFF,4
9,10,0,9272,PUSH,1,cahdbfgljpoenkmi,4,-1,1
9,10,1,9272,POP,-4,achdbgeifplmjnko
9,10,2,9272,DEL_CUTOFF,1
9,10,3,9272,POP,1,bchdfglejkpmniao
9,10,4,9272,POP,-1,abchfgidjpelnkom
9,10,0,9273,PUSH,1,chadbfgljpoenkmi,4,-1,1
9,10,1,9273,POP,-4,bchdageifplmjnko
9,10,2,9273,DEL_EXPLORED,-1
9,10,3,9273,PUSH,-1,bchdfglejkpmanio,-4,1
9,10,4,9273,PUSH,4,bgchfaidjpelnkom,-4,4,-1,1
9,10,0,9274,DEL_CUTOFF,1
9,10,1,9274,POP,-4,bchdfgeiaplmjnko
9,10,2,9274,DEL_CUTOFF,4
9,10,3,9274,DEL_EXPLORED,1
9,10,4,9274,DEL_CUTOFF,1
9,10,0,9275,DEL_EXPLORED,-1
9,10,1,9275,POP,-1,bchdfgeijplmanko
9,10,2,9275,DEL_CUTOFF,-4
9,10,3,9275,PUSH,-4,bchdfgleakpmjnio,-4,4,1
9,10,4,9275,DEL_CUTOFF,-1
9,10,0,9276,DEL_CUTOFF,4
9,10,1,9276,PUSH,-4,bchdfgeijalmnpko,-4,4,-1,1
9,10,2,9276,POP,1,bchdglpefoainjkm
9,10,3,9276,PUSH,1,bchdfglekapmjnio,-4,4,-1,1
9,10,4,9276,DEL_CUTOFF,4
9,10,0,9277,POP,1,chadbfgljpoenkmi
9,10,1,9277,PUSH,1,bchdfgeijlamnpko,-4,4,-1,1
9,10,2,9277,PUSH,-1,bchdglpeafoinjkm,-4,4,1
9,10,3,9277,PUSH,1,bchdfglekpamjnio,-4,4,-1,1
9,10,4,9277,DEL_EXPLORED,-4
9,10,0,9278,DEL_EXPLORED,-1
9,10,1,9278,PUSH,1,bchdfgeijlmanpko,-4,4,-1
9,10,2,9278,DEL_EXPLORED,1
9,10,3,9278,DEL_CUTOFF,1
9,10,4,9278,POP,4,bgchfaidjpelnkom
9,10,0,9279,PUSH,4,cfhdbagljpoenkmi,-4,4,-1,1
9,10,1,9279,DEL_EXPLORED,-1
9,10,2,9279,DEL_CUTOFF,4
9,10,3,9279,DEL_EXPLORED,-1
9,10,4,9279,POP,-1,bachfgidjpelnkom
9,10,0,9280,DEL_CUTOFF,1
9,10,1,9280,PUSH,4,bchdfgeijlmonpka,-4,-1
9,10,2,9280,DEL_CUTOFF,-4
9,10,3,9280,DEL_CUTOFF,4
9,10,4,9280,PUSH,4,bcihfgadjpelnkom,-4,4,-1,1
9,10,0,9281,DEL_CUTOFF,-1
9,10,1,9281,DEL_CUTOFF,-1
9,10,2,9281,POP,-1,bchdglpeafoinjkm
9,10,3,9281,DEL_CUTOFF,-4
9,10,4,9281,PUSH,1,bcihfgdajpelnkom,-4,4,-1
9,10,0,9282,DEL_CUTOFF,4
9,10,1,9282,DEL_EXPLORED,-4
9,10,2,9282,DEL_EXPLORED,4
9,10,3,9282,POP,1,bchdfglekpamjnio
9,10,4,9282,DEL_EXPLORED,-1
9,10,0,9283,DEL_EXPLORED,-4
9,10,1,9283,POP,4,bchdfgeijlmonpka
9,10,2,9283,PUSH,-4,bchdgapefloinjkm,-4,4,-1,1
9,10,3,9283,DEL_EXPLORED,-1
9,10,4,9283,DEL_CUTOFF,4
9,10,0,9284,POP,4,cfhdbagljpoenkmi
9,10,1,9284,PUSH,-4,bchdfgeajlminpko,-4,4,-1
9,10,2,9284,DEL_CUTOFF,1
9,10,3,9284,PUSH,4,bchdfgleknpmjaio,-4,-1,1
9,10,4,9284,DEL_CUTOFF,-4
9,10,0,9285,POP,1,cahdbfgljpoenkmi
9,10,1,9285,DEL_CUTOFF,-1
9,10,2,9285,DEL_CUTOFF,-1
9,10,3,9285,DEL_CUTOFF,1
9,10,4,9285,POP,1,bcihfgdajpelnkom
9,10,0,9286,DEL_EXPLORED,4
9,10,1,9286,DEL_EXPLORED,4
9,10,2,9286,DEL_EXPLORED,4
9,10,3,9286,DEL_CUTOFF,-1
9,10,4,9286,PUSH,-1,bcihfagdjpelnkom,-4,4,-1,1
9,10,0,9287,POP,-4,achdbfgljpoenkmi
9,10,1,9287,DEL_CUTOFF,-4
9,10,2,9287,DEL_CUTOFF,-4
9,10,3,9287,DEL_EXPLORED,-4
9,10,4,9287,DEL_EXPLORED,1
9,10,0,9288,POP,-1,bchdafgljpoenkmi
9,10,1,9288,POP,-4,bchdfgeajlminpko
9,10,2,9288,POP,-4,bchdgapefloinjkm
9,10,3,9288,POP,4,bchdfgleknpmjaio
9,10,4,9288,DEL_CUTOFF,-1
9,10,0,9289,PUSH,4,bchdfpgljaoenkmi,-4,4,-1,1
9,10,1,9289,POP,1,bchdfgeijlmanpko
9,10,2,9289,POP,-4,bchdglpefaoinjkm
9,10,3,9289,PUSH,-4,bchdfalekgpmjnio,-4,4,-1,1
9,10,4,9289,DEL_CUTOFF,4
9,10,0,9290,PUSH,1,bchdfpgljoaenkmi,-4,4,-1,1
9,10,1,9290,DEL_EXPLORED,-1
9,10,2,9290,POP,-1,bchdglpefjoinakm
9,10,3,9290,DEL_CUTOFF,1
9,10,4,9290,DEL_CUTOFF,-4
9,10,0,9291,PUSH,1,bchdfpgljoeankmi,-4,4,-1
9,10,1,9291,PUSH,4,bchdfgeijlkmnpao,-4,-1,1
9,10,2,9291,DEL_EXPLORED,-4
9,10,3,9291,DEL_CUTOFF,-1
9,10,4,9291,POP,-1,bcihfagdjpelnkom
9,10,0,9292,DEL_EXPLORED,-1
9,10,1,9292,PUSH,1,bchdfgeijlkmnpoa,-4,-1
9,10,2,9292,POP,4,bchdglpefjoinkam
9,10,3,9292,DEL_EXPLORED,4
9,10,4,9292,PUSH,4,bcihfgedjpalnkom,-4,4,-1,1
9,10,0,9293,PUSH,4,bchdfpgljoeinkma,-4,-1
9,10,1,9293,DEL_EXPLORED,-1
9,10,2,9293,DEL_EXPLORED,-4
9,10,3,9293,DEL_CUTOFF,-4
9,10,4,9293,DEL_CUTOFF,1
9,10,0,9294,DEL_CUTOFF,-1
9,10,1,9294,DEL_CUTOFF,-4
9,10,2,9294,POP,4,bchdglpefjainkom
9,10,3,9294,POP,-4,bchdfalekgpmjnio
9,10,4,9294,DEL_CUTOFF,-1
9,10,0,9295,DEL_EXPLORED,-4
9,10,1,9295,POP,1,bchdfgeijlkmnpoa
9,10,2,9295,PUSH,-4,bcadglhefjpinkom,4,-1,1
9,10,3,9295,POP,1,bchdfglekapmjnio
9,10,4,9295,DEL_CUTOFF,4
9,10,0,9296,POP,4,bchdfpgljoeinkma
9,10,1,9296,PUSH,-1,bchdfgeijlkmnapo,-4,-1,1
9,10,2,9296,PUSH,1,bcdaglhefjpinkom,4,-1
9,10,3,9296,DEL_EXPLORED,4
9,10,4,9296,DEL_EXPLORED,-4
9,10,0,9297,PUSH,-4,bchdfpgajoelnkmi,-4,4,-1
9,10,1,9297,DEL_EXPLORED,1
9,10,2,9297,DEL_EXPLORED,-1
9,10,3,9297,PUSH,-4,bchdaglefkpmjnio,-4,4,1
9,10,4,9297,POP,4,bcihfgedjpalnkom
9,10,0,9298,DEL_CUTOFF,-1
9,10,1,9298,DEL_CUTOFF,-1
9,10,2,9298,PUSH,4,bcdeglhafjpinkom,-4,4,-1
9,10,3,9298,PUSH,1,bchdgalefkpmjnio,-4,4,-1,1
9,10,4,9298,DEL_EXPLORED,-4
9,10,0,9299,DEL_EXPLORED,4
9,10,1,9299,DEL_CUTOFF,-4
9,10,2,9299,PUSH,-1,bcdeglahfjpinkom,-4,4,-1,1
9,10,3,9299,DEL_CUTOFF,1
9,10,4,9299,POP,4,bcihfgadjpelnkom
9,10,0,9300,DEL_CUTOFF,-4
9,10,1,9300,POP,-1,bchdfgeijlkmnapo
9,10,2,9300,DEL_EXPLORED,1
9,10,3,9300,DEL_EXPLORED,-1
9,10,4,9300,POP,-1,bcahfgidjpelnkom
9,10,0,9301,POP,-4,bchdfpgajoelnkmi
9,10,1,9301,DEL_EXPLORED,-4
9,10,2,9301,PUSH,-1,bcdegalhfjpinkom,-4,4,-1,1
9,10,3,9301,DEL_CUTOFF,4
9,10,4,9301,DEL_EXPLORED,4
9,10,0,9302,POP,1,bchdfpgljoeankmi
9,10,1,9302,POP,4,bchdfgeijlkmnpao
9,10,2,9302,DEL_EXPLORED,1
9,10,3,9302,DEL_CUTOFF,-4
9,10,4,9302,POP,-4,bchafgidjpelnkom
9,10,0,9303,DEL_EXPLORED,-1
9,10,1,9303,PUSH,-4,bchdfgaijlemnpko,-4,4,-1,1
9,10,2,9303,DEL_CUTOFF,-1
9,10,3,9303,POP,1,bchdgalefkpmjnio
9,10,4,9303,POP,-4,bchdfgiajpelnkom
9,10,0,9304,PUSH,4,bchdfpgljomenkai,-4,-1,1
9,10,1,9304,PUSH,1,bchdfgiajlemnpko,-4,4,-1
9,10,2,9304,DEL_CUTOFF,4
9,10,3,9304,DEL_EXPLORED,4
9,10,4,9304,POP,1,bchdfgiljpeankom
9,10,0,9305,PUSH,1,bchdfpgljomenkia,-4,-1
9,10,1,9305,DEL_EXPLORED,-1
9,10,2,9305,DEL_CUTOFF,-4
9,10,3,9305,PUSH,-4,achdbglefkpmjnio,4,1
9,10,4,9305,PUSH,-1,bchdfgiljapenkom,-4,4,-1,1
9,10,0,9306,DEL_EXPLORED,-1
9,10,1,9306,DEL_CUTOFF,4
9,10,2,9306,POP,-1,bcdegalhfjpinkom
9,10,3,9306,DEL_CUTOFF,1
9,10,4,9306,DEL_EXPLORED,1
9,10,0,9307,DEL_CUTOFF,-4
9,10,1,9307,DEL_CUTOFF,-4
9,10,2,9307,PUSH,4,bcdeglphfjainkom,-4,4,-1,1
9,10,3,9307,DEL_EXPLORED,4
9,10,4,9307,PUSH,-1,bchdfgilajpenkom,-4,4,1
9,10,0,9308,POP,1,bchdfpgljomenkia
9,10,1,9308,POP,1,bchdfgiajlemnpko
9,10,2,9308,DEL_CUTOFF,1
9,10,3,9308,POP,-4,achdbglefkpmjnio
9,10,4,9308,DEL_EXPLORED,1
9,10,0,9309,PUSH,-1,bchdfpgljomenaki,-4,-1,1
9,10,1,9309,PUSH,-1,bchdfagijlemnpko,-4,4,-1,1
9,10,2,9309,DEL_CUTOFF,-1
9,10,3,9309,POP,-4,bchdaglefkpmjnio
9,10,4,9309,PUSH,4,bchdfgilnjpeakom,-4,1
9,10,0,9310,DEL_EXPLORED,1
9,10,1,9310,DEL_EXPLORED,1
9,10,2,9310,DEL_CUTOFF,4
9,10,3,9310,POP,-4,bchdfgleakpmjnio
9,10,4,9310,PUSH,1,bchdfgilnjpekaom,-4,-1,1
9,10,0,9311,DEL_CUTOFF,-1
9,10,1,9311,DEL_CUTOFF,-1
9,10,2,9311,DEL_EXPLORED,-4
9,10,3,9311,POP,-1,bchdfglejkpmanio
9,10,4,9311,PUSH,1,bchdfgilnjpekoam,-4,-1,1
9,10,0,9312,DEL_CUTOFF,-4
9,10,1,9312,DEL_CUTOFF,4
9,10,2,9312,POP,4,bcdeglphfjainkom
9,10,3,9312,DEL_EXPLORED,-4
9,10,4,9312,PUSH,1,bchdfgilnjpekoma,-4,-1
9,10,0,9313,POP,-1,bchdfpgljomenaki
9,10,1,9313,DEL_CUTOFF,-4
9,10,2,9313,PUSH,-4,bcaegldhfjpinkom,4,-1,1
9,10,3,9313,POP,4,bchdfglejkpmnaio
9,10,4,9313,DEL_EXPLORED,-1
9,10,0,9314,DEL_EXPLORED,-4
9,10,1,9314,POP,-1,bchdfagijlemnpko
9,10,2,9314,DEL_CUTOFF,1
9,10,3,9314,PUSH,-4,bchdfalejgpmnkio,-4,4,-1,1
9,10,4,9314,DEL_CUTOFF,-4
9,10,0,9315,POP,4,bchdfpgljomenkai
9,10,1,9315,DEL_EXPLORED,4
9,10,2,9315,DEL_CUTOFF,-1
9,10,3,9315,PUSH,1,bchdflaejgpmnkio,-4,4,-1,1
9,10,4,9315,POP,1,bchdfgilnjpekoma
9,10,0,9316,PUSH,-4,bchdfpaljogenkmi,-4,4,-1,1
9,10,1,9316,PUSH,-4,bcadfghijlemnpko,4,-1,1
9,10,2,9316,DEL_EXPLORED,4
9,10,3,9316,PUSH,1,bchdfleajgpmnkio,-4,4,-1
9,10,4,9316,DEL_EXPLORED,-1
9,10,0,9317,PUSH,1,bchdfplajogenkmi,-4,4,-1
9,10,1,9317,DEL_CUTOFF,1
9,10,2,9317,POP,-4,bcaegldhfjpinkom
9,10,3,9317,DEL_EXPLORED,-1
9,10,4,9317,PUSH,-4,bchdfgilnjaekopm,-4,4,-1,1
9,10,0,9318,DEL_EXPLORED,-1
9,10,1,9318,DEL_CUTOFF,-1
9,10,2,9318,POP,-1,bcdeglahfjpinkom
9,10,3,9318,PUSH,4,bchdflemjgpankio,-4,4,-1
9,10,4,9318,DEL_CUTOFF,1
9,10,0,9319,DEL_CUTOFF,4
9,10,1,9319,DEL_EXPLORED,4
9,10,2,9319,PUSH,4,bcdeglhifjpankom,-4,4,-1
9,10,3,9319,PUSH,-1,bchdflemjgapnkio,-4,4,-1,1
9,10,4,9319,DEL_CUTOFF,-1
9,10,0,9320,DEL_CUTOFF,-4
9,10,1,9320,POP,-4,bcadfghijlemnpko
9,10,2,9320,PUSH,-1,bcdeglhifjapnkom,-4,4,-1,1
9,10,3,9320,DEL_EXPLORED,1
9,10,4,9320,DEL_EXPLORED,4
9,10,0,9321,POP,1,bchdfplajogenkmi
9,10,1,9321,POP,-4,bchdfgaijlemnpko
9,10,2,9321,DEL_EXPLORED,1
9,10,3,9321,DEL_CUTOFF,-1
9,10,4,9321,DEL_CUTOFF,-4
9,10,0,9322,PUSH,-1,bchdfapljogenkmi,-4,4,-1,1
9,10,1,9322,POP,1,bchdfgeijlamnpko
9,10,2,9322,DEL_CUTOFF,-1
9,10,3,9322,DEL_CUTOFF,4
9,10,4,9322,POP,-4,bchdfgilnjaekopm
9,10,0,9323,DEL_EXPLORED,1
9,10,1,9323,PUSH,-1,bchdfgeiajlmnpko,-4,4,1
9,10,2,9323,DEL_CUTOFF,4
9,10,3,9323,DEL_CUTOFF,-4
9,10,4,9323,POP,1,bchdfgilnjpekoam
9,10,0,9324,DEL_CUTOFF,-1
9,10,1,9324,DEL_EXPLORED,1
9,10,2,9324,DEL_CUTOFF,-4
9,10,3,9324,POP,-1,bchdflemjgapnkio
9,10,4,9324,DEL_EXPLORED,-1
9,10,0,9325,DEL_CUTOFF,4
9,10,1,9325,PUSH,4,bchdfgeinjlmapko,-4,1
9,10,2,9325,POP,-1,bcdeglhifjapnkom
9,10,3,9325,PUSH,4,bchdflemjgponkia,-4,-1
9,10,4,9325,PUSH,-4,bchdfgilnapekjom,-4,4,-1,1
9,10,0,9326,DEL_CUTOFF,-4
9,10,1,9326,PUSH,1,bchdfgeinjlmpako,-4,-1,1
9,10,2,9326,PUSH,4,bcdeglhifjpmnkoa,-4,-1
9,10,3,9326,DEL_CUTOFF,-1
9,10,4,9326,PUSH,1,bchdfgilnpaekjom,-4,4,-1,1
9,10,0,9327,POP,-1,bchdfapljogenkmi
9,10,1,9327,DEL_CUTOFF,1
9,10,2,9327,DEL_CUTOFF,-1
9,10,3,9327,DEL_EXPLORED,-4
9,10,4,9327,DEL_CUTOFF,1
9,10,0,9328,DEL_EXPLORED,4
9,10,1,9328,DEL_EXPLORED,-1
9,10,2,9328,DEL_EXPLORED,-4
9,10,3,9328,POP,4,bchdflemjgponkia
9,10,4,9328,DEL_EXPLORED,-1
9,10,0,9329,PUSH,-4,bcadfphljogenkmi,4,-1,1
9,10,1,9329,DEL_CUTOFF,-4
9,10,2,9329,POP,4,bcdeglhifjpmnkoa
9,10,3,9329,DEL_EXPLORED,-4
9,10,4,9329,DEL_CUTOFF,4
9,10,0,9330,DEL_CUTOFF,1
9,10,1,9330,POP,1,bchdfgeinjlmpako
9,10,2,9330,DEL_EXPLORED,-4
9,10,3,9330,POP,4,bchdflemjgpankio
9,10,4,9330,DEL_CUTOFF,-4
9,10,0,9331,DEL_CUTOFF,-1
9,10,1,9331,DEL_EXPLORED,-4
9,10,2,9331,POP,4,bcdeglhifjpankom
9,10,3,9331,PUSH,-4,bchafledjgpmnkio,4,-1
9,10,4,9331,POP,1,bchdfgilnpaekjom
9,10,0,9332,DEL_EXPLORED,4
9,10,1,9332,POP,4,bchdfgeinjlmapko
9,10,2,9332,DEL_EXPLORED,-4
9,10,3,9332,PUSH,-1,bcahfledjgpmnkio,4,-1,1
9,10,4,9332,PUSH,-1,bchdfgilanpekjom,-4,4,1
9,10,0,9333,POP,-4,bcadfphljogenkmi
9,10,1,9333,PUSH,-4,bchdageifjlmnpko,-4,4,1
9,10,2,9333,POP,4,bcdeglhafjpinkom
9,10,3,9333,DEL_EXPLORED,1
9,10,4,9333,DEL_EXPLORED,1
9,10,0,9334,POP,-4,bchdfpaljogenkmi
9,10,1,9334,PUSH,1,bchdgaeifjlmnpko,-4,4,-1,1
9,10,2,9334,POP,1,bcdaglhefjpinkom
9,10,3,9334,DEL_CUTOFF,-1
9,10,4,9334,DEL_CUTOFF,4
9,10,0,9335,POP,1,bchdfpgljoaenkmi
9,10,1,9335,DEL_CUTOFF,1
9,10,2,9335,PUSH,-1,bacdglhefjpinkom,4,-1,1
9,10,3,9335,DEL_CUTOFF,4
9,10,4,9335,DEL_CUTOFF,-4
9,10,0,9336,PUSH,-1,bchdfpglajoenkmi,-4,4,1
9,10,1,9336,DEL_EXPLORED,-1
9,10,2,9336,DEL_EXPLORED,1
9,10,3,9336,POP,-1,bcahfledjgpmnkio
9,10,4,9336,POP,-1,bchdfgilanpekjom
9,10,0,9337,DEL_EXPLORED,1
9,10,1,9337,DEL_CUTOFF,4
9,10,2,9337,PUSH,-1,abcdglhefjpinkom,4,1
9,10,3,9337,DEL_EXPLORED,4
9,10,4,9337,DEL_EXPLORED,4
9,10,0,9338,PUSH,4,bchdfpglnjoeakmi,-4,1
9,10,1,9338,DEL_CUTOFF,-4
9,10,2,9338,DEL_EXPLORED,1
9,10,3,9338,POP,-4,bchafledjgpmnkio
9,10,4,9338,PUSH,-4,bchdfailngpekjom,-4,4,-1,1
9,10,0,9339,PUSH,1,bchdfpglnjoekami,-4,-1,1
9,10,1,9339,POP,1,bchdgaeifjlmnpko
9,10,2,9339,PUSH,4,gbcdalhefjpinkom,-4,4,1
9,10,3,9339,POP,1,bchdfleajgpmnkio
9,10,4,9339,DEL_CUTOFF,1
9,10,0,9340,DEL_CUTOFF,1
9,10,1,9340,DEL_EXPLORED,4
9,10,2,9340,PUSH,1,gbcdlahefjpinkom,-4,4,-1,1
9,10,3,9340,DEL_EXPLORED,-1
9,10,4,9340,DEL_CUTOFF,-1
9,10,0,9341,DEL_EXPLORED,-1
9,10,1,9341,PUSH,-4,achdbgeifjlmnpko,4,1
9,10,2,9341,DEL_CUTOFF,1
9,10,3,9341,PUSH,4,bchdflpejgamnkio,-4,4,-1,1
9,10,4,9341,DEL_EXPLORED,4
9,10,0,9342,DEL_CUTOFF,-4
9,10,1,9342,DEL_CUTOFF,1
9,10,2,9342,DEL_EXPLORED,-1
9,10,3,9342,PUSH,1,bchdflpejgmankio,-4,4,-1
9,10,4,9342,DEL_CUTOFF,-4
9,10,0,9343,POP,1,bchdfpglnjoekami
9,10,1,9343,DEL_EXPLORED,4
9,10,2,9343,DEL_CUTOFF,4
9,10,3,9343,DEL_EXPLORED,-1
9,10,4,9343,POP,-4,bchdfailngpekjom
9,10,0,9344,DEL_EXPLORED,-4
9,10,1,9344,POP,-4,achdbgeifjlmnpko
9,10,2,9344,DEL_CUTOFF,-4
9,10,3,9344,PUSH,4,bchdflpejgmonkia,-4,-1
9,10,4,9344,POP,-4,bchdfgilnapekjom
9,10,0,9345,POP,4,bchdfpglnjoeakmi
9,10,1,9345,POP,-4,bchdageifjlmnpko
9,10,2,9345,POP,1,gbcdlahefjpinkom
9,10,3,9345,DEL_CUTOFF,-1
9,10,4,9345,POP,1,bchdfgilnjpekaom
9,10,0,9346,PUSH,-4,bchdapglfjoenkmi,-4,4,1
9,10,1,9346,POP,-1,bchdfgeiajlmnpko
9,10,2,9346,PUSH,4,gbcdflheajpinkom,-4,4,1
9,10,3,9346,DEL_EXPLORED,-4
9,10,4,9346,DEL_EXPLORED,-4
9,10,0,9347,PUSH,1,bchdpaglfjoenkmi,-4,4,-1,1
9,10,1,9347,DEL_EXPLORED,4
9,10,2,9347,DEL_CUTOFF,1
9,10,3,9347,POP,4,bchdflpejgmonkia
9,10,4,9347,POP,4,bchdfgilnjpeakom
9,10,0,9348,DEL_CUTOFF,1
9,10,1,9348,PUSH,-4,bchdfaeijglmnpko,-4,4,-1,1
9,10,2,9348,DEL_CUTOFF,4
9,10,3,9348,PUSH,-4,bchdflpajgmenkio,-4,4,-1
9,10,4,9348,PUSH,-4,bchdagilfjpenkom,-4,4,1
9,10,0,9349,DEL_EXPLORED,-1
9,10,1,9349,PUSH,1,bchdfeaijglmnpko,-4,4,-1,1
9,10,2,9349,DEL_EXPLORED,-4
9,10,3,9349,DEL_CUTOFF,-1
9,10,4,9349,PUSH,1,bchdgailfjpenkom,-4,4,-1,1
9,10,0,9350,DEL_CUTOFF,4
9,10,1,9350,PUSH,1,bchdfeiajglmnpko,-4,4,-1
9,10,2,9350,POP,4,gbcdflheajpinkom
9,10,3,9350,DEL_EXPLORED,4
9,10,4,9350,PUSH,1,bchdgialfjpenkom,-4,4,-1,1
9,10,0,9351,DEL_CUTOFF,-4
9,10,1,9351,DEL_EXPLORED,-1
9,10,2,9351,DEL_EXPLORED,-4
9,10,3,9351,DEL_CUTOFF,-4
9,10,4,9351,PUSH,1,bchdgilafjpenkom,-4,4,-1
9,10,0,9352,POP,1,bchdpaglfjoenkmi
9,10,1,9352,DEL_CUTOFF,4
9,10,2,9352,POP,4,gbcdalhefjpinkom
9,10,3,9352,POP,-4,bchdflpajgmenkio
9,10,4,9352,DEL_EXPLORED,-1
9,10,0,9353,DEL_EXPLORED,4
9,10,1,9353,DEL_CUTOFF,-4
9,10,2,9353,POP,-1,abcdglhefjpinkom
9,10,3,9353,POP,1,bchdflpejgmankio
9,10,4,9353,DEL_CUTOFF,4
9,10,0,9354,PUSH,-4,achdbpglfjoenkmi,4,1
9,10,1,9354,POP,1,bchdfeiajglmnpko
9,10,2,9354,PUSH,4,blcdgahefjpinkom,-4,4,-1,1
9,10,3,9354,PUSH,-1,bchdflpejagmnkio,-4,4,-1,1
9,10,4,9354,DEL_CUTOFF,-4
9,10,0,9355,DEL_CUTOFF,1
9,10,1,9355,DEL_EXPLORED,-1
9,10,2,9355,PUSH,1,blcdghaefjpinkom,-4,4,-1,1
9,10,3,9355,DEL_EXPLORED,1
9,10,4,9355,POP,1,bchdgilafjpenkom
9,10,0,9356,DEL_EXPLORED,4
9,10,1,9356,PUSH,4,bchdfelijgamnpko,-4,4,-1,1
9,10,2,9356,PUSH,1,blcdgheafjpinkom,-4,4,-1
9,10,3,9356,PUSH,-1,bchdflpeajgmnkio,-4,4,1
9,10,4,9356,DEL_EXPLORED,-1
9,10,0,9357,POP,-4,achdbpglfjoenkmi
9,10,1,9357,DEL_CUTOFF,1
9,10,2,9357,DEL_EXPLORED,-1
9,10,3,9357,DEL_EXPLORED,1
9,10,4,9357,PUSH,4,bchdgiplfjaenkom,-4,4,-1,1
9,10,0,9358,POP,-4,bchdapglfjoenkmi
9,10,1,9358,DEL_CUTOFF,-1
9,10,2,9358,DEL_CUTOFF,4
9,10,3,9358,DEL_CUTOFF,4
9,10,4,9358,DEL_CUTOFF,1
9,10,0,9359,POP,-1,bchdfpglajoenkmi
9,10,1,9359,DEL_CUTOFF,4
9,10,2,9359,DEL_CUTOFF,-4
9,10,3,9359,DEL_CUTOFF,-4
9,10,4,9359,DEL_CUTOFF,-1
9,10,0,9360,PUSH,4,bchdfpgljkoenami,-4,-1,1
9,10,1,9360,DEL_EXPLORED,-4
9,10,2,9360,POP,1,blcdgheafjpinkom
9,10,3,9360,POP,-1,bchdflpeajgmnkio
9,10,4,9360,DEL_CUTOFF,4
9,10,0,9361,PUSH,1,bchdfpgljkoenmai,-4,-1,1
9,10,1,9361,POP,4,bchdfelijgamnpko
9,10,2,9361,DEL_EXPLORED,-1
9,10,3,9361,PUSH,4,bchdflpejkgmnaio,-4,-1,1
9,10,4,9361,DEL_EXPLORED,-4
9,10,0,9362,PUSH,1,bchdfpgljkoenmia,-4,-1
9,10,1,9362,PUSH,-4,bcadfehijglmnpko,4,-1,1
9,10,2,9362,PUSH,4,blcdghpefjainkom,-4,4,-1,1
9,10,3,9362,DEL_CUTOFF,1
9,10,4,9362,POP,4,bchdgiplfjaenkom
9,10,0,9363,DEL_EXPLORED,-1
9,10,1,9363,DEL_CUTOFF,1
9,10,2,9363,DEL_CUTOFF,1
9,10,3,9363,DEL_CUTOFF,-1
9,10,4,9363,PUSH,-4,bcadgihlfjpenkom,4,-1,1
9,10,0,9364,DEL_CUTOFF,-4
9,10,1,9364,DEL_CUTOFF,-1
9,10,2,9364,DEL_CUTOFF,-1
9,10,3,9364,DEL_EXPLORED,-4
9,10,4,9364,DEL_CUTOFF,1
9,10,0,9365,POP,1,bchdfpgljkoenmia
9,10,1,9365,DEL_EXPLORED,4
9,10,2,9365,DEL_CUTOFF,4
9,10,3,9365,POP,4,bchdflpejkgmnaio
9,10,4,9365,DEL_CUTOFF,-1
9,10,0,9366,DEL_EXPLORED,-1
9,10,1,9366,POP,-4,bcadfehijglmnpko
9,10,2,9366,DEL_EXPLORED,-4
9,10,3,9366,PUSH,-4,bchdfapejlgmnkio,-4,4,-1,1
9,10,4,9366,DEL_EXPLORED,4
9,10,0,9367,PUSH,-4,bchdfpgljkaenmoi,-4,4,-1,1
9,10,1,9367,POP,1,bchdfeaijglmnpko
9,10,2,9367,POP,4,blcdghpefjainkom
9,10,3,9367,DEL_CUTOFF,1
9,10,4,9367,POP,-4,bcadgihlfjpenkom
9,10,0,9368,DEL_CUTOFF,1
9,10,1,9368,PUSH,-1,bchdafeijglmnpko,-4,4,1
9,10,2,9368,PUSH,-4,bladghcefjpinkom,4,-1,1
9,10,3,9368,DEL_CUTOFF,-1
9,10,4,9368,POP,1,bchdgialfjpenkom
9,10,0,9369,DEL_CUTOFF,-1
9,10,1,9369,DEL_EXPLORED,1
9,10,2,9369,DEL_CUTOFF,1
9,10,3,9369,DEL_EXPLORED,4
9,10,4,9369,DEL_EXPLORED,-1
9,10,0,9370,DEL_EXPLORED,4
9,10,1,9370,PUSH,4,bchdjfeiaglmnpko,-4,4,1
9,10,2,9370,DEL_CUTOFF,-1
9,10,3,9370,DEL_CUTOFF,-4
9,10,4,9370,PUSH,4,bchdgjilfapenkom,-4,4,-1,1
9,10,0,9371,DEL_CUTOFF,-4
9,10,1,9371,DEL_CUTOFF,1
9,10,2,9371,DEL_EXPLORED,4
9,10,3,9371,POP,-4,bchdfapejlgmnkio
9,10,4,9371,PUSH,1,bchdgjilfpaenkom,-4,4,-1,1
9,10,0,9372,POP,-4,bchdfpgljkaenmoi
9,10,1,9372,DEL_CUTOFF,4
9,10,2,9372,POP,-4,bladghcefjpinkom
9,10,3,9372,POP,-1,bchdflpejagmnkio
9,10,4,9372,DEL_CUTOFF,1
9,10,0,9373,POP,1,bchdfpgljkoenmai
9,10,1,9373,DEL_EXPLORED,-4
9,10,2,9373,POP,1,blcdghaefjpinkom
9,10,3,9373,PUSH,4,bchdflpejgimnkao,-4,-1,1
9,10,4,9373,DEL_EXPLORED,-1
9,10,0,9374,PUSH,-1,bchdfpgljkoeanmi,-4,1
9,10,1,9374,POP,4,bchdjfeiaglmnpko
9,10,2,9374,PUSH,-1,blcdaghefjpinkom,-4,4,1
9,10,3,9374,PUSH,1,bchdflpejgimnkoa,-4,-1
9,10,4,9374,DEL_CUTOFF,4
9,10,0,9375,DEL_EXPLORED,1
9,10,1,9375,PUSH,-4,achdbfeijglmnpko,4,1
9,10,2,9375,DEL_EXPLORED,1
9,10,3,9375,DEL_EXPLORED,-1
9,10,4,9375,DEL_CUTOFF,-4
9,10,0,9376,PUSH,-4,bchdfpglakoejnmi,-4,4,1
9,10,1,9376,DEL_CUTOFF,1
9,10,2,9376,PUSH,4,blcdfgheajpinkom,-4,4,1
9,10,3,9376,DEL_CUTOFF,-4
9,10,4,9376,POP,1,bchdgjilfpaenkom
9,10,0,9377,DEL_CUTOFF,1
9,10,1,9377,DEL_EXPLORED,4
9,10,2,9377,DEL_CUTOFF,1
9,10,3,9377,POP,1,bchdflpejgimnkoa
9,10,4,9377,PUSH,-1,bchdgjilafpenkom,-4,4,1
9,10,0,9378,DEL_EXPLORED,4
9,10,1,9378,POP,-4,achdbfeijglmnpko
9,10,2,9378,DEL_CUTOFF,4
9,10,3,9378,PUSH,-1,bchdflpejgimnako,-4,-1,1
9,10,4,9378,DEL_EXPLORED,1
9,10,0,9379,DEL_CUTOFF,-4
9,10,1,9379,POP,-1,bchdafeijglmnpko
9,10,2,9379,DEL_EXPLORED,-4
9,10,3,9379,DEL_EXPLORED,1
9,10,4,9379,DEL_CUTOFF,4
9,10,0,9380,POP,-4,bchdfpglakoejnmi
9,10,1,9380,DEL_EXPLORED,4
9,10,2,9380,POP,4,blcdfgheajpinkom
9,10,3,9380,DEL_CUTOFF,-1
9,10,4,9380,DEL_CUTOFF,-4
9,10,0,9381,POP,-1,bchdfpgljkoeanmi
9,10,1,9381,PUSH,-4,bahdfceijglmnpko,4,-1,1
9,10,2,9381,PUSH,-4,alcdbghefjpinkom,4,1
9,10,3,9381,DEL_CUTOFF,-4
9,10,4,9381,POP,-1,bchdgjilafpenkom
9,10,0,9382,DEL_EXPLORED,-4
9,10,1,9382,PUSH,1,bhadfceijglmnpko,4,-1,1
9,10,2,9382,DEL_CUTOFF,1
9,10,3,9382,POP,-1,bchdflpejgimnako
9,10,4,9382,PUSH,4,bchdgjilfkpenaom,-4,-1,1
9,10,0,9383,POP,4,bchdfpgljkoenami
9,10,1,9383,DEL_CUTOFF,1
9,10,2,9383,DEL_EXPLORED,4
9,10,3,9383,DEL_EXPLORED,-4
9,10,4,9383,DEL_CUTOFF,1
9,10,0,9384,DEL_EXPLORED,-4
9,10,1,9384,DEL_EXPLORED,-1
9,10,2,9384,POP,-4,alcdbghefjpinkom
9,10,3,9384,POP,4,bchdflpejgimnkao
9,10,4,9384,DEL_CUTOFF,-1
9,10,0,9385,POP,4,bchdfpgljaoenkmi
9,10,1,9385,DEL_CUTOFF,4
9,10,2,9385,POP,-1,blcdaghefjpinkom
9,10,3,9385,DEL_EXPLORED,-4
9,10,4,9385,DEL_EXPLORED,-4
9,10,0,9386,PUSH,-4,bahdfcgljpoenkmi,4,-1,1
9,10,1,9386,POP,1,bhadfceijglmnpko
9,10,2,9386,PUSH,4,blcdgjhefapinkom,-4,4,-1,1
9,10,3,9386,POP,4,bchdflpejgamnkio
9,10,4,9386,POP,4,bchdgjilfkpenaom
9,10,0,9387,PUSH,1,bhadfcgljpoenkmi,4,-1,1
9,10,1,9387,PUSH,-1,abhdfceijglmnpko,4,1
9,10,2,9387,PUSH,1,blcdgjhefpainkom,-4,4,-1,1
9,10,3,9387,PUSH,-4,bcadflhejgpmnkio,4,-1,1
9,10,4,9387,DEL_EXPLORED,-4
9,10,0,9388,PUSH,1,bhdafcgljpoenkmi,4,-1
9,10,1,9388,DEL_EXPLORED,1
9,10,2,9388,DEL_CUTOFF,1
9,10,3,9388,PUSH,1,bcdaflhejgpmnkio,4,-1
9,10,4,9388,POP,4,bchdgjilfapenkom
9,10,0,9389,DEL_EXPLORED,-1
9,10,1,9389,DEL_CUTOFF,4
9,10,2,9389,DEL_EXPLORED,-1
9,10,3,9389,DEL_EXPLORED,-1
9,10,4,9389,PUSH,-4,bahdgcilfjpenkom,4,-1,1
9,10,0,9390,PUSH,4,bhdlfcgajpoenkmi,-4,4,-1
9,10,1,9390,POP,-1,abhdfceijglmnpko
9,10,2,9390,DEL_CUTOFF,4
9,10,3,9390,PUSH,4,bcdeflhajgpmnkio,-4,4,-1
9,10,4,9390,PUSH,1,bhadgcilfjpenkom,4,-1,1
9,10,0,9391,DEL_CUTOFF,-1
9,10,1,9391,DEL_EXPLORED,4
9,10,2,9391,DEL_CUTOFF,-4
9,10,3,9391,DEL_CUTOFF,-1
9,10,4,9391,DEL_CUTOFF,1
9,10,0,9392,DEL_CUTOFF,4
9,10,1,9392,POP,-4,bahdfceijglmnpko
9,10,2,9392,POP,1,blcdgjhefpainkom
9,10,3,9392,DEL_CUTOFF,4
9,10,4,9392,DEL_EXPLORED,-1
9,10,0,9393,DEL_EXPLORED,-4
9,10,1,9393,POP,-4,bchdfaeijglmnpko
9,10,2,9393,PUSH,-1,blcdgjheafpinkom,-4,4,1
9,10,3,9393,DEL_EXPLORED,-4
9,10,4,9393,DEL_CUTOFF,4
9,10,0,9394,POP,4,bhdlfcgajpoenkmi
9,10,1,9394,POP,-4,bchdfgeijalmnpko
9,10,2,9394,DEL_EXPLORED,1
9,10,3,9394,POP,4,bcdeflhajgpmnkio
9,10,4,9394,POP,1,bhadgcilfjpenkom
9,10,0,9395,POP,1,bhdafcgljpoenkmi
9,10,1,9395,POP,-1,bchdfgeijplmnako
9,10,2,9395,DEL_CUTOFF,4
9,10,3,9395,POP,1,bcdaflhejgpmnkio
9,10,4,9395,PUSH,-1,abhdgcilfjpenkom,4,1
9,10,0,9396,DEL_EXPLORED,-1
9,10,1,9396,PUSH,-4,bchdfgeijpamnklo,-4,4,-1,1
9,10,2,9396,DEL_CUTOFF,-4
9,10,3,9396,PUSH,-1,bacdflhejgpmnkio,4,-1,1
9,10,4,9396,DEL_EXPLORED,1
9,10,0,9397,PUSH,4,bhgdfcaljpoenkmi,-4,4,-1,1
9,10,1,9397,PUSH,1,bchdfgeijpmanklo,-4,4,-1
9,10,2,9397,POP,-1,blcdgjheafpinkom
9,10,3,9397,DEL_EXPLORED,1
9,10,4,9397,DEL_CUTOFF,4
9,10,0,9398,PUSH,1,bhgdfclajpoenkmi,-4,4,-1
9,10,1,9398,DEL_EXPLORED,-1
9,10,2,9398,PUSH,4,blcdgjhefkpinaom,-4,-1,1
9,10,3,9398,PUSH,-1,abcdflhejgpmnkio,4,1
9,10,4,9398,POP,-1,abhdgcilfjpenkom
9,10,0,9399,DEL_EXPLORED,-1
9,10,1,9399,PUSH,4,bchdfgeijpmonkla,-4,-1
9,10,2,9399,DEL_CUTOFF,1
9,10,3,9399,DEL_EXPLORED,1
9,10,4,9399,DEL_EXPLORED,4
9,10,0,9400,DEL_CUTOFF,4
9,10,1,9400,PUSH,-1,bchdfgeijpmonkal,-4,-1,1
9,10,2,9400,DEL_CUTOFF,-1
9,10,3,9400,DEL_CUTOFF,4
9,10,4,9400,POP,-4,bahdgcilfjpenkom
9,10,0,9401,DEL_CUTOFF,-4
9,10,1,9401,DEL_EXPLORED,1
9,10,2,9401,DEL_EXPLORED,-4
9,10,3,9401,POP,-1,abcdflhejgpmnkio
9,10,4,9401,POP,1,bchdgailfjpenkom
9,10,0,9402,POP,1,bhgdfclajpoenkmi
9,10,1,9402,PUSH,-1,bchdfgeijpmonakl,-4,-1,1
9,10,2,9402,POP,4,blcdgjhefkpinaom
9,10,3,9402,PUSH,4,blcdfahejgpmnkio,-4,4,-1,1
9,10,4,9402,DEL_EXPLORED,4
9,10,0,9403,PUSH,-1,bhgdfacljpoenkmi,-4,4,-1,1
9,10,1,9403,DEL_EXPLORED,1
9,10,2,9403,DEL_EXPLORED,-4
9,10,3,9403,DEL_CUTOFF,1
9,10,4,9403,PUSH,-4,achdbgilfjpenkom,4,1
9,10,0,9404,DEL_EXPLORED,1
9,10,1,9404,DEL_CUTOFF,-1
9,10,2,9404,POP,4,blcdgjhefapinkom
9,10,3,9404,DEL_CUTOFF,-1
9,10,4,9404,PUSH,1,cahdbgilfjpenkom,4,-1,1
9,10,0,9405,DEL_CUTOFF,-1
9,10,1,9405,DEL_CUTOFF,-4
9,10,2,9405,DEL_EXPLORED,-4
9,10,3,9405,DEL_CUTOFF,4
9,10,4,9405,PUSH,1,chadbgilfjpenkom,4,-1,1
9,10,0,9406,DEL_CUTOFF,4
9,10,1,9406,POP,-1,bchdfgeijpmonakl
9,10,2,9406,POP,4,blcdgahefjpinkom
9,10,3,9406,DEL_EXPLORED,-4
9,10,4,9406,DEL_CUTOFF,1
9,10,0,9407,DEL_CUTOFF,-4
9,10,1,9407,PUSH,-4,bchdfgeijpaonkml,-4,4,-1,1
9,10,2,9407,POP,-1,bacdglhefjpinkom
9,10,3,9407,POP,4,blcdfahejgpmnkio
9,10,4,9407,DEL_EXPLORED,-1
9,10,0,9408,POP,-1,bhgdfacljpoenkmi
9,10,1,9408,DEL_CUTOFF,1
9,10,2,9408,DEL_EXPLORED,4
9,10,3,9408,POP,-1,bacdflhejgpmnkio
9,10,4,9408,DEL_CUTOFF,4
9,10,0,9409,PUSH,4,bhgdfcoljpaenkmi,-4,4,-1,1
9,10,1,9409,DEL_CUTOFF,-1
9,10,2,9409,POP,-4,bcadglhefjpinkom
9,10,3,9409,DEL_EXPLORED,4
9,10,4,9409,POP,1,chadbgilfjpenkom
9,10,0,9410,DEL_CUTOFF,1
9,10,1,9410,DEL_EXPLORED,4
9,10,2,9410,POP,1,bchdglaefjpinkom
9,10,3,9410,POP,-4,bcadflhejgpmnkio
9,10,4,9410,DEL_EXPLORED,-1
9,10,0,9411,DEL_CUTOFF,-1
9,10,1,9411,DEL_CUTOFF,-4
9,10,2,9411,DEL_EXPLORED,-1
9,10,3,9411,POP,1,bchdflaejgpmnkio
9,10,4,9411,PUSH,4,cghdbailfjpenkom,-4,4,-1,1
9,10,0,9412,DEL_CUTOFF,4
9,10,1,9412,POP,-4,bchdfgeijpaonkml
9,10,2,9412,PUSH,4,bchdgjlefapinkom,-4,4,-1,1
9,10,3,9412,PUSH,-1,bchdaflejgpmnkio,-4,4,1
9,10,4,9412,DEL_CUTOFF,1
9,10,0,9413,DEL_EXPLORED,-4
9,10,1,9413,POP,-1,bchdfgeijpmonkal
9,10,2,9413,PUSH,1,bchdgjlefpainkom,-4,4,-1,1
9,10,3,9413,DEL_EXPLORED,1
9,10,4,9413,DEL_CUTOFF,-1
9,10,0,9414,POP,4,bhgdfcoljpaenkmi
9,10,1,9414,DEL_EXPLORED,-4
9,10,2,9414,PUSH,1,bchdgjlefpiankom,-4,4,-1
9,10,3,9414,PUSH,4,bchdjfleagpmnkio,-4,4,1
9,10,4,9414,DEL_CUTOFF,4
9,10,0,9415,DEL_EXPLORED,-4
9,10,1,9415,POP,4,bchdfgeijpmonkla
9,10,2,9415,DEL_EXPLORED,-1
9,10,3,9415,PUSH,1,bchdjflegapmnkio,-4,4,-1,1
9,10,4,9415,DEL_EXPLORED,-4
9,10,0,9416,POP,4,bhgdfcaljpoenkmi
9,10,1,9416,PUSH,-4,bchdfgeajpminklo,-4,4,-1
9,10,2,9416,PUSH,4,bchdgjlefpimnkoa,-4,-1
9,10,3,9416,PUSH,1,bchdjflegpamnkio,-4,4,-1,1
9,10,4,9416,POP,4,cghdbailfjpenkom
9,10,0,9417,POP,1,bhadfcgljpoenkmi
9,10,1,9417,PUSH,-1,bchdfgaejpminklo,-4,4,-1,1
9,10,2,9417,PUSH,-1,bchdgjlefpimnkao,-4,-1,1
9,10,3,9417,DEL_CUTOFF,1
9,10,4,9417,POP,1,cahdbgilfjpenkom
9,10,0,9418,PUSH,-1,abhdfcgljpoenkmi,4,1
9,10,1,9418,DEL_EXPLORED,1
9,10,2,9418,DEL_EXPLORED,1
9,10,3,9418,DEL_EXPLORED,-1
9,10,4,9418,DEL_EXPLORED,4
9,10,0,9419,DEL_EXPLORED,1
9,10,1,9419,PUSH,-1,bchdfagejpminklo,-4,4,-1,1
9,10,2,9419,PUSH,-1,bchdgjlefpimnako,-4,-1,1
9,10,3,9419,DEL_CUTOFF,4
9,10,4,9419,POP,-4,achdbgilfjpenkom
9,10,0,9420,PUSH,4,fbhdacgljpoenkmi,-4,4,1
9,10,1,9420,DEL_EXPLORED,1
9,10,2,9420,DEL_EXPLORED,1
9,10,3,9420,DEL_CUTOFF,-4
9,10,4,9420,POP,-4,bchdagilfjpenkom
9,10,0,9421,PUSH,1,fbhdcagljpoenkmi,-4,4,-1,1
9,10,1,9421,DEL_CUTOFF,-1
9,10,2,9421,DEL_CUTOFF,-1
9,10,3,9421,POP,1,bchdjflegpamnkio
9,10,4,9421,POP,-1,bchdfgilajpenkom
9,10,0,9422,DEL_CUTOFF,1
9,10,1,9422,DEL_CUTOFF,4
9,10,2,9422,DEL_CUTOFF,-4
9,10,3,9422,DEL_EXPLORED,-1
9,10,4,9422,PUSH,4,bchdfgiljkpenaom,-4,-1,1
9,10,0,9423,DEL_EXPLORED,-1
9,10,1,9423,DEL_CUTOFF,-4
9,10,2,9423,POP,-1,bchdgjlefpimnako
9,10,3,9423,PUSH,4,bchdjflegkpmnaio,-4,-1,1
9,10,4,9423,PUSH,1,bchdfgiljkpenoam,-4,-1,1
9,10,0,9424,DEL_CUTOFF,4
9,10,1,9424,POP,-1,bchdfagejpminklo
9,10,2,9424,PUSH,-4,bchdgjlefpamnkio,-4,4,-1,1
9,10,3,9424,DEL_CUTOFF,1
9,10,4,9424,PUSH,1,bchdfgiljkpenoma,-4,-1
9,10,0,9425,DEL_CUTOFF,-4
9,10,1,9425,PUSH,4,bchdfgmejpainklo,-4,4,-1,1
9,10,2,9425,DEL_CUTOFF,1
9,10,3,9425,DEL_CUTOFF,-1
9,10,4,9425,DEL_EXPLORED,-1
9,10,0,9426,POP,1,fbhdcagljpoenkmi
9,10,1,9426,DEL_CUTOFF,1
9,10,2,9426,DEL_CUTOFF,-1
9,10,3,9426,DEL_EXPLORED,-4
9,10,4,9426,PUSH,-4,bchdfgiljkpanome,-4,4,-1
9,10,0,9427,PUSH,4,fbhdjcglapoenkmi,-4,4,1
9,10,1,9427,DEL_CUTOFF,-1
9,10,2,9427,DEL_EXPLORED,4
9,10,3,9427,POP,4,bchdjflegkpmnaio
9,10,4,9427,PUSH,-1,bchdfgiljkapnome,-4,4,-1,1
9,10,0,9428,DEL_CUTOFF,1
9,10,1,9428,DEL_CUTOFF,4
9,10,2,9428,DEL_CUTOFF,-4
9,10,3,9428,PUSH,-4,bchdjalegfpmnkio,-4,4,-1,1
9,10,4,9428,DEL_EXPLORED,1
9,10,0,9429,DEL_CUTOFF,4
9,10,1,9429,DEL_EXPLORED,-4
9,10,2,9429,POP,-4,bchdgjlefpamnkio
9,10,3,9429,DEL_CUTOFF,1
9,10,4,9429,DEL_CUTOFF,-1
9,10,0,9430,DEL_EXPLORED,-4
9,10,1,9430,POP,4,bchdfgmejpainklo
9,10,2,9430,POP,-1,bchdgjlefpimnkao
9,10,3,9430,DEL_CUTOFF,-1
9,10,4,9430,DEL_CUTOFF,4
9,10,0,9431,POP,4,fbhdjcglapoenkmi
9,10,1,9431,PUSH,-4,bcadfghejpminklo,4,-1,1
9,10,2,9431,DEL_EXPLORED,-4
9,10,3,9431,DEL_EXPLORED,4
9,10,4,9431,DEL_CUTOFF,-4
9,10,0,9432,DEL_EXPLORED,-4
9,10,1,9432,DEL_CUTOFF,1
9,10,2,9432,POP,4,bchdgjlefpimnkoa
9,10,3,9432,DEL_CUTOFF,-4
9,10,4,9432,POP,-1,bchdfgiljkapnome
9,10,0,9433,POP,4,fbhdacgljpoenkmi
9,10,1,9433,DEL_CUTOFF,-1
9,10,2,9433,PUSH,-4,bchdgjlafpienkom,-4,4,-1
9,10,3,9433,POP,-4,bchdjalegfpmnkio
9,10,4,9433,DEL_EXPLORED,4
9,10,0,9434,POP,-1,abhdfcgljpoenkmi
9,10,1,9434,DEL_EXPLORED,4
9,10,2,9434,PUSH,-1,bchdgjalfpienkom,-4,4,-1,1
9,10,3,9434,POP,1,bchdjflegapmnkio
9,10,4,9434,PUSH,-4,bchdfgiajkplnome,-4,4,-1
9,10,0,9435,DEL_EXPLORED,4
9,10,1,9435,POP,-4,bcadfghejpminklo
9,10,2,9435,DEL_EXPLORED,1
9,10,3,9435,PUSH,4,bchdjflengpmakio,-4,1
9,10,4,9435,DEL_CUTOFF,-1
9,10,0,9436,POP,-4,bahdfcgljpoenkmi
9,10,1,9436,POP,-1,bchdfgaejpminklo
9,10,2,9436,PUSH,-1,bchdgajlfpienkom,-4,4,-1,1
9,10,3,9436,PUSH,1,bchdjflengpmkaio,-4,-1,1
9,10,4,9436,DEL_EXPLORED,4
9,10,0,9437,POP,-1,bchdfagljpoenkmi
9,10,1,9437,DEL_EXPLORED,4
9,10,2,9437,DEL_EXPLORED,1
9,10,3,9437,DEL_CUTOFF,1
9,10,4,9437,DEL_CUTOFF,-4
9,10,0,9438,PUSH,4,bchdfgoljpaenkmi,-4,4,-1,1
9,10,1,9438,PUSH,-4,bchafgedjpminklo,4,-1
9,10,2,9438,DEL_CUTOFF,-1
9,10,3,9438,DEL_EXPLORED,-1
9,10,4,9438,POP,-4,bchdfgiajkplnome
9,10,0,9439,PUSH,1,bchdfgoljpeankmi,-4,4,-1
9,10,1,9439,PUSH,-1,bcahfgedjpminklo,4,-1,1
9,10,2,9439,DEL_CUTOFF,4
9,10,3,9439,DEL_CUTOFF,-4
9,10,4,9439,POP,-4,bchdfgiljkpanome
9,10,0,9440,DEL_EXPLORED,-1
9,10,1,9440,DEL_EXPLORED,1
9,10,2,9440,DEL_CUTOFF,-4
9,10,3,9440,POP,1,bchdjflengpmkaio
9,10,4,9440,POP,1,bchdfgiljkpenoma
9,10,0,9441,PUSH,4,bchdfgoljpeinkma,-4,-1
9,10,1,9441,DEL_CUTOFF,-1
9,10,2,9441,POP,-1,bchdgajlfpienkom
9,10,3,9441,DEL_EXPLORED,-4
9,10,4,9441,DEL_EXPLORED,-1
9,10,0,9442,PUSH,-1,bchdfgoljpeinkam,-4,-1,1
9,10,1,9442,DEL_CUTOFF,4
9,10,2,9442,PUSH,4,bchdgjilfpaenkom,-4,4,-1,1
9,10,3,9442,POP,4,bchdjflengpmakio
9,10,4,9442,PUSH,-4,bchdfgiljkaenopm,-4,4,-1,1
9,10,0,9443,DEL_EXPLORED,1
9,10,1,9443,POP,-1,bcahfgedjpminklo
9,10,2,9443,DEL_CUTOFF,1
9,10,3,9443,DEL_EXPLORED,-4
9,10,4,9443,PUSH,1,bchdfgiljkeanopm,-4,4,-1
9,10,0,9444,PUSH,-1,bchdfgoljpeinakm,-4,-1,1
9,10,1,9444,DEL_EXPLORED,4
9,10,2,9444,DEL_CUTOFF,-1
9,10,3,9444,POP,4,bchdjfleagpmnkio
9,10,4,9444,DEL_EXPLORED,-1
9,10,0,9445,DEL_EXPLORED,1
9,10,1,9445,POP,-4,bchafgedjpminklo
9,10,2,9445,DEL_CUTOFF,4
9,10,3,9445,PUSH,-4,achdbflejgpmnkio,4,1
9,10,4,9445,PUSH,4,bchdfgiljkemnopa,-4,-1
9,10,0,9446,DEL_CUTOFF,-1
9,10,1,9446,POP,-4,bchdfgeajpminklo
9,10,2,9446,DEL_EXPLORED,-4
9,10,3,9446,PUSH,1,cahdbflejgpmnkio,4,-1,1
9,10,4,9446,DEL_CUTOFF,-1
9,10,0,9447,DEL_CUTOFF,-4
9,10,1,9447,POP,1,bchdfgeijpmanklo
9,10,2,9447,POP,4,bchdgjilfpaenkom
9,10,3,9447,PUSH,1,chadbflejgpmnkio,4,-1,1
9,10,4,9447,DEL_EXPLORED,-4
9,10,0,9448,POP,-1,bchdfgoljpeinakm
9,10,1,9448,PUSH,-1,bchdfgeijapmnklo,-4,4,-1,1
9,10,2,9448,PUSH,-4,bcadgjhlfpienkom,4,-1,1
9,10,3,9448,DEL_CUTOFF,1
9,10,4,9448,POP,4,bchdfgiljkemnopa
9,10,0,9449,PUSH,-4,bchdfgoljpainkem,-4,4,-1,1
9,10,1,9449,DEL_EXPLORED,1
9,10,2,9449,DEL_CUTOFF,1
9,10,3,9449,DEL_EXPLORED,-1
9,10,4,9449,PUSH,-4,bchdfgiajkelnopm,-4,4,-1
9,10,0,9450,DEL_CUTOFF,1
9,10,1,9450,PUSH,-1,bchdfgeiajpmnklo,-4,4,1
9,10,2,9450,DEL_CUTOFF,-1
9,10,3,9450,DEL_CUTOFF,4
9,10,4,9450,DEL_CUTOFF,-1
9,10,0,9451,DEL_CUTOFF,-1
9,10,1,9451,DEL_EXPLORED,1
9,10,2,9451,DEL_EXPLORED,4
9,10,3,9451,POP,1,chadbflejgpmnkio
9,10,4,9451,DEL_EXPLORED,4
9,10,0,9452,DEL_EXPLORED,4
9,10,1,9452,PUSH,4,bchdfgeinjpmaklo,-4,1
9,10,2,9452,POP,-4,bcadgjhlfpienkom
9,10,3,9452,DEL_EXPLORED,-1
9,10,4,9452,DEL_CUTOFF,-4
9,10,0,9453,DEL_CUTOFF,-4
9,10,1,9453,PUSH,1,bchdfgeinjpmkalo,-4,-1,1
9,10,2,9453,POP,-1,bchdgjalfpienkom
9,10,3,9453,PUSH,4,cfhdbalejgpmnkio,-4,4,-1,1
9,10,4,9453,POP,-4,bchdfgiajkelnopm
9,10,0,9454,POP,-4,bchdfgoljpainkem
9,10,1,9454,DEL_CUTOFF,1
9,10,2,9454,DEL_EXPLORED,4
9,10,3,9454,DEL_CUTOFF,1
9,10,4,9454,POP,1,bchdfgiljkeanopm
9,10,0,9455,POP,-1,bchdfgoljpeinkam
9,10,1,9455,DEL_EXPLORED,-1
9,10,2,9455,PUSH,-4,bchagjldfpienkom,4,-1
9,10,3,9455,DEL_CUTOFF,-1
9,10,4,9455,PUSH,-1,bchdfgiljakenopm,-4,4,-1,1
9,10,0,9456,DEL_EXPLORED,-4
9,10,1,9456,DEL_CUTOFF,-4
9,10,2,9456,PUSH,-1,bcahgjldfpienkom,4,-1,1
9,10,3,9456,DEL_CUTOFF,4
9,10,4,9456,DEL_EXPLORED,1
9,10,0,9457,POP,4,bchdfgoljpeinkma
9,10,1,9457,POP,1,bchdfgeinjpmkalo
9,10,2,9457,DEL_EXPLORED,1
9,10,3,9457,DEL_EXPLORED,-4
9,10,4,9457,PUSH,-1,bchdfgilajkenopm,-4,4,1
9,10,0,9458,PUSH,-4,bchdfgoajpelnkmi,-4,4,-1
9,10,1,9458,DEL_EXPLORED,-4
9,10,2,9458,DEL_CUTOFF,-1
9,10,3,9458,POP,4,cfhdbalejgpmnkio
9,10,4,9458,DEL_EXPLORED,1
9,10,0,9459,PUSH,-1,bchdfgaojpelnkmi,-4,4,-1,1
9,10,1,9459,POP,4,bchdfgeinjpmaklo
9,10,2,9459,DEL_CUTOFF,4
9,10,3,9459,POP,1,cahdbflejgpmnkio
9,10,4,9459,DEL_CUTOFF,4
9,10,0,9460,DEL_EXPLORED,1
9,10,1,9460,PUSH,-4,bchdageifjpmnklo,-4,4,1
9,10,2,9460,POP,-1,bcahgjldfpienkom
9,10,3,9460,DEL_EXPLORED,4
9,10,4,9460,DEL_CUTOFF,-4
9,10,0,9461,PUSH,-1,bchdfagojpelnkmi,-4,4,-1,1
9,10,1,9461,PUSH,1,bchdgaeifjpmnklo,-4,4,-1,1
9,10,2,9461,DEL_EXPLORED,4
9,10,3,9461,POP,-4,achdbflejgpmnkio
9,10,4,9461,POP,-1,bchdfgilajkenopm
9,10,0,9462,DEL_EXPLORED,1
9,10,1,9462,DEL_CUTOFF,1
9,10,2,9462,POP,-4,bchagjldfpienkom
9,10,3,9462,POP,-1,bchdaflejgpmnkio
9,10,4,9462,PUSH,4,bchdfgiljokenapm,-4,-1,1
9,10,0,9463,DEL_CUTOFF,-1
9,10,1,9463,DEL_EXPLORED,-1
9,10,2,9463,POP,-4,bchdgjlafpienkom
9,10,3,9463,DEL_EXPLORED,4
9,10,4,9463,DEL_CUTOFF,1
9,10,0,9464,DEL_CUTOFF,4
9,10,1,9464,DEL_CUTOFF,4
9,10,2,9464,POP,1,bchdgjlefpiankom
9,10,3,9464,PUSH,-4,bahdfclejgpmnkio,4,-1,1
9,10,4,9464,DEL_CUTOFF,-1
9,10,0,9465,DEL_CUTOFF,-4
9,10,1,9465,DEL_CUTOFF,-4
9,10,2,9465,DEL_EXPLORED,-1
9,10,3,9465,PUSH,1,bhadfclejgpmnkio,4,-1,1
9,10,4,9465,DEL_EXPLORED,-4
9,10,0,9466,POP,-1,bchdfagojpelnkmi
9,10,1,9466,POP,1,bchdgaeifjpmnklo
9,10,2,9466,PUSH,4,bchdgjlefpoinkam,-4,-1,1
9,10,3,9466,PUSH,1,bhdafclejgpmnkio,4,-1
9,10,4,9466,POP,4,bchdfgiljokenapm
9,10,0,9467,PUSH,4,bchdfgeojpalnkmi,-4,4,-1,1
9,10,1,9467,DEL_EXPLORED,4
9,10,2,9467,PUSH,1,bchdgjlefpoinkma,-4,-1
9,10,3,9467,DEL_EXPLORED,-1
9,10,4,9467,PUSH,-4,bchdfailjgkenopm,-4,4,-1,1
9,10,0,9468,DEL_CUTOFF,1
9,10,1,9468,PUSH,-4,achdbgeifjpmnklo,4,1
9,10,2,9468,DEL_EXPLORED,-1
9,10,3,9468,PUSH,4,bhdefclajgpmnkio,-4,4,-1
9,10,4,9468,DEL_CUTOFF,1
9,10,0,9469,DEL_CUTOFF,-1
9,10,1,9469,DEL_CUTOFF,1
9,10,2,9469,PUSH,-4,bchdgjlefpoankmi,-4,4,-1
9,10,3,9469,DEL_CUTOFF,-1
9,10,4,9469,DEL_CUTOFF,-1
9,10,0,9470,DEL_CUTOFF,4
9,10,1,9470,DEL_EXPLORED,4
9,10,2,9470,PUSH,-1,bchdgjlefpaonkmi,-4,4,-1,1
9,10,3,9470,DEL_CUTOFF,4
9,10,4,9470,DEL_EXPLORED,4
9,10,0,9471,DEL_EXPLORED,-4
9,10,1,9471,POP,-4,achdbgeifjpmnklo
9,10,2,9471,DEL_EXPLORED,1
9,10,3,9471,DEL_EXPLORED,-4
9,10,4,9471,DEL_CUTOFF,-4
9,10,0,9472,POP,4,bchdfgeojpalnkmi
9,10,1,9472,POP,-4,bchdageifjpmnklo
9,10,2,9472,DEL_CUTOFF,-1
9,10,3,9472,POP,4,bhdefclajgpmnkio
9,10,4,9472,POP,-4,bchdfailjgkenopm
9,10,0,9473,PUSH,-4,bcadfghojpelnkmi,4,-1,1
9,10,1,9473,POP,-1,bchdfgeiajpmnklo
9,10,2,9473,DEL_CUTOFF,4
9,10,3,9473,POP,1,bhdafclejgpmnkio
9,10,4,9473,POP,-1,bchdfgiljakenopm
9,10,0,9474,DEL_CUTOFF,1
9,10,1,9474,PUSH,4,bchdfgeijkpmnalo,-4,-1,1
9,10,2,9474,DEL_CUTOFF,-4
9,10,3,9474,DEL_EXPLORED,-1
9,10,4,9474,DEL_EXPLORED,4
9,10,0,9475,DEL_CUTOFF,-1
9,10,1,9475,PUSH,1,bchdfgeijkpmnlao,-4,-1,1
9,10,2,9475,POP,-1,bchdgjlefpaonkmi
9,10,3,9475,PUSH,4,bhldfcaejgpmnkio,-4,4,-1,1
9,10,4,9475,PUSH,-4,bchdfgaljkienopm,-4,4,-1,1
9,10,0,9476,DEL_EXPLORED,4
9,10,1,9476,PUSH,1,bchdfgeijkpmnloa,-4,-1
9,10,2,9476,DEL_EXPLORED,4
9,10,3,9476,PUSH,1,bhldfceajgpmnkio,-4,4,-1
9,10,4,9476,PUSH,1,bchdfglajkienopm,-4,4,-1
9,10,0,9477,POP,-4,bcadfghojpelnkmi
9,10,1,9477,DEL_EXPLORED,-1
9,10,2,9477,PUSH,-4,bchdgjlafpoenkmi,-4,4,-1
9,10,3,9477,DEL_EXPLORED,-1
9,10,4,9477,DEL_EXPLORED,-1
9,10,0,9478,POP,-1,bchdfgaojpelnkmi
9,10,1,9478,DEL_CUTOFF,-4
9,10,2,9478,DEL_CUTOFF,-1
9,10,3,9478,DEL_CUTOFF,4
9,10,4,9478,DEL_CUTOFF,4
9,10,0,9479,DEL_EXPLORED,4
9,10,1,9479,POP,1,bchdfgeijkpmnloa
9,10,2,9479,DEL_EXPLORED,4
9,10,3,9479,DEL_CUTOFF,-4
9,10,4,9479,DEL_CUTOFF,-4
9,10,0,9480,PUSH,-4,bchafgodjpelnkmi,4,-1
9,10,1,9480,DEL_EXPLORED,-1
9,10,2,9480,DEL_CUTOFF,-4
9,10,3,9480,POP,1,bhldfceajgpmnkio
9,10,4,9480,POP,1,bchdfglajkienopm
9,10,0,9481,PUSH,-1,bcahfgodjpelnkmi,4,-1,1
9,10,1,9481,PUSH,-4,bchdfgeijkamnlpo,-4,4,-1,1
9,10,2,9481,POP,-4,bchdgjlafpoenkmi
9,10,3,9481,PUSH,-1,bhldfacejgpmnkio,-4,4,-1,1
9,10,4,9481,PUSH,-1,bchdfagljkienopm,-4,4,-1,1
9,10,0,9482,DEL_EXPLORED,1
9,10,1,9482,DEL_CUTOFF,1
9,10,2,9482,POP,-4,bchdgjlefpoankmi
9,10,3,9482,DEL_EXPLORED,1
9,10,4,9482,DEL_EXPLORED,1
9,10,0,9483,DEL_CUTOFF,-1
9,10,1,9483,DEL_CUTOFF,-1
9,10,2,9483,POP,1,bchdgjlefpoinkma
9,10,3,9483,DEL_CUTOFF,-1
9,10,4,9483,DEL_CUTOFF,-1
9,10,0,9484,DEL_CUTOFF,4
9,10,1,9484,DEL_EXPLORED,4
9,10,2,9484,PUSH,-1,bchdgjlefpoinakm,-4,-1,1
9,10,3,9484,DEL_CUTOFF,4
9,10,4,9484,DEL_CUTOFF,4
9,10,0,9485,POP,-1,bcahfgodjpelnkmi
9,10,1,9485,DEL_CUTOFF,-4
9,10,2,9485,DEL_EXPLORED,1
9,10,3,9485,DEL_CUTOFF,-4
9,10,4,9485,DEL_CUTOFF,-4
9,10,0,9486,DEL_EXPLORED,4
9,10,1,9486,POP,-4,bchdfgeijkamnlpo
9,10,2,9486,PUSH,-1,bchdgjlefpoiankm,-4,1
9,10,3,9486,POP,-1,bhldfacejgpmnkio
9,10,4,9486,POP,-1,bchdfagljkienopm
9,10,0,9487,POP,-4,bchafgodjpelnkmi
9,10,1,9487,POP,1,bchdfgeijkpmnlao
9,10,2,9487,DEL_EXPLORED,1
9,10,3,9487,PUSH,4,bhldfcpejgamnkio,-4,4,-1,1
9,10,4,9487,DEL_EXPLORED,4
9,10,0,9488,POP,-4,bchdfgoajpelnkmi
9,10,1,9488,PUSH,-1,bchdfgeijkpmanlo,-4,1
9,10,2,9488,PUSH,-4,bchdgjleapoifnkm,-4,4,1
9,10,3,9488,DEL_CUTOFF,1
9,10,4,9488,PUSH,-4,bcadfghljkienopm,4,-1,1
9,10,0,9489,POP,1,bchdfgoljpeankmi
9,10,1,9489,DEL_EXPLORED,1
9,10,2,9489,DEL_CUTOFF,1
9,10,3,9489,DEL_CUTOFF,-1
9,10,4,9489,DEL_CUTOFF,1
9,10,0,9490,PUSH,-1,bchdfgoljapenkmi,-4,4,-1,1
9,10,1,9490,PUSH,-4,bchdfgeiakpmjnlo,-4,4,1
9,10,2,9490,DEL_EXPLORED,4
9,10,3,9490,DEL_CUTOFF,4
9,10,4,9490,DEL_CUTOFF,-1
9,10,0,9491,DEL_EXPLORED,1
9,10,1,9491,DEL_CUTOFF,1
9,10,2,9491,DEL_CUTOFF,-4
9,10,3,9491,DEL_EXPLORED,-4
9,10,4,9491,DEL_EXPLORED,4
9,10,0,9492,PUSH,-1,bchdfgolajpenkmi,-4,4,1
9,10,1,9492,DEL_EXPLORED,4
9,10,2,9492,POP,-4,bchdgjleapoifnkm
9,10,3,9492,POP,4,bhldfcpejgamnkio
9,10,4,9492,POP,-4,bcadfghljkienopm
9,10,0,9493,DEL_EXPLORED,1
9,10,1,9493,DEL_CUTOFF,-4
9,10,2,9493,POP,-1,bchdgjlefpoiankm
9,10,3,9493,DEL_EXPLORED,-4
9,10,4,9493,POP,-4,bchdfgaljkienopm
9,10,0,9494,PUSH,4,bchdfgolnjpeakmi,-4,1
9,10,1,9494,POP,-4,bchdfgeiakpmjnlo
9,10,2,9494,PUSH,-4,bchdgjlefaoinpkm,-4,4,-1,1
9,10,3,9494,POP,4,bhldfcaejgpmnkio
9,10,4,9494,POP,-4,bchdfgiljkaenopm
9,10,0,9495,PUSH,1,bchdfgolnjpekami,-4,-1,1
9,10,1,9495,POP,-1,bchdfgeijkpmanlo
9,10,2,9495,PUSH,1,bchdgjlefoainpkm,-4,4,-1,1
9,10,3,9495,POP,1,bhadfclejgpmnkio
9,10,4,9495,POP,1,bchdfgiljkpenoam
9,10,0,9496,DEL_CUTOFF,1
9,10,1,9496,DEL_EXPLORED,-4
9,10,2,9496,DEL_CUTOFF,1
9,10,3,9496,PUSH,-1,abhdfclejgpmnkio,4,1
9,10,4,9496,PUSH,-1,bchdfgiljkpeanom,-4,1
9,10,0,9497,DEL_EXPLORED,-1
9,10,1,9497,POP,4,bchdfgeijkpmnalo
9,10,2,9497,DEL_EXPLORED,-1
9,10,3,9497,DEL_EXPLORED,1
9,10,4,9497,DEL_EXPLORED,1
9,10,0,9498,DEL_CUTOFF,-4
9,10,1,9498,PUSH,-4,bchdfaeijgpmnklo,-4,4,-1,1
9,10,2,9498,DEL_CUTOFF,4
9,10,3,9498,PUSH,4,fbhdaclejgpmnkio,-4,4,1
9,10,4,9498,PUSH,-4,bchdfgilakpejnom,-4,4,1
9,10,0,9499,POP,1,bchdfgolnjpekami
9,10,1,9499,PUSH,1,bchdfeaijgpmnklo,-4,4,-1,1
9,10,2,9499,DEL_CUTOFF,-4
9,10,3,9499,PUSH,1,fbhdcalejgpmnkio,-4,4,-1,1
9,10,4,9499,PUSH,1,bchdfgilkapejnom,-4,4,-1,1
9,10,0,9500,DEL_EXPLORED,-4
9,10,1,9500,PUSH,1,bchdfeiajgpmnklo,-4,4,-1
9,10,2,9500,POP,1,bchdgjlefoainpkm
9,10,3,9500,DEL_CUTOFF,1
9,10,4,9500,PUSH,1,bchdfgilkpaejnom,-4,4,-1,1
9,10,0,9501,POP,4,bchdfgolnjpeakmi
9,10,1,9501,DEL_EXPLORED,-1
9,10,2,9501,PUSH,-1,bchdgjleafoinpkm,-4,4,1
9,10,3,9501,DEL_EXPLORED,-1
9,10,4,9501,DEL_CUTOFF,1
9,10,0,9502,PUSH,-4,bchdagolfjpenkmi,-4,4,1
9,10,1,9502,DEL_CUTOFF,4
9,10,2,9502,DEL_EXPLORED,1
9,10,3,9502,DEL_CUTOFF,4
9,10,4,9502,DEL_EXPLORED,-1
9,10,0,9503,PUSH,1,bchdgaolfjpenkmi,-4,4,-1,1
9,10,1,9503,DEL_CUTOFF,-4
9,10,2,9503,DEL_CUTOFF,4
9,10,3,9503,DEL_CUTOFF,-4
9,10,4,9503,DEL_CUTOFF,4
9,10,0,9504,DEL_CUTOFF,1
9,10,1,9504,POP,1,bchdfeiajgpmnklo
9,10,2,9504,DEL_CUTOFF,-4
9,10,3,9504,POP,1,fbhdcalejgpmnkio
9,10,4,9504,DEL_CUTOFF,-4
9,10,0,9505,DEL_EXPLORED,-1
9,10,1,9505,DEL_EXPLORED,-1
9,10,2,9505,POP,-1,bchdgjleafoinpkm
9,10,3,9505,PUSH,4,fbhdjcleagpmnkio,-4,4,1
9,10,4,9505,POP,1,bchdfgilkpaejnom
9,10,0,9506,DEL_CUTOFF,4
9,10,1,9506,PUSH,4,bchdfepijgamnklo,-4,4,-1,1
9,10,2,9506,DEL_EXPLORED,4
9,10,3,9506,DEL_CUTOFF,1
9,10,4,9506,DEL_EXPLORED,-1
9,10,0,9507,DEL_CUTOFF,-4
9,10,1,9507,DEL_CUTOFF,1
9,10,2,9507,PUSH,-4,bchdgalefjoinpkm,-4,4,-1,1
9,10,3,9507,DEL_CUTOFF,4
9,10,4,9507,PUSH,4,bchdfgilknpejaom,-4,-1,1
9,10,0,9508,POP,1,bchdgaolfjpenkmi
9,10,1,9508,DEL_CUTOFF,-1
9,10,2,9508,DEL_CUTOFF,1
9,10,3,9508,DEL_EXPLORED,-4
9,10,4,9508,DEL_CUTOFF,1
9,10,0,9509,DEL_EXPLORED,4
9,10,1,9509,DEL_CUTOFF,4
9,10,2,9509,DEL_CUTOFF,-1
9,10,3,9509,POP,4,fbhdjcleagpmnkio
9,10,4,9509,DEL_CUTOFF,-1
9,10,0,9510,PUSH,-4,achdbgolfjpenkmi,4,1
9,10,1,9510,DEL_EXPLORED,-4
9,10,2,9510,DEL_EXPLORED,4
9,10,3,9510,DEL_EXPLORED,-4
9,10,4,9510,DEL_EXPLORED,-4
9,10,0,9511,DEL_CUTOFF,1
9,10,1,9511,POP,4,bchdfepijgamnklo
9,10,2,9511,DEL_CUTOFF,-4
9,10,3,9511,POP,4,fbhdaclejgpmnkio
9,10,4,9511,POP,4,bchdfgilknpejaom
9,10,0,9512,DEL_EXPLORED,4
9,10,1,9512,PUSH,-4,bcadfehijgpmnklo,4,-1,1
9,10,2,9512,POP,-4,bchdgalefjoinpkm
9,10,3,9512,POP,-1,abhdfclejgpmnkio
9,10,4,9512,PUSH,-4,bchdfailkgpejnom,-4,4,-1,1
9,10,0,9513,POP,-4,achdbgolfjpenkmi
9,10,1,9513,DEL_CUTOFF,1
9,10,2,9513,POP,-4,bchdgjlefaoinpkm
9,10,3,9513,DEL_EXPLORED,4
9,10,4,9513,DEL_CUTOFF,1
9,10,0,9514,POP,-4,bchdagolfjpenkmi
9,10,1,9514,DEL_CUTOFF,-1
9,10,2,9514,POP,-1,bchdgjlefpoinakm
9,10,3,9514,POP,-4,bahdfclejgpmnkio
9,10,4,9514,DEL_CUTOFF,-1
9,10,0,9515,POP,-1,bchdfgolajpenkmi
9,10,1,9515,DEL_EXPLORED,4
9,10,2,9515,DEL_EXPLORED,-4
9,10,3,9515,POP,-4,bchdfalejgpmnkio
9,10,4,9515,DEL_EXPLORED,4
9,10,0,9516,PUSH,4,bchdfgoljkpenami,-4,-1,1
9,10,1,9516,POP,-4,bcadfehijgpmnklo
9,10,2,9516,POP,4,bchdgjlefpoinkam
9,10,3,9516,POP,-1,bchdfglejapmnkio
9,10,4,9516,DEL_CUTOFF,-4
9,10,0,9517,PUSH,1,bchdfgoljkpenmai,-4,-1,1
9,10,1,9517,POP,1,bchdfeaijgpmnklo
9,10,2,9517,PUSH,-4,bchdgjaefplinkom,-4,4,-1,1
9,10,3,9517,DEL_EXPLORED,4
9,10,4,9517,POP,-4,bchdfailkgpejnom
9,10,0,9518,PUSH,1,bchdfgoljkpenmia,-4,-1
9,10,1,9518,PUSH,-1,bchdafeijgpmnklo,-4,4,1
9,10,2,9518,PUSH,1,bchdgjeafplinkom,-4,4,-1
9,10,3,9518,PUSH,-4,bchdfgaejplmnkio,-4,4,-1,1
9,10,4,9518,POP,1,bchdfgilkapejnom
9,10,0,9519,DEL_EXPLORED,-1
9,10,1,9519,DEL_EXPLORED,1
9,10,2,9519,DEL_EXPLORED,-1
9,10,3,9519,PUSH,1,bchdfgeajplmnkio,-4,4,-1
9,10,4,9519,DEL_EXPLORED,4
9,10,0,9520,DEL_CUTOFF,-4
9,10,1,9520,PUSH,4,bchdjfeiagpmnklo,-4,4,1
9,10,2,9520,PUSH,4,bchdgjeifplankom,-4,4,-1
9,10,3,9520,DEL_EXPLORED,-1
9,10,4,9520,PUSH,-4,bchdagilfkpejnom,-4,4,1
9,10,0,9521,POP,1,bchdfgoljkpenmia
9,10,1,9521,DEL_CUTOFF,1
9,10,2,9521,PUSH,-1,bchdgjeifpalnkom,-4,4,-1,1
9,10,3,9521,PUSH,4,bchdfgemjplankio,-4,4,-1
9,10,4,9521,PUSH,1,bchdgailfkpejnom,-4,4,-1,1
9,10,0,9522,DEL_EXPLORED,-1
9,10,1,9522,DEL_CUTOFF,4
9,10,2,9522,DEL_EXPLORED,1
9,10,3,9522,PUSH,-1,bchdfgemjpalnkio,-4,4,-1,1
9,10,4,9522,DEL_CUTOFF,1
9,10,0,9523,PUSH,-4,bchdfgoljkaenmpi,-4,4,-1,1
9,10,1,9523,DEL_EXPLORED,-4
9,10,2,9523,DEL_CUTOFF,-1
9,10,3,9523,DEL_EXPLORED,1
9,10,4,9523,DEL_EXPLORED,-1
9,10,0,9524,DEL_CUTOFF,1
9,10,1,9524,POP,4,bchdjfeiagpmnklo
9,10,2,9524,DEL_CUTOFF,4
9,10,3,9524,PUSH,-1,bchdfgemjaplnkio,-4,4,-1,1
9,10,4,9524,DEL_CUTOFF,4
9,10,0,9525,DEL_CUTOFF,-1
9,10,1,9525,PUSH,-4,achdbfeijgpmnklo,4,1
9,10,2,9525,DEL_CUTOFF,-4
9,10,3,9525,DEL_EXPLORED,1
9,10,4,9525,DEL_CUTOFF,-4
9,10,0,9526,DEL_EXPLORED,4
9,10,1,9526,DEL_CUTOFF,1
9,10,2,9526,POP,-1,bchdgjeifpalnkom
9,10,3,9526,PUSH,-1,bchdfgemajplnkio,-4,4,1
9,10,4,9526,POP,1,bchdgailfkpejnom
9,10,0,9527,DEL_CUTOFF,-4
9,10,1,9527,DEL_EXPLORED,4
9,10,2,9527,PUSH,4,bchdgjeifplmnkoa,-4,-1
9,10,3,9527,DEL_EXPLORED,1
9,10,4,9527,DEL_EXPLORED,4
9,10,0,9528,POP,-4,bchdfgoljkaenmpi
9,10,1,9528,POP,-4,achdbfeijgpmnklo
9,10,2,9528,DEL_CUTOFF,-1
9,10,3,9528,DEL_CUTOFF,4
9,10,4,9528,PUSH,-4,achdbgilfkpejnom,4,1
9,10,0,9529,POP,1,bchdfgoljkpenmai
9,10,1,9529,POP,-1,bchdafeijgpmnklo
9,10,2,9529,DEL_EXPLORED,-4
9,10,3,9529,DEL_CUTOFF,-4
9,10,4,9529,DEL_CUTOFF,1
9,10,0,9530,PUSH,-1,bchdfgoljkpeanmi,-4,1
9,10,1,9530,DEL_EXPLORED,4
9,10,2,9530,POP,4,bchdgjeifplmnkoa
9,10,3,9530,POP,-1,bchdfgemajplnkio
9,10,4,9530,DEL_EXPLORED,4
9,10,0,9531,DEL_EXPLORED,1
9,10,1,9531,PUSH,-4,bahdfceijgpmnklo,4,-1,1
9,10,2,9531,DEL_EXPLORED,-4
9,10,3,9531,PUSH,4,bchdfgemjkplnaio,-4,-1,1
9,10,4,9531,POP,-4,achdbgilfkpejnom
9,10,0,9532,PUSH,-4,bchdfgolakpejnmi,-4,4,1
9,10,1,9532,PUSH,1,bhadfceijgpmnklo,4,-1,1
9,10,2,9532,POP,4,bchdgjeifplankom
9,10,3,9532,DEL_CUTOFF,1
9,10,4,9532,POP,-4,bchdagilfkpejnom
9,10,0,9533,DEL_CUTOFF,1
9,10,1,9533,DEL_CUTOFF,1
9,10,2,9533,PUSH,-4,bchagjedfplinkom,4,-1
9,10,3,9533,DEL_CUTOFF,-1
9,10,4,9533,POP,-4,bchdfgilakpejnom
9,10,0,9534,DEL_EXPLORED,4
9,10,1,9534,DEL_EXPLORED,-1
9,10,2,9534,PUSH,-1,bcahgjedfplinkom,4,-1,1
9,10,3,9534,DEL_EXPLORED,-4
9,10,4,9534,POP,-1,bchdfgiljkpeanom
9,10,0,9535,DEL_CUTOFF,-4
9,10,1,9535,DEL_CUTOFF,4
9,10,2,9535,DEL_EXPLORED,1
9,10,3,9535,POP,4,bchdfgemjkplnaio
9,10,4,9535,DEL_EXPLORED,-4
9,10,0,9536,POP,-4,bchdfgolakpejnmi
9,10,1,9536,POP,1,bhadfceijgpmnklo
9,10,2,9536,DEL_CUTOFF,-1
9,10,3,9536,PUSH,-4,bchdfaemjgplnkio,-4,4,-1,1
9,10,4,9536,POP,4,bchdfgiljkpenaom
9,10,0,9537,POP,-1,bchdfgoljkpeanmi
9,10,1,9537,PUSH,-1,abhdfceijgpmnklo,4,1
9,10,2,9537,DEL_CUTOFF,4
9,10,3,9537,DEL_CUTOFF,1
9,10,4,9537,PUSH,-4,bchdfailjgpenkom,-4,4,-1,1
9,10,0,9538,DEL_EXPLORED,-4
9,10,1,9538,DEL_EXPLORED,1
9,10,2,9538,POP,-1,bcahgjedfplinkom
9,10,3,9538,DEL_CUTOFF,-1
9,10,4,9538,PUSH,1,bchdfialjgpenkom,-4,4,-1,1
9,10,0,9539,POP,4,bchdfgoljkpenami
9,10,1,9539,DEL_CUTOFF,4
9,10,2,9539,DEL_EXPLORED,4
9,10,3,9539,DEL_EXPLORED,4
9,10,4,9539,PUSH,1,bchdfilajgpenkom,-4,4,-1
9,10,0,9540,PUSH,-4,bchdfaoljgpenkmi,-4,4,-1,1
9,10,1,9540,POP,-1,abhdfceijgpmnklo
9,10,2,9540,POP,-4,bchagjedfplinkom
9,10,3,9540,DEL_CUTOFF,-4
9,10,4,9540,DEL_EXPLORED,-1
9,10,0,9541,PUSH,1,bchdfoaljgpenkmi,-4,4,-1,1
9,10,1,9541,DEL_EXPLORED,4
9,10,2,9541,POP,1,bchdgjeafplinkom
9,10,3,9541,POP,-4,bchdfaemjgplnkio
9,10,4,9541,PUSH,4,bchdfilejgpankom,-4,4,-1
9,10,0,9542,PUSH,1,bchdfolajgpenkmi,-4,4,-1
9,10,1,9542,POP,-4,bahdfceijgpmnklo
9,10,2,9542,PUSH,-1,bchdgajefplinkom,-4,4,-1,1
9,10,3,9542,POP,-1,bchdfgemjaplnkio
9,10,4,9542,PUSH,-1,bchdfilejgapnkom,-4,4,-1,1
9,10,0,9543,DEL_EXPLORED,-1
9,10,1,9543,POP,-4,bchdfaeijgpmnklo
9,10,2,9543,DEL_EXPLORED,1
9,10,3,9543,PUSH,4,bchdfgemjpilnkao,-4,-1,1
9,10,4,9543,DEL_EXPLORED,1
9,10,0,9544,DEL_CUTOFF,4
9,10,1,9544,POP,-1,bchdfgeijapmnklo
9,10,2,9544,PUSH,-1,bchdagjefplinkom,-4,4,1
9,10,3,9544,PUSH,1,bchdfgemjpilnkoa,-4,-1
9,10,4,9544,DEL_CUTOFF,-1
9,10,0,9545,DEL_CUTOFF,-4
9,10,1,9545,DEL_EXPLORED,4
9,10,2,9545,DEL_EXPLORED,1
9,10,3,9545,DEL_EXPLORED,-1
9,10,4,9545,DEL_CUTOFF,4
9,10,0,9546,POP,1,bchdfolajgpenkmi
9,10,1,9546,PUSH,-4,bchdfgaijpemnklo,-4,4,-1,1
9,10,2,9546,PUSH,4,bchdfgjeaplinkom,-4,4,1
9,10,3,9546,DEL_CUTOFF,-4
9,10,4,9546,DEL_CUTOFF,-4
9,10,0,9547,DEL_EXPLORED,-1
9,10,1,9547,PUSH,1,bchdfgiajpemnklo,-4,4,-1
9,10,2,9547,DEL_CUTOFF,1
9,10,3,9547,POP,1,bchdfgemjpilnkoa
9,10,4,9547,POP,-1,bchdfilejgapnkom
9,10,0,9548,PUSH,4,bchdfopljgaenkmi,-4,4,-1,1
9,10,1,9548,DEL_EXPLORED,-1
9,10,2,9548,DEL_CUTOFF,4
9,10,3,9548,PUSH,-1,bchdfgemjpilnako,-4,-1,1
9,10,4,9548,PUSH,4,bchdfilejgpmnkoa,-4,-1
9,10,0,9549,DEL_CUTOFF,1
9,10,1,9549,PUSH,4,bchdfgimjpeanklo,-4,4,-1
9,10,2,9549,DEL_EXPLORED,-4
9,10,3,9549,DEL_EXPLORED,1
9,10,4,9549,DEL_CUTOFF,-1
9,10,0,9550,DEL_CUTOFF,-1
9,10,1,9550,PUSH,-1,bchdfgimjpaenklo,-4,4,-1,1
9,10,2,9550,POP,4,bchdfgjeaplinkom
9,10,3,9550,DEL_CUTOFF,-1
9,10,4,9550,DEL_EXPLORED,-4
9,10,0,9551,DEL_CUTOFF,4
9,10,1,9551,DEL_EXPLORED,1
9,10,2,9551,PUSH,-4,achdbgjefplinkom,4,1
9,10,3,9551,DEL_CUTOFF,-4
9,10,4,9551,POP,4,bchdfilejgpmnkoa
9,10,0,9552,DEL_EXPLORED,-4
9,10,1,9552,DEL_CUTOFF,-1
9,10,2,9552,DEL_CUTOFF,1
9,10,3,9552,POP,-1,bchdfgemjpilnako
9,10,4,9552,DEL_EXPLORED,-4
9,10,0,9553,POP,4,bchdfopljgaenkmi
9,10,1,9553,DEL_CUTOFF,4
9,10,2,9553,DEL_EXPLORED,4
9,10,3,9553,DEL_EXPLORED,-4
9,10,4,9553,POP,4,bchdfilejgpankom
9,10,0,9554,PUSH,-4,bcadfohljgpenkmi,4,-1,1
9,10,1,9554,DEL_CUTOFF,-4
9,10,2,9554,POP,-4,achdbgjefplinkom
9,10,3,9554,POP,4,bchdfgemjpilnkao
9,10,4,9554,PUSH,-4,bchafildjgpenkom,4,-1
9,10,0,9555,DEL_CUTOFF,1
9,10,1,9555,POP,-1,bchdfgimjpaenklo
9,10,2,9555,POP,-1,bchdagjefplinkom
9,10,3,9555,PUSH,-4,bchdfgamjpelnkio,-4,4,-1,1
9,10,4,9555,PUSH,-1,bcahfildjgpenkom,4,-1,1
9,10,0,9556,DEL_CUTOFF,-1
9,10,1,9556,PUSH,4,bchdfgimjpeonkla,-4,-1
9,10,2,9556,PUSH,4,bchdgpjefalinkom,-4,4,-1,1
9,10,3,9556,PUSH,1,bchdfgmajpelnkio,-4,4,-1
9,10,4,9556,DEL_EXPLORED,1
9,10,0,9557,DEL_EXPLORED,4
9,10,1,9557,DEL_CUTOFF,-1
9,10,2,9557,PUSH,1,bchdgpjeflainkom,-4,4,-1,1
9,10,3,9557,DEL_EXPLORED,-1
9,10,4,9557,DEL_CUTOFF,-1
9,10,0,9558,POP,-4,bcadfohljgpenkmi
9,10,1,9558,DEL_EXPLORED,-4
9,10,2,9558,DEL_CUTOFF,1
9,10,3,9558,DEL_CUTOFF,4
9,10,4,9558,DEL_CUTOFF,4
9,10,0,9559,POP,1,bchdfoaljgpenkmi
9,10,1,9559,POP,4,bchdfgimjpeonkla
9,10,2,9559,DEL_EXPLORED,-1
9,10,3,9559,DEL_CUTOFF,-4
9,10,4,9559,POP,-1,bcahfildjgpenkom
9,10,0,9560,PUSH,-1,bchdafoljgpenkmi,-4,4,1
9,10,1,9560,DEL_EXPLORED,-4
9,10,2,9560,DEL_CUTOFF,4
9,10,3,9560,POP,1,bchdfgmajpelnkio
9,10,4,9560,DEL_EXPLORED,4
9,10,0,9561,DEL_EXPLORED,1
9,10,1,9561,POP,4,bchdfgimjpeanklo
9,10,2,9561,DEL_CUTOFF,-4
9,10,3,9561,PUSH,-1,bchdfagmjpelnkio,-4,4,-1,1
9,10,4,9561,POP,-4,bchafildjgpenkom
9,10,0,9562,PUSH,4,bchdjfolagpenkmi,-4,4,1
9,10,1,9562,PUSH,-4,bchafgidjpemnklo,4,-1
9,10,2,9562,POP,1,bchdgpjeflainkom
9,10,3,9562,DEL_EXPLORED,1
9,10,4,9562,POP,1,bchdfilajgpenkom
9,10,0,9563,DEL_CUTOFF,1
9,10,1,9563,PUSH,-1,bcahfgidjpemnklo,4,-1,1
9,10,2,9563,PUSH,-1,bchdgpjeaflinkom,-4,4,1
9,10,3,9563,DEL_CUTOFF,-1
9,10,4,9563,DEL_EXPLORED,-1
9,10,0,9564,DEL_CUTOFF,4
9,10,1,9564,DEL_EXPLORED,1
9,10,2,9564,DEL_EXPLORED,1
9,10,3,9564,DEL_CUTOFF,4
9,10,4,9564,PUSH,4,bchdfipljgaenkom,-4,4,-1,1
9,10,0,9565,DEL_EXPLORED,-4
9,10,1,9565,DEL_CUTOFF,-1
9,10,2,9565,DEL_CUTOFF,4
9,10,3,9565,DEL_CUTOFF,-4
9,10,4,9565,PUSH,1,bchdfipljgeankom,-4,4,-1
9,10,0,9566,POP,4,bchdjfolagpenkmi
9,10,1,9566,DEL_CUTOFF,4
9,10,2,9566,DEL_CUTOFF,-4
9,10,3,9566,POP,-1,bchdfagmjpelnkio
9,10,4,9566,DEL_EXPLORED,-1
9,10,0,9567,PUSH,-4,achdbfoljgpenkmi,4,1
9,10,1,9567,POP,-1,bcahfgidjpemnklo
9,10,2,9567,POP,-1,bchdgpjeaflinkom
9,10,3,9567,DEL_EXPLORED,4
9,10,4,9567,PUSH,4,bchdfipljgemnkoa,-4,-1
9,10,0,9568,DEL_CUTOFF,1
9,10,1,9568,DEL_EXPLORED,4
9,10,2,9568,PUSH,4,bchdgpjefklinaom,-4,-1,1
9,10,3,9568,PUSH,-4,bcadfghmjpelnkio,4,-1,1
9,10,4,9568,DEL_CUTOFF,-1
9,10,0,9569,DEL_EXPLORED,4
9,10,1,9569,POP,-4,bchafgidjpemnklo
9,10,2,9569,DEL_CUTOFF,1
9,10,3,9569,DEL_CUTOFF,1
9,10,4,9569,DEL_EXPLORED,-4
9,10,0,9570,POP,-4,achdbfoljgpenkmi
9,10,1,9570,POP,1,bchdfgiajpemnklo
9,10,2,9570,DEL_CUTOFF,-1
9,10,3,9570,DEL_CUTOFF,-1
9,10,4,9570,POP,4,bchdfipljgemnkoa
9,10,0,9571,POP,-1,bchdafoljgpenkmi
9,10,1,9571,PUSH,-1,bchdfagijpemnklo,-4,4,-1,1
9,10,2,9571,DEL_EXPLORED,-4
9,10,3,9571,DEL_EXPLORED,4
9,10,4,9571,PUSH,-4,bchdfipajgelnkom,-4,4,-1
9,10,0,9572,DEL_EXPLORED,4
9,10,1,9572,DEL_EXPLORED,1
9,10,2,9572,POP,4,bchdgpjefklinaom
9,10,3,9572,POP,-4,bcadfghmjpelnkio
9,10,4,9572,DEL_CUTOFF,-1
9,10,0,9573,PUSH,-4,bahdfcoljgpenkmi,4,-1,1
9,10,1,9573,PUSH,-1,bchdafgijpemnklo,-4,4,1
9,10,2,9573,DEL_EXPLORED,-4
9,10,3,9573,POP,-4,bchdfgamjpelnkio
9,10,4,9573,DEL_EXPLORED,4
9,10,0,9574,PUSH,1,bhadfcoljgpenkmi,4,-1,1
9,10,1,9574,DEL_EXPLORED,1
9,10,2,9574,POP,4,bchdgpjefalinkom
9,10,3,9574,POP,-1,bchdfgemjpalnkio
9,10,4,9574,DEL_CUTOFF,-4
9,10,0,9575,DEL_CUTOFF,1
9,10,1,9575,PUSH,4,bchdjfgiapemnklo,-4,4,1
9,10,2,9575,PUSH,-4,bahdgcjefplinkom,4,-1,1
9,10,3,9575,PUSH,4,bchdfgemjplonkia,-4,-1
9,10,4,9575,POP,-4,bchdfipajgelnkom
9,10,0,9576,DEL_EXPLORED,-1
9,10,1,9576,DEL_CUTOFF,1
9,10,2,9576,PUSH,1,bhadgcjefplinkom,4,-1,1
9,10,3,9576,PUSH,-1,bchdfgemjplonkai,-4,-1,1
9,10,4,9576,POP,1,bchdfipljgeankom
9,10,0,9577,DEL_CUTOFF,4
9,10,1,9577,DEL_CUTOFF,4
9,10,2,9577,DEL_CUTOFF,1
9,10,3,9577,DEL_EXPLORED,1
9,10,4,9577,PUSH,-1,bchdfipljagenkom,-4,4,-1,1
9,10,0,9578,POP,1,bhadfcoljgpenkmi
9,10,1,9578,DEL_EXPLORED,-4
9,10,2,9578,DEL_EXPLORED,-1
9,10,3,9578,PUSH,-1,bchdfgemjplonaki,-4,-1,1
9,10,4,9578,DEL_EXPLORED,1
9,10,0,9579,PUSH,-1,abhdfcoljgpenkmi,4,1
9,10,1,9579,POP,4,bchdjfgiapemnklo
9,10,2,9579,DEL_CUTOFF,4
9,10,3,9579,DEL_EXPLORED,1
9,10,4,9579,PUSH,-1,bchdfiplajgenkom,-4,4,1
9,10,0,9580,DEL_EXPLORED,1
9,10,1,9580,PUSH,-4,achdbfgijpemnklo,4,1
9,10,2,9580,POP,1,bhadgcjefplinkom
9,10,3,9580,DEL_CUTOFF,-1
9,10,4,9580,DEL_EXPLORED,1
9,10,0,9581,DEL_CUTOFF,4
9,10,1,9581,DEL_CUTOFF,1
9,10,2,9581,PUSH,-1,abhdgcjefplinkom,4,1
9,10,3,9581,DEL_CUTOFF,-4
9,10,4,9581,DEL_CUTOFF,4
9,10,0,9582,POP,-1,abhdfcoljgpenkmi
9,10,1,9582,DEL_EXPLORED,4
9,10,2,9582,DEL_EXPLORED,1
9,10,3,9582,POP,-1,bchdfgemjplonaki
9,10,4,9582,DEL_CUTOFF,-4
9,10,0,9583,DEL_EXPLORED,4
9,10,1,9583,POP,-4,achdbfgijpemnklo
9,10,2,9583,DEL_CUTOFF,4
9,10,3,9583,PUSH,-4,bchdfgemjpaonkli,-4,4,-1,1
9,10,4,9583,POP,-1,bchdfiplajgenkom
9,10,0,9584,POP,-4,bahdfcoljgpenkmi
9,10,1,9584,POP,-1,bchdafgijpemnklo
9,10,2,9584,POP,-1,abhdgcjefplinkom
9,10,3,9584,DEL_CUTOFF,1
9,10,4,9584,PUSH,4,bchdfipljkgenaom,-4,-1,1
9,10,0,9585,POP,-4,bchdfaoljgpenkmi
9,10,1,9585,PUSH,4,bchdfpgijaemnklo,-4,4,-1,1
9,10,2,9585,DEL_EXPLORED,4
9,10,3,9585,DEL_CUTOFF,-1
9,10,4,9585,DEL_CUTOFF,1
9,10,0,9586,POP,-1,bchdfgoljapenkmi
9,10,1,9586,PUSH,1,bchdfpgijeamnklo,-4,4,-1,1
9,10,2,9586,POP,-4,bahdgcjefplinkom
9,10,3,9586,DEL_EXPLORED,4
9,10,4,9586,DEL_CUTOFF,-1
9,10,0,9587,PUSH,4,bchdfgoljpmenkai,-4,-1,1
9,10,1,9587,DEL_CUTOFF,1
9,10,2,9587,POP,-1,bchdgajefplinkom
9,10,3,9587,DEL_CUTOFF,-4
9,10,4,9587,DEL_EXPLORED,-4
9,10,0,9588,PUSH,1,bchdfgoljpmenkia,-4,-1
9,10,1,9588,DEL_EXPLORED,-1
9,10,2,9588,DEL_EXPLORED,4
9,10,3,9588,POP,-4,bchdfgemjpaonkli
9,10,4,9588,POP,4,bchdfipljkgenaom
9,10,0,9589,DEL_EXPLORED,-1
9,10,1,9589,DEL_CUTOFF,4
9,10,2,9589,PUSH,-4,bcadgjhefplinkom,4,-1,1
9,10,3,9589,POP,-1,bchdfgemjplonkai
9,10,4,9589,PUSH,-4,bchdfapljigenkom,-4,4,-1,1
9,10,0,9590,PUSH,-4,bchdfgoljpmankie,-4,4,-1
9,10,1,9590,DEL_CUTOFF,-4
9,10,2,9590,PUSH,1,bcdagjhefplinkom,4,-1
9,10,3,9590,DEL_EXPLORED,-4
9,10,4,9590,DEL_CUTOFF,1
9,10,0,9591,PUSH,-1,bchdfgoljpamnkie,-4,4,-1,1
9,10,1,9591,POP,1,bchdfpgijeamnklo
9,10,2,9591,DEL_EXPLORED,-1
9,10,3,9591,POP,4,bchdfgemjplonkia
9,10,4,9591,DEL_CUTOFF,-1
9,10,0,9592,DEL_EXPLORED,1
9,10,1,9592,PUSH,-1,bchdfpgiajemnklo,-4,4,1
9,10,2,9592,PUSH,4,bcdegjhafplinkom,-4,4,-1
9,10,3,9592,DEL_EXPLORED,-4
9,10,4,9592,DEL_EXPLORED,4
9,10,0,9593,DEL_CUTOFF,-1
9,10,1,9593,DEL_EXPLORED,1
9,10,2,9593,DEL_CUTOFF,-1
9,10,3,9593,POP,4,bchdfgemjplankio
9,10,4,9593,DEL_CUTOFF,-4
9,10,0,9594,DEL_CUTOFF,4
9,10,1,9594,DEL_CUTOFF,4
9,10,2,9594,DEL_CUTOFF,4
9,10,3,9594,PUSH,-4,bchafgedjplmnkio,4,-1
9,10,4,9594,POP,-4,bchdfapljigenkom
9,10,0,9595,DEL_CUTOFF,-4
9,10,1,9595,DEL_CUTOFF,-4
9,10,2,9595,DEL_EXPLORED,-4
9,10,3,9595,PUSH,-1,bcahfgedjplmnkio,4,-1,1
9,10,4,9595,POP,-1,bchdfipljagenkom
9,10,0,9596,POP,-1,bchdfgoljpamnkie
9,10,1,9596,POP,-1,bchdfpgiajemnklo
9,10,2,9596,POP,4,bcdegjhafplinkom
9,10,3,9596,DEL_EXPLORED,1
9,10,4,9596,PUSH,4,bchdfipljgoenkam,-4,-1,1
9,10,0,9597,DEL_EXPLORED,4
9,10,1,9597,PUSH,4,bchdfpgijkemnalo,-4,-1,1
9,10,2,9597,POP,1,bcdagjhefplinkom
9,10,3,9597,PUSH,-1,bachfgedjplmnkio,4,-1,1
9,10,4,9597,PUSH,1,bchdfipljgoenkma,-4,-1
9,10,0,9598,PUSH,-4,bchdfgoajpmlnkie,-4,4,-1
9,10,1,9598,DEL_CUTOFF,1
9,10,2,9598,PUSH,-1,bacdgjhefplinkom,4,-1,1
9,10,3,9598,DEL_EXPLORED,1
9,10,4,9598,DEL_EXPLORED,-1
9,10,0,9599,DEL_CUTOFF,-1
9,10,1,9599,DEL_CUTOFF,-1
9,10,2,9599,DEL_EXPLORED,1
9,10,3,9599,PUSH,-1,abchfgedjplmnkio,4,1
9,10,4,9599,DEL_CUTOFF,-4
9,10,0,9600,DEL_EXPLORED,4
9,10,1,9600,DEL_EXPLORED,-4
9,10,2,9600,PUSH,-1,abcdgjhefplinkom,4,1
9,10,3,9600,DEL_EXPLORED,1
9,10,4,9600,POP,1,bchdfipljgoenkma
9,10,0,9601,DEL_CUTOFF,-4
9,10,1,9601,POP,4,bchdfpgijkemnalo
9,10,2,9601,DEL_EXPLORED,1
9,10,3,9601,DEL_CUTOFF,4
9,10,4,9601,PUSH,-1,bchdfipljgoenakm,-4,-1,1
9,10,0,9602,POP,-4,bchdfgoajpmlnkie
9,10,1,9602,DEL_EXPLORED,-4
9,10,2,9602,DEL_CUTOFF,4
9,10,3,9602,POP,-1,abchfgedjplmnkio
9,10,4,9602,DEL_EXPLORED,1
9,10,0,9603,POP,-4,bchdfgoljpmankie
9,10,1,9603,POP,4,bchdfpgijaemnklo
9,10,2,9603,POP,-1,abcdgjhefplinkom
9,10,3,9603,PUSH,4,bgchfaedjplmnkio,-4,4,-1,1
9,10,4,9603,DEL_CUTOFF,-1
9,10,0,9604,POP,1,bchdfgoljpmenkia
9,10,1,9604,PUSH,-4,bahdfcgijpemnklo,4,-1,1
9,10,2,9604,PUSH,4,bjcdgahefplinkom,-4,4,-1,1
9,10,3,9604,DEL_CUTOFF,1
9,10,4,9604,DEL_CUTOFF,-4
9,10,0,9605,PUSH,-1,bchdfgoljpmenaki,-4,-1,1
9,10,1,9605,PUSH,1,bhadfcgijpemnklo,4,-1,1
9,10,2,9605,DEL_CUTOFF,1
9,10,3,9605,DEL_CUTOFF,-1
9,10,4,9605,POP,-1,bchdfipljgoenakm
9,10,0,9606,DEL_EXPLORED,1
9,10,1,9606,DEL_CUTOFF,1
9,10,2,9606,DEL_CUTOFF,-1
9,10,3,9606,DEL_CUTOFF,4
9,10,4,9606,DEL_EXPLORED,-4
9,10,0,9607,PUSH,-1,bchdfgoljpmeanki,-4,1
9,10,1,9607,DEL_EXPLORED,-1
9,10,2,9607,DEL_CUTOFF,4
9,10,3,9607,DEL_EXPLORED,-4
9,10,4,9607,POP,4,bchdfipljgoenkam
9,10,0,9608,DEL_EXPLORED,1
9,10,1,9608,DEL_CUTOFF,4
9,10,2,9608,DEL_EXPLORED,-4
9,10,3,9608,POP,4,bgchfaedjplmnkio
9,10,4,9608,DEL_EXPLORED,-4
9,10,0,9609,PUSH,-4,bchdfgolapmejnki,-4,4,1
9,10,1,9609,POP,1,bhadfcgijpemnklo
9,10,2,9609,POP,4,bjcdgahefplinkom
9,10,3,9609,POP,-1,bachfgedjplmnkio
9,10,4,9609,POP,4,bchdfipljgaenkom
9,10,0,9610,DEL_CUTOFF,1
9,10,1,9610,PUSH,-1,abhdfcgijpemnklo,4,1
9,10,2,9610,POP,-1,bacdgjhefplinkom
9,10,3,9610,PUSH,4,bcehfgadjplmnkio,-4,4,-1,1
9,10,4,9610,PUSH,-4,bcadfihljgpenkom,4,-1,1
9,10,0,9611,DEL_EXPLORED,4
9,10,1,9611,DEL_EXPLORED,1
9,10,2,9611,DEL_EXPLORED,4
9,10,3,9611,PUSH,1,bcehfgdajplmnkio,-4,4,-1
9,10,4,9611,PUSH,1,bcdafihljgpenkom,4,-1
9,10,0,9612,DEL_CUTOFF,-4
9,10,1,9612,DEL_CUTOFF,4
9,10,2,9612,POP,-4,bcadgjhefplinkom
9,10,3,9612,DEL_EXPLORED,-1
9,10,4,9612,DEL_EXPLORED,-1
9,10,0,9613,POP,-4,bchdfgolapmejnki
9,10,1,9613,POP,-1,abhdfcgijpemnklo
9,10,2,9613,POP,-4,bchdgjaefplinkom
9,10,3,9613,DEL_CUTOFF,4
9,10,4,9613,PUSH,4,bcdlfihajgpenkom,-4,4,-1
9,10,0,9614,POP,-1,bchdfgoljpmeanki
9,10,1,9614,DEL_EXPLORED,4
9,10,2,9614,POP,1,bchdgjlefpainkom
9,10,3,9614,DEL_CUTOFF,-4
9,10,4,9614,DEL_CUTOFF,-1
9,10,0,9615,PUSH,-4,bchdfgoljamenpki,-4,4,-1,1
9,10,1,9615,POP,-4,bahdfcgijpemnklo
9,10,2,9615,PUSH,-1,bchdgjleafpinkom,-4,4,1
9,10,3,9615,POP,1,bcehfgdajplmnkio
9,10,4,9615,DEL_CUTOFF,4
9,10,0,9616,PUSH,1,bchdfgoljmaenpki,-4,4,-1,1
9,10,1,9616,POP,-1,bchdfagijpemnklo
9,10,2,9616,DEL_EXPLORED,1
9,10,3,9616,PUSH,-1,bcehfagdjplmnkio,-4,4,-1,1
9,10,4,9616,DEL_EXPLORED,-4
9,10,0,9617,DEL_CUTOFF,1
9,10,1,9617,DEL_EXPLORED,4
9,10,2,9617,PUSH,4,bchdgjlenfpiakom,-4,1
9,10,3,9617,DEL_EXPLORED,1
9,10,4,9617,POP,4,bcdlfihajgpenkom
9,10,0,9618,DEL_EXPLORED,-1
9,10,1,9618,PUSH,-4,bcadfghijpemnklo,4,-1,1
9,10,2,9618,PUSH,1,bchdgjlenfpikaom,-4,-1,1
9,10,3,9618,DEL_CUTOFF,-1
9,10,4,9618,POP,1,bcdafihljgpenkom
9,10,0,9619,DEL_CUTOFF,4
9,10,1,9619,PUSH,1,bcdafghijpemnklo,4,-1
9,10,2,9619,PUSH,1,bchdgjlenfpikoam,-4,-1,1
9,10,3,9619,DEL_CUTOFF,4
9,10,4,9619,PUSH,-1,bacdfihljgpenkom,4,-1,1
9,10,0,9620,DEL_CUTOFF,-4
9,10,1,9620,DEL_EXPLORED,-1
9,10,2,9620,PUSH,1,bchdgjlenfpikoma,-4,-1
9,10,3,9620,DEL_CUTOFF,-4
9,10,4,9620,DEL_EXPLORED,1
9,10,0,9621,POP,1,bchdfgoljmaenpki
9,10,1,9621,PUSH,4,bcdifghajpemnklo,-4,4,-1
9,10,2,9621,DEL_EXPLORED,-1
9,10,3,9621,POP,-1,bcehfagdjplmnkio
9,10,4,9621,PUSH,-1,abcdfihljgpenkom,4,1
9,10,0,9622,PUSH,-1,bchdfgolajmenpki,-4,4,1
9,10,1,9622,DEL_CUTOFF,-1
9,10,2,9622,DEL_CUTOFF,-4
9,10,3,9622,PUSH,4,bcehfgldjpamnkio,-4,4,-1,1
9,10,4,9622,DEL_EXPLORED,1
9,10,0,9623,DEL_EXPLORED,1
9,10,1,9623,DEL_CUTOFF,4
9,10,2,9623,POP,1,bchdgjlenfpikoma
9,10,3,9623,DEL_CUTOFF,1
9,10,4,9623,DEL_CUTOFF,4
9,10,0,9624,DEL_CUTOFF,4
9,10,1,9624,DEL_EXPLORED,-4
9,10,2,9624,DEL_EXPLORED,-1
9,10,3,9624,DEL_CUTOFF,-1
9,10,4,9624,POP,-1,abcdfihljgpenkom
9,10,0,9625,DEL_CUTOFF,-4
9,10,1,9625,POP,4,bcdifghajpemnklo
9,10,2,9625,PUSH,-4,bchdgjlenfaikopm,-4,4,-1,1
9,10,3,9625,DEL_CUTOFF,4
9,10,4,9625,PUSH,4,bicdfahljgpenkom,-4,4,-1,1
9,10,0,9626,POP,-1,bchdfgolajmenpki
9,10,1,9626,POP,1,bcdafghijpemnklo
9,10,2,9626,DEL_CUTOFF,1
9,10,3,9626,DEL_EXPLORED,-4
9,10,4,9626,DEL_CUTOFF,1
9,10,0,9627,DEL_EXPLORED,4
9,10,1,9627,PUSH,-1,bacdfghijpemnklo,4,-1,1
9,10,2,9627,DEL_CUTOFF,-1
9,10,3,9627,POP,4,bcehfgldjpamnkio
9,10,4,9627,DEL_CUTOFF,-1
9,10,0,9628,PUSH,-4,bchdfaoljgmenpki,-4,4,-1,1
9,10,1,9628,DEL_EXPLORED,1
9,10,2,9628,DEL_EXPLORED,4
9,10,3,9628,DEL_EXPLORED,-4
9,10,4,9628,DEL_CUTOFF,4
9,10,0,9629,DEL_CUTOFF,1
9,10,1,9629,PUSH,-1,abcdfghijpemnklo,4,1
9,10,2,9629,DEL_CUTOFF,-4
9,10,3,9629,POP,4,bcehfgadjplmnkio
9,10,4,9629,DEL_EXPLORED,-4
9,10,0,9630,DEL_CUTOFF,-1
9,10,1,9630,DEL_EXPLORED,1
9,10,2,9630,POP,-4,bchdgjlenfaikopm
9,10,3,9630,POP,-1,bcahfgedjplmnkio
9,10,4,9630,POP,4,bicdfahljgpenkom
9,10,0,9631,DEL_EXPLORED,4
9,10,1,9631,DEL_CUTOFF,4
9,10,2,9631,POP,1,bchdgjlenfpikoam
9,10,3,9631,DEL_EXPLORED,4
9,10,4,9631,POP,-1,bacdfihljgpenkom
9,10,0,9632,DEL_CUTOFF,-4
9,10,1,9632,POP,-1,abcdfghijpemnklo
9,10,2,9632,DEL_EXPLORED,-1
9,10,3,9632,POP,-4,bchafgedjplmnkio
9,10,4,9632,DEL_EXPLORED,4
9,10,0,9633,POP,-4,bchdfaoljgmenpki
9,10,1,9633,PUSH,4,bgcdfahijpemnklo,-4,4,-1,1
9,10,2,9633,PUSH,-4,bchdgjlenapikfom,-4,4,-1,1
9,10,3,9633,POP,1,bchdfgeajplmnkio
9,10,4,9633,POP,-4,bcadfihljgpenkom
9,10,0,9634,POP,-4,bchdfgoljamenpki
9,10,1,9634,DEL_CUTOFF,1
9,10,2,9634,PUSH,1,bchdgjlenpaikfom,-4,4,-1,1
9,10,3,9634,PUSH,-1,bchdfagejplmnkio,-4,4,-1,1
9,10,4,9634,POP,1,bchdfialjgpenkom
9,10,0,9635,POP,-1,bchdfgoljpmenaki
9,10,1,9635,DEL_CUTOFF,-1
9,10,2,9635,DEL_CUTOFF,1
9,10,3,9635,DEL_EXPLORED,1
9,10,4,9635,PUSH,-1,bchdafiljgpenkom,-4,4,1
9,10,0,9636,DEL_EXPLORED,-4
9,10,1,9636,DEL_CUTOFF,4
9,10,2,9636,DEL_EXPLORED,-1
9,10,3,9636,PUSH,-1,bchdafgejplmnkio,-4,4,1
9,10,4,9636,DEL_EXPLORED,1
9,10,0,9637,POP,4,bchdfgoljpmenkai
9,10,1,9637,DEL_EXPLORED,-4
9,10,2,9637,DEL_CUTOFF,4
9,10,3,9637,DEL_EXPLORED,1
9,10,4,9637,PUSH,4,bchdjfilagpenkom,-4,4,1
9,10,0,9638,DEL_EXPLORED,-4
9,10,1,9638,POP,4,bgcdfahijpemnklo
9,10,2,9638,DEL_CUTOFF,-4
9,10,3,9638,PUSH,4,bchdjfgeaplmnkio,-4,4,1
9,10,4,9638,PUSH,1,bchdjfilgapenkom,-4,4,-1,1
9,10,0,9639,POP,4,bchdfgoljpaenkmi
9,10,1,9639,POP,-1,bacdfghijpemnklo
9,10,2,9639,POP,1,bchdgjlenpaikfom
9,10,3,9639,PUSH,1,bchdjfgepalmnkio,-4,4,-1,1
9,10,4,9639,PUSH,1,bchdjfilgpaenkom,-4,4,-1,1
9,10,0,9640,PUSH,-4,bcadfghljpoenkmi,4,-1,1
9,10,1,9640,DEL_EXPLORED,4
9,10,2,9640,PUSH,-1,bchdgjleanpikfom,-4,4,1
9,10,3,9640,PUSH,1,bchdjfgeplamnkio,-4,4,-1,1
9,10,4,9640,DEL_CUTOFF,1
9,10,0,9641,PUSH,1,bcdafghljpoenkmi,4,-1
9,10,1,9641,POP,-4,bcadfghijpemnklo
9,10,2,9641,DEL_EXPLORED,1
9,10,3,9641,DEL_CUTOFF,1
9,10,4,9641,DEL_EXPLORED,-1
9,10,0,9642,DEL_EXPLORED,-1
9,10,1,9642,POP,-4,bchdfgaijpemnklo
9,10,2,9642,DEL_CUTOFF,4
9,10,3,9642,DEL_EXPLORED,-1
9,10,4,9642,DEL_CUTOFF,4
9,10,0,9643,PUSH,4,bcdlfghajpoenkmi,-4,4,-1
9,10,1,9643,POP,-4,bchdfgeijpamnklo
9,10,2,9643,DEL_CUTOFF,-4
9,10,3,9643,DEL_CUTOFF,4
9,10,4,9643,DEL_CUTOFF,-4
9,10,0,9644,PUSH,-1,bcdlfgahjpoenkmi,-4,4,-1,1
9,10,1,9644,POP,-1,bchdfgeijplmnkao
9,10,2,9644,POP,-1,bchdgjleanpikfom
9,10,3,9644,DEL_CUTOFF,-4
9,10,4,9644,POP,1,bchdjfilgpaenkom
9,10,0,9645,DEL_EXPLORED,1
9,10,1,9645,DEL_EXPLORED,-4
9,10,2,9645,DEL_EXPLORED,4
9,10,3,9645,POP,1,bchdjfgeplamnkio
9,10,4,9645,DEL_EXPLORED,-1
9,10,0,9646,PUSH,-1,bcdlfaghjpoenkmi,-4,4,-1,1
9,10,1,9646,POP,4,bchdfgeijplmnkoa
9,10,2,9646,PUSH,-4,bchdgalenjpikfom,-4,4,-1,1
9,10,3,9646,DEL_EXPLORED,-1
9,10,4,9646,PUSH,4,bchdjfilgkpenaom,-4,-1,1
9,10,0,9647,DEL_EXPLORED,1
9,10,1,9647,DEL_EXPLORED,-4
9,10,2,9647,DEL_CUTOFF,1
9,10,3,9647,PUSH,4,bchdjfgepklmnaio,-4,-1,1
9,10,4,9647,DEL_CUTOFF,1
9,10,0,9648,DEL_CUTOFF,-1
9,10,1,9648,POP,4,bchdfgeijplankom
9,10,2,9648,DEL_CUTOFF,-1
9,10,3,9648,DEL_CUTOFF,1
9,10,4,9648,DEL_CUTOFF,-1
9,10,0,9649,DEL_CUTOFF,4
9,10,1,9649,PUSH,-4,bchafgedjplinkom,4,-1
9,10,2,9649,DEL_EXPLORED,4
9,10,3,9649,DEL_CUTOFF,-1
9,10,4,9649,DEL_EXPLORED,-4
9,10,0,9650,DEL_CUTOFF,-4
9,10,1,9650,PUSH,-1,bcahfgedjplinkom,4,-1,1
9,10,2,9650,DEL_CUTOFF,-4
9,10,3,9650,DEL_EXPLORED,-4
9,10,4,9650,POP,4,bchdjfilgkpenaom
9,10,0,9651,POP,-1,bcdlfaghjpoenkmi
9,10,1,9651,DEL_EXPLORED,1
9,10,2,9651,POP,-4,bchdgalenjpikfom
9,10,3,9651,POP,4,bchdjfgepklmnaio
9,10,4,9651,PUSH,-4,bchdjailgfpenkom,-4,4,-1,1
9,10,0,9652,PUSH,4,bcdlfgohjpaenkmi,-4,4,-1,1
9,10,1,9652,PUSH,-1,bachfgedjplinkom,4,-1,1
9,10,2,9652,POP,-4,bchdgjlenapikfom
9,10,3,9652,PUSH,-4,bchdjagepflmnkio,-4,4,-1,1
9,10,4,9652,DEL_CUTOFF,1
9,10,0,9653,DEL_CUTOFF,1
9,10,1,9653,DEL_EXPLORED,1
9,10,2,9653,POP,1,bchdgjlenfpikaom
9,10,3,9653,DEL_CUTOFF,1
9,10,4,9653,DEL_CUTOFF,-1
9,10,0,9654,DEL_CUTOFF,-1
9,10,1,9654,PUSH,-1,abchfgedjplinkom,4,1
9,10,2,9654,DEL_EXPLORED,-4
9,10,3,9654,DEL_CUTOFF,-1
9,10,4,9654,DEL_EXPLORED,4
9,10,0,9655,DEL_CUTOFF,4
9,10,1,9655,DEL_EXPLORED,1
9,10,2,9655,POP,4,bchdgjlenfpiakom
9,10,3,9655,DEL_EXPLORED,4
9,10,4,9655,DEL_CUTOFF,-4
9,10,0,9656,DEL_EXPLORED,-4
9,10,1,9656,PUSH,4,fbchagedjplinkom,-4,4,1
9,10,2,9656,PUSH,-4,bchdajlegfpinkom,-4,4,1
9,10,3,9656,DEL_CUTOFF,-4
9,10,4,9656,POP,-4,bchdjailgfpenkom
9,10,0,9657,POP,4,bcdlfgohjpaenkmi
9,10,1,9657,PUSH,1,fbchgaedjplinkom,-4,4,-1,1
9,10,2,9657,PUSH,1,bchdjalegfpinkom,-4,4,-1,1
9,10,3,9657,POP,-4,bchdjagepflmnkio
9,10,4,9657,POP,1,bchdjfilgapenkom
9,10,0,9658,PUSH,-4,bcalfgdhjpoenkmi,4,-1,1
9,10,1,9658,PUSH,1,fbchgeadjplinkom,-4,4,-1,1
9,10,2,9658,PUSH,1,bchdjlaegfpinkom,-4,4,-1,1
9,10,3,9658,POP,1,bchdjfgepalmnkio
9,10,4,9658,PUSH,4,bchdjfilngpeakom,-4,1
9,10,0,9659,DEL_CUTOFF,1
9,10,1,9659,PUSH,1,fbchgedajplinkom,-4,4,-1
9,10,2,9659,PUSH,1,bchdjleagfpinkom,-4,4,-1
9,10,3,9659,PUSH,4,bchdjfgenplmakio,-4,1
9,10,4,9659,PUSH,1,bchdjfilngpekaom,-4,-1,1
9,10,0,9660,DEL_CUTOFF,-1
9,10,1,9660,DEL_EXPLORED,-1
9,10,2,9660,DEL_EXPLORED,-1
9,10,3,9660,PUSH,1,bchdjfgenplmkaio,-4,-1,1
9,10,4,9660,DEL_CUTOFF,1
9,10,0,9661,DEL_EXPLORED,4
9,10,1,9661,DEL_CUTOFF,4
9,10,2,9661,DEL_CUTOFF,4
9,10,3,9661,DEL_CUTOFF,1
9,10,4,9661,DEL_EXPLORED,-1
9,10,0,9662,POP,-4,bcalfgdhjpoenkmi
9,10,1,9662,DEL_CUTOFF,-4
9,10,2,9662,DEL_CUTOFF,-4
9,10,3,9662,DEL_EXPLORED,-1
9,10,4,9662,DEL_CUTOFF,-4
9,10,0,9663,POP,-1,bcdlfgahjpoenkmi
9,10,1,9663,POP,1,fbchgedajplinkom
9,10,2,9663,POP,1,bchdjleagfpinkom
9,10,3,9663,DEL_CUTOFF,-4
9,10,4,9663,POP,1,bchdjfilngpekaom
9,10,0,9664,PUSH,4,bcdlfghejpoankmi,-4,4,-1
9,10,1,9664,DEL_EXPLORED,-1
9,10,2,9664,DEL_EXPLORED,-1
9,10,3,9664,POP,1,bchdjfgenplmkaio
9,10,4,9664,DEL_EXPLORED,-4
9,10,0,9665,PUSH,-1,bcdlfghejpaonkmi,-4,4,-1,1
9,10,1,9665,PUSH,4,fbchgeldjpainkom,-4,4,-1,1
9,10,2,9665,PUSH,4,bchdjlpegfainkom,-4,4,-1,1
9,10,3,9665,DEL_EXPLORED,-4
9,10,4,9665,POP,4,bchdjfilngpeakom
9,10,0,9666,DEL_EXPLORED,1
9,10,1,9666,DEL_CUTOFF,1
9,10,2,9666,DEL_CUTOFF,1
9,10,3,9666,POP,4,bchdjfgenplmakio
9,10,4,9666,DEL_EXPLORED,-4
9,10,0,9667,DEL_CUTOFF,-1
9,10,1,9667,DEL_CUTOFF,-1
9,10,2,9667,DEL_CUTOFF,-1
9,10,3,9667,DEL_EXPLORED,-4
9,10,4,9667,POP,4,bchdjfilagpenkom
9,10,0,9668,DEL_CUTOFF,4
9,10,1,9668,DEL_CUTOFF,4
9,10,2,9668,DEL_CUTOFF,4
9,10,3,9668,POP,4,bchdjfgeaplmnkio
9,10,4,9668,PUSH,-4,achdbfiljgpenkom,4,1
9,10,0,9669,DEL_CUTOFF,-4
9,10,1,9669,DEL_EXPLORED,-4
9,10,2,9669,DEL_EXPLORED,-4
9,10,3,9669,PUSH,-4,achdbfgejplmnkio,4,1
9,10,4,9669,PUSH,1,cahdbfiljgpenkom,4,-1,1
9,10,0,9670,POP,-1,bcdlfghejpaonkmi
9,10,1,9670,POP,4,fbchgeldjpainkom
9,10,2,9670,POP,4,bchdjlpegfainkom
9,10,3,9670,PUSH,1,cahdbfgejplmnkio,4,-1,1
9,10,4,9670,PUSH,1,chadbfiljgpenkom,4,-1,1
9,10,0,9671,PUSH,4,bcdlfghejpoinkma,-4,-1
9,10,1,9671,PUSH,-4,fbahgecdjplinkom,4,-1,1
9,10,2,9671,PUSH,-4,bcadjlhegfpinkom,4,-1,1
9,10,3,9671,PUSH,1,chadbfgejplmnkio,4,-1,1
9,10,4,9671,DEL_CUTOFF,1
9,10,0,9672,DEL_CUTOFF,-1
9,10,1,9672,DEL_CUTOFF,1
9,10,2,9672,DEL_CUTOFF,1
9,10,3,9672,DEL_CUTOFF,1
9,10,4,9672,DEL_EXPLORED,-1
9,10,0,9673,DEL_EXPLORED,-4
9,10,1,9673,DEL_CUTOFF,-1
9,10,2,9673,DEL_CUTOFF,-1
9,10,3,9673,DEL_EXPLORED,-1
9,10,4,9673,DEL_CUTOFF,4
9,10,0,9674,POP,4,bcdlfghejpoinkma
9,10,1,9674,DEL_EXPLORED,4
9,10,2,9674,DEL_EXPLORED,4
9,10,3,9674,DEL_CUTOFF,4
9,10,4,9674,POP,1,chadbfiljgpenkom
9,10,0,9675,DEL_EXPLORED,-4
9,10,1,9675,POP,-4,fbahgecdjplinkom
9,10,2,9675,POP,-4,bcadjlhegfpinkom
9,10,3,9675,POP,1,chadbfgejplmnkio
9,10,4,9675,DEL_EXPLORED,-1
9,10,0,9676,POP,4,bcdlfghejpoankmi
9,10,1,9676,POP,1,fbchgeadjplinkom
9,10,2,9676,POP,1,bchdjlaegfpinkom
9,10,3,9676,DEL_EXPLORED,-1
9,10,4,9676,PUSH,4,cfhdbailjgpenkom,-4,4,-1,1
9,10,0,9677,DEL_EXPLORED,-4
9,10,1,9677,DEL_EXPLORED,-1
9,10,2,9677,DEL_EXPLORED,-1
9,10,3,9677,PUSH,4,cfhdbagejplmnkio,-4,4,-1,1
9,10,4,9677,DEL_CUTOFF,1
9,10,0,9678,POP,4,bcdlfghajpoenkmi
9,10,1,9678,PUSH,4,fbchgpedjalinkom,-4,4,-1,1
9,10,2,9678,PUSH,4,bchdjflegapinkom,-4,4,-1,1
9,10,3,9678,DEL_CUTOFF,1
9,10,4,9678,DEL_CUTOFF,-1
9,10,0,9679,POP,1,bcdafghljpoenkmi
9,10,1,9679,PUSH,1,fbchgpedjlainkom,-4,4,-1,1
9,10,2,9679,PUSH,1,bchdjflegpainkom,-4,4,-1,1
9,10,3,9679,DEL_CUTOFF,-1
9,10,4,9679,DEL_CUTOFF,4
9,10,0,9680,PUSH,-1,bacdfghljpoenkmi,4,-1,1
9,10,1,9680,DEL_CUTOFF,1
9,10,2,9680,DEL_CUTOFF,1
9,10,3,9680,DEL_CUTOFF,4
9,10,4,9680,DEL_EXPLORED,-4
9,10,0,9681,DEL_EXPLORED,1
9,10,1,9681,DEL_EXPLORED,-1
9,10,2,9681,DEL_EXPLORED,-1
9,10,3,9681,DEL_EXPLORED,-4
9,10,4,9681,POP,4,cfhdbailjgpenkom
9,10,0,9682,PUSH,-1,abcdfghljpoenkmi,4,1
9,10,1,9682,DEL_CUTOFF,4
9,10,2,9682,DEL_CUTOFF,4
9,10,3,9682,POP,4,cfhdbagejplmnkio
9,10,4,9682,POP,1,cahdbfiljgpenkom
9,10,0,9683,DEL_EXPLORED,1
9,10,1,9683,DEL_CUTOFF,-4
9,10,2,9683,DEL_CUTOFF,-4
9,10,3,9683,POP,1,cahdbfgejplmnkio
9,10,4,9683,DEL_EXPLORED,4
9,10,0,9684,PUSH,4,fbcdaghljpoenkmi,-4,4,1
9,10,1,9684,POP,1,fbchgpedjlainkom
9,10,2,9684,POP,1,bchdjflegpainkom
9,10,3,9684,DEL_EXPLORED,4
9,10,4,9684,POP,-4,achdbfiljgpenkom
9,10,0,9685,PUSH,1,fbcdgahljpoenkmi,-4,4,-1,1
9,10,1,9685,PUSH,-1,fbchgpedajlinkom,-4,4,1
9,10,2,9685,PUSH,-1,bchdjfleagpinkom,-4,4,1
9,10,3,9685,POP,-4,achdbfgejplmnkio
9,10,4,9685,POP,-1,bchdafiljgpenkom
9,10,0,9686,DEL_CUTOFF,1
9,10,1,9686,DEL_EXPLORED,1
9,10,2,9686,DEL_EXPLORED,1
9,10,3,9686,POP,-1,bchdafgejplmnkio
9,10,4,9686,DEL_EXPLORED,4
9,10,0,9687,DEL_EXPLORED,-1
9,10,1,9687,DEL_CUTOFF,4
9,10,2,9687,DEL_CUTOFF,4
9,10,3,9687,PUSH,4,bchdfpgejalmnkio,-4,4,-1,1
9,10,4,9687,PUSH,-4,bahdfciljgpenkom,4,-1,1
9,10,0,9688,DEL_CUTOFF,4
9,10,1,9688,DEL_CUTOFF,-4
9,10,2,9688,DEL_CUTOFF,-4
9,10,3,9688,PUSH,1,bchdfpgejlamnkio,-4,4,-1,1
9,10,4,9688,PUSH,1,bhadfciljgpenkom,4,-1,1
9,10,0,9689,DEL_CUTOFF,-4
9,10,1,9689,POP,-1,fbchgpedajlinkom
9,10,2,9689,POP,-1,bchdjfleagpinkom
9,10,3,9689,PUSH,1,bchdfpgejlmankio,-4,4,-1
9,10,4,9689,PUSH,1,bhdafciljgpenkom,4,-1
9,10,0,9690,POP,1,fbcdgahljpoenkmi
9,10,1,9690,PUSH,4,fbchgpedjklinaom,-4,-1,1
9,10,2,9690,PUSH,4,bchdjflegkpinaom,-4,-1,1
9,10,3,9690,DEL_EXPLORED,-1
9,10,4,9690,DEL_EXPLORED,-1
9,10,0,9691,PUSH,4,fbcdjghlapoenkmi,-4,4,1
9,10,1,9691,DEL_CUTOFF,1
9,10,2,9691,DEL_CUTOFF,1
9,10,3,9691,PUSH,4,bchdfpgejlmonkia,-4,-1
9,10,4,9691,PUSH,4,bhdlfciajgpenkom,-4,4,-1
9,10,0,9692,DEL_CUTOFF,1
9,10,1,9692,DEL_CUTOFF,-1
9,10,2,9692,DEL_CUTOFF,-1
9,10,3,9692,DEL_CUTOFF,-1
9,10,4,9692,DEL_CUTOFF,-1
9,10,0,9693,DEL_CUTOFF,4
9,10,1,9693,DEL_EXPLORED,-4
9,10,2,9693,DEL_EXPLORED,-4
9,10,3,9693,DEL_EXPLORED,-4
9,10,4,9693,DEL_CUTOFF,4
9,10,0,9694,DEL_EXPLORED,-4
9,10,1,9694,POP,4,fbchgpedjklinaom
9,10,2,9694,POP,4,bchdjflegkpinaom
9,10,3,9694,POP,4,bchdfpgejlmonkia
9,10,4,9694,DEL_EXPLORED,-4
9,10,0,9695,POP,4,fbcdjghlapoenkmi
9,10,1,9695,DEL_EXPLORED,-4
9,10,2,9695,DEL_EXPLORED,-4
9,10,3,9695,PUSH,-4,bchdfpgajlmenkio,-4,4,-1
9,10,4,9695,POP,4,bhdlfciajgpenkom
9,10,0,9696,DEL_EXPLORED,-4
9,10,1,9696,POP,4,fbchgpedjalinkom
9,10,2,9696,POP,4,bchdjflegapinkom
9,10,3,9696,DEL_CUTOFF,-1
9,10,4,9696,POP,1,bhdafciljgpenkom
9,10,0,9697,POP,4,fbcdaghljpoenkmi
9,10,1,9697,PUSH,-4,fachgbedjplinkom,4,-1,1
9,10,2,9697,PUSH,-4,bahdjclegfpinkom,4,-1,1
9,10,3,9697,DEL_EXPLORED,4
9,10,4,9697,DEL_EXPLORED,-1
9,10,0,9698,POP,-1,abcdfghljpoenkmi
9,10,1,9698,PUSH,1,fcahgbedjplinkom,4,-1,1
9,10,2,9698,PUSH,1,bhadjclegfpinkom,4,-1,1
9,10,3,9698,DEL_CUTOFF,-4
9,10,4,9698,PUSH,4,bhidfcaljgpenkom,-4,4,-1,1
9,10,0,9699,PUSH,4,bgcdfahljpoenkmi,-4,4,-1,1
9,10,1,9699,DEL_CUTOFF,1
9,10,2,9699,DEL_CUTOFF,1
9,10,3,9699,POP,-4,bchdfpgajlmenkio
9,10,4,9699,PUSH,1,bhidfclajgpenkom,-4,4,-1
9,10,0,9700,PUSH,1,bgcdfhaljpoenkmi,-4,4,-1,1
9,10,1,9700,DEL_EXPLORED,-1
9,10,2,9700,DEL_EXPLORED,-1
9,10,3,9700,POP,1,bchdfpgejlmankio
9,10,4,9700,DEL_EXPLORED,-1
9,10,0,9701,PUSH,1,bgcdfhlajpoenkmi,-4,4,-1
9,10,1,9701,DEL_CUTOFF,4
9,10,2,9701,DEL_CUTOFF,4
9,10,3,9701,DEL_EXPLORED,-1
9,10,4,9701,DEL_CUTOFF,4
9,10,0,9702,DEL_EXPLORED,-1
9,10,1,9702,POP,1,fcahgbedjplinkom
9,10,2,9702,POP,1,bhadjclegfpinkom
9,10,3,9702,PUSH,4,bchdfpgejlimnkao,-4,-1,1
9,10,4,9702,DEL_CUTOFF,-4
9,10,0,9703,DEL_CUTOFF,4
9,10,1,9703,PUSH,-1,afchgbedjplinkom,4,1
9,10,2,9703,PUSH,-1,abhdjclegfpinkom,4,1
9,10,3,9703,PUSH,1,bchdfpgejlimnkoa,-4,-1
9,10,4,9703,POP,1,bhidfclajgpenkom
9,10,0,9704,DEL_CUTOFF,-4
9,10,1,9704,DEL_EXPLORED,1
9,10,2,9704,DEL_EXPLORED,1
9,10,3,9704,DEL_EXPLORED,-1
9,10,4,9704,PUSH,-1,bhidfacljgpenkom,-4,4,-1,1
9,10,0,9705,POP,1,bgcdfhlajpoenkmi
9,10,1,9705,DEL_CUTOFF,4
9,10,2,9705,DEL_CUTOFF,4
9,10,3,9705,DEL_CUTOFF,-4
9,10,4,9705,DEL_EXPLORED,1
9,10,0,9706,DEL_EXPLORED,-1
9,10,1,9706,POP,-1,afchgbedjplinkom
9,10,2,9706,POP,-1,abhdjclegfpinkom
9,10,3,9706,POP,1,bchdfpgejlimnkoa
9,10,4,9706,DEL_CUTOFF,-1
9,10,0,9707,PUSH,4,bgcdfholjpaenkmi,-4,4,-1,1
9,10,1,9707,DEL_EXPLORED,4
9,10,2,9707,DEL_EXPLORED,4
9,10,3,9707,PUSH,-1,bchdfpgejlimnako,-4,-1,1
9,10,4,9707,DEL_CUTOFF,4
9,10,0,9708,DEL_CUTOFF,1
9,10,1,9708,POP,-4,fachgbedjplinkom
9,10,2,9708,POP,-4,bahdjclegfpinkom
9,10,3,9708,DEL_EXPLORED,1
9,10,4,9708,DEL_CUTOFF,-4
9,10,0,9709,DEL_CUTOFF,-1
9,10,1,9709,POP,1,fbchgaedjplinkom
9,10,2,9709,POP,1,bchdjalegfpinkom
9,10,3,9709,DEL_CUTOFF,-1
9,10,4,9709,POP,-1,bhidfacljgpenkom
9,10,0,9710,DEL_CUTOFF,4
9,10,1,9710,PUSH,4,fbchjgedaplinkom,-4,4,1
9,10,2,9710,DEL_EXPLORED,4
9,10,3,9710,DEL_CUTOFF,-4
9,10,4,9710,PUSH,4,bhidfcpljgaenkom,-4,4,-1,1
9,10,0,9711,DEL_EXPLORED,-4
9,10,1,9711,PUSH,1,fbchjgedpalinkom,-4,4,-1,1
9,10,2,9711,PUSH,-4,achdbjlegfpinkom,4,1
9,10,3,9711,POP,-1,bchdfpgejlimnako
9,10,4,9711,DEL_CUTOFF,1
9,10,0,9712,POP,4,bgcdfholjpaenkmi
9,10,1,9712,PUSH,1,fbchjgedplainkom,-4,4,-1,1
9,10,2,9712,PUSH,1,cahdbjlegfpinkom,4,-1,1
9,10,3,9712,DEL_EXPLORED,-4
9,10,4,9712,DEL_CUTOFF,-1
9,10,0,9713,PUSH,-4,bgadfhcljpoenkmi,4,-1,1
9,10,1,9713,DEL_CUTOFF,1
9,10,2,9713,PUSH,1,chadbjlegfpinkom,4,-1,1
9,10,3,9713,POP,4,bchdfpgejlimnkao
9,10,4,9713,DEL_CUTOFF,4
9,10,0,9714,DEL_CUTOFF,1
9,10,1,9714,DEL_EXPLORED,-1
9,10,2,9714,DEL_CUTOFF,1
9,10,3,9714,PUSH,-4,bchdfpaejlgmnkio,-4,4,-1,1
9,10,4,9714,DEL_EXPLORED,-4
9,10,0,9715,DEL_CUTOFF,-1
9,10,1,9715,DEL_CUTOFF,4
9,10,2,9715,DEL_EXPLORED,-1
9,10,3,9715,PUSH,1,bchdfpeajlgmnkio,-4,4,-1
9,10,4,9715,POP,4,bhidfcpljgaenkom
9,10,0,9716,DEL_EXPLORED,4
9,10,1,9716,DEL_CUTOFF,-4
9,10,2,9716,DEL_CUTOFF,4
9,10,3,9716,DEL_EXPLORED,-1
9,10,4,9716,DEL_EXPLORED,-4
9,10,0,9717,POP,-4,bgadfhcljpoenkmi
9,10,1,9717,POP,1,fbchjgedplainkom
9,10,2,9717,POP,1,chadbjlegfpinkom
9,10,3,9717,DEL_CUTOFF,4
9,10,4,9717,POP,4,bhidfcaljgpenkom
9,10,0,9718,POP,1,bgcdfhaljpoenkmi
9,10,1,9718,DEL_EXPLORED,-1
9,10,2,9718,DEL_EXPLORED,-1
9,10,3,9718,DEL_CUTOFF,-4
9,10,4,9718,POP,1,bhadfciljgpenkom
9,10,0,9719,PUSH,-1,bgcdafhljpoenkmi,-4,4,1
9,10,1,9719,PUSH,4,fbchjgedpklinaom,-4,-1,1
9,10,2,9719,PUSH,4,cjhdbalegfpinkom,-4,4,-1,1
9,10,3,9719,POP,1,bchdfpeajlgmnkio
9,10,4,9719,PUSH,-1,abhdfciljgpenkom,4,1
9,10,0,9720,DEL_EXPLORED,1
9,10,1,9720,DEL_CUTOFF,1
9,10,2,9720,DEL_CUTOFF,1
9,10,3,9720,PUSH,-1,bchdfapejlgmnkio,-4,4,-1,1
9,10,4,9720,DEL_EXPLORED,1
9,10,0,9721,PUSH,4,bgcdjfhlapoenkmi,-4,4,1
9,10,1,9721,DEL_CUTOFF,-1
9,10,2,9721,DEL_CUTOFF,-1
9,10,3,9721,DEL_EXPLORED,1
9,10,4,9721,PUSH,4,fbhdaciljgpenkom,-4,4,1
9,10,0,9722,DEL_CUTOFF,1
9,10,1,9722,DEL_EXPLORED,-4
9,10,2,9722,DEL_CUTOFF,4
9,10,3,9722,DEL_CUTOFF,-1
9,10,4,9722,PUSH,1,fbhdcailjgpenkom,-4,4,-1,1
9,10,0,9723,DEL_CUTOFF,4
9,10,1,9723,POP,4,fbchjgedpklinaom
9,10,2,9723,DEL_EXPLORED,-4
9,10,3,9723,DEL_CUTOFF,4
9,10,4,9723,DEL_CUTOFF,1
9,10,0,9724,DEL_EXPLORED,-4
9,10,1,9724,PUSH,-4,fbchjaedpglinkom,-4,4,-1,1
9,10,2,9724,POP,4,cjhdbalegfpinkom
9,10,3,9724,DEL_CUTOFF,-4
9,10,4,9724,DEL_EXPLORED,-1
9,10,0,9725,POP,4,bgcdjfhlapoenkmi
9,10,1,9725,DEL_CUTOFF,1
9,10,2,9725,POP,1,cahdbjlegfpinkom
9,10,3,9725,POP,-1,bchdfapejlgmnkio
9,10,4,9725,DEL_CUTOFF,4
9,10,0,9726,PUSH,-4,agcdbfhljpoenkmi,4,1
9,10,1,9726,DEL_CUTOFF,-1
9,10,2,9726,DEL_EXPLORED,4
9,10,3,9726,DEL_EXPLORED,4
9,10,4,9726,DEL_CUTOFF,-4
9,10,0,9727,DEL_CUTOFF,1
9,10,1,9727,DEL_EXPLORED,4
9,10,2,9727,POP,-4,achdbjlegfpinkom
9,10,3,9727,PUSH,-4,bcadfphejlgmnkio,4,-1,1
9,10,4,9727,POP,1,fbhdcailjgpenkom
9,10,0,9728,DEL_EXPLORED,4
9,10,1,9728,DEL_CUTOFF,-4
9,10,2,9728,POP,-4,bchdajlegfpinkom
9,10,3,9728,DEL_CUTOFF,1
9,10,4,9728,PUSH,4,fbhdjcilagpenkom,-4,4,1
9,10,0,9729,POP,-4,agcdbfhljpoenkmi
9,10,1,9729,POP,-4,fbchjaedpglinkom
9,10,2,9729,POP,-1,bchdgjleafpinkom
9,10,3,9729,DEL_CUTOFF,-1
9,10,4,9729,DEL_CUTOFF,1
9,10,0,9730,POP,-1,bgcdafhljpoenkmi
9,10,1,9730,POP,1,fbchjgedpalinkom
9,10,2,9730,PUSH,4,bchdgjlefkpinaom,-4,-1,1
9,10,3,9730,DEL_EXPLORED,4
9,10,4,9730,DEL_CUTOFF,4
9,10,0,9731,PUSH,4,bgcdfphljaoenkmi,-4,4,-1,1
9,10,1,9731,PUSH,4,fbchjgednpliakom,-4,1
9,10,2,9731,PUSH,1,bchdgjlefkpinoam,-4,-1,1
9,10,3,9731,POP,-4,bcadfphejlgmnkio
9,10,4,9731,DEL_EXPLORED,-4
9,10,0,9732,PUSH,1,bgcdfphljoaenkmi,-4,4,-1,1
9,10,1,9732,PUSH,1,fbchjgednplikaom,-4,-1,1
9,10,2,9732,PUSH,1,bchdgjlefkpinoma,-4,-1
9,10,3,9732,POP,-4,bchdfpaejlgmnkio
9,10,4,9732,POP,4,fbhdjcilagpenkom
9,10,0,9733,DEL_CUTOFF,1
9,10,1,9733,DEL_CUTOFF,1
9,10,2,9733,DEL_EXPLORED,-1
9,10,3,9733,POP,1,bchdfpgejlamnkio
9,10,4,9733,DEL_EXPLORED,-4
9,10,0,9734,DEL_EXPLORED,-1
9,10,1,9734,DEL_EXPLORED,-1
9,10,2,9734,PUSH,-4,bchdgjlefkpanomi,-4,4,-1
9,10,3,9734,PUSH,-1,bchdfpgeajlmnkio,-4,4,1
9,10,4,9734,POP,4,fbhdaciljgpenkom
9,10,0,9735,DEL_CUTOFF,4
9,10,1,9735,DEL_CUTOFF,-4
9,10,2,9735,PUSH,-1,bchdgjlefkapnomi,-4,4,-1,1
9,10,3,9735,DEL_EXPLORED,1
9,10,4,9735,POP,-1,abhdfciljgpenkom
9,10,0,9736,DEL_CUTOFF,-4
9,10,1,9736,POP,1,fbchjgednplikaom
9,10,2,9736,DEL_EXPLORED,1
9,10,3,9736,PUSH,4,bchdfpgenjlmakio,-4,1
9,10,4,9736,DEL_EXPLORED,4
9,10,0,9737,POP,1,bgcdfphljoaenkmi
9,10,1,9737,DEL_EXPLORED,-4
9,10,2,9737,DEL_CUTOFF,-1
9,10,3,9737,PUSH,1,bchdfpgenjlmkaio,-4,-1,1
9,10,4,9737,POP,-4,bahdfciljgpenkom
9,10,0,9738,PUSH,-1,bgcdfphlajoenkmi,-4,4,1
9,10,1,9738,POP,4,fbchjgednpliakom
9,10,2,9738,DEL_CUTOFF,4
9,10,3,9738,DEL_CUTOFF,1
9,10,4,9738,POP,-4,bchdfailjgpenkom
9,10,0,9739,DEL_EXPLORED,1
9,10,1,9739,DEL_EXPLORED,-4
9,10,2,9739,DEL_CUTOFF,-4
9,10,3,9739,DEL_EXPLORED,-1
9,10,4,9739,POP,-1,bchdfgiljapenkom
9,10,0,9740,DEL_CUTOFF,4
9,10,1,9740,POP,4,fbchjgedaplinkom
9,10,2,9740,POP,-1,bchdgjlefkapnomi
9,10,3,9740,DEL_CUTOFF,-4
9,10,4,9740,PUSH,4,bchdfgiljpoenkam,-4,-1,1
9,10,0,9741,DEL_CUTOFF,-4
9,10,1,9741,DEL_EXPLORED,-4
9,10,2,9741,DEL_EXPLORED,4
9,10,3,9741,POP,1,bchdfpgenjlmkaio
9,10,4,9741,PUSH,1,bchdfgiljpoenkma,-4,-1
9,10,0,9742,POP,-1,bgcdfphlajoenkmi
9,10,1,9742,POP,4,fbchagedjplinkom
9,10,2,9742,PUSH,-4,bchdgjlafkpenomi,-4,4,-1
9,10,3,9742,DEL_EXPLORED,-4
9,10,4,9742,DEL_EXPLORED,-1
9,10,0,9743,PUSH,4,bgcdfphljkoenami,-4,-1,1
9,10,1,9743,POP,-1,abchfgedjplinkom
9,10,2,9743,DEL_CUTOFF,-1
9,10,3,9743,POP,4,bchdfpgenjlmakio
9,10,4,9743,PUSH,-4,bchdfgiljpoankme,-4,4,-1
9,10,0,9744,DEL_CUTOFF,1
9,10,1,9744,PUSH,4,bgchfaedjplinkom,-4,4,-1,1
9,10,2,9744,DEL_EXPLORED,4
9,10,3,9744,PUSH,-4,bchdapgefjlmnkio,-4,4,1
9,10,4,9744,PUSH,-1,bchdfgiljpaonkme,-4,4,-1,1
9,10,0,9745,DEL_CUTOFF,-1
9,10,1,9745,PUSH,1,bgchfeadjplinkom,-4,4,-1,1
9,10,2,9745,DEL_CUTOFF,-4
9,10,3,9745,PUSH,1,bchdpagefjlmnkio,-4,4,-1,1
9,10,4,9745,DEL_EXPLORED,1
9,10,0,9746,DEL_EXPLORED,-4
9,10,1,9746,PUSH,1,bgchfedajplinkom,-4,4,-1
9,10,2,9746,POP,-4,bchdgjlafkpenomi
9,10,3,9746,DEL_CUTOFF,1
9,10,4,9746,PUSH,-1,bchdfgiljaponkme,-4,4,-1,1
9,10,0,9747,POP,4,bgcdfphljkoenami
9,10,1,9747,DEL_EXPLORED,-1
9,10,2,9747,POP,-4,bchdgjlefkpanomi
9,10,3,9747,DEL_EXPLORED,-1
9,10,4,9747,DEL_EXPLORED,1
9,10,0,9748,DEL_EXPLORED,-4
9,10,1,9748,PUSH,4,bgchfedijplankom,-4,4,-1
9,10,2,9748,POP,1,bchdgjlefkpinoma
9,10,3,9748,DEL_CUTOFF,4
9,10,4,9748,PUSH,-1,bchdfgilajponkme,-4,4,1
9,10,0,9749,POP,4,bgcdfphljaoenkmi
9,10,1,9749,PUSH,-1,bgchfedijpalnkom,-4,4,-1,1
9,10,2,9749,DEL_EXPLORED,-1
9,10,3,9749,DEL_CUTOFF,-4
9,10,4,9749,DEL_EXPLORED,1
9,10,0,9750,DEL_EXPLORED,-4
9,10,1,9750,DEL_EXPLORED,1
9,10,2,9750,PUSH,-4,bchdgjlefkainopm,-4,4,-1,1
9,10,3,9750,POP,1,bchdpagefjlmnkio
9,10,4,9750,DEL_CUTOFF,4
9,10,0,9751,POP,4,bgcdfahljpoenkmi
9,10,1,9751,DEL_CUTOFF,-1
9,10,2,9751,PUSH,1,bchdgjlefkianopm,-4,4,-1
9,10,3,9751,DEL_EXPLORED,4
9,10,4,9751,DEL_CUTOFF,-4
9,10,0,9752,POP,-1,bacdfghljpoenkmi
9,10,1,9752,DEL_CUTOFF,4
9,10,2,9752,DEL_EXPLORED,-1
9,10,3,9752,PUSH,-4,achdbpgefjlmnkio,4,1
9,10,4,9752,POP,-1,bchdfgilajponkme
9,10,0,9753,DEL_EXPLORED,4
9,10,1,9753,DEL_CUTOFF,-4
9,10,2,9753,PUSH,4,bchdgjlefkimnopa,-4,-1
9,10,3,9753,DEL_CUTOFF,1
9,10,4,9753,PUSH,4,bchdfgiljkponame,-4,-1,1
9,10,0,9754,POP,-4,bcadfghljpoenkmi
9,10,1,9754,POP,-1,bgchfedijpalnkom
9,10,2,9754,DEL_CUTOFF,-1
9,10,3,9754,DEL_EXPLORED,4
9,10,4,9754,DEL_CUTOFF,1
9,10,0,9755,POP,-1,bchdfgaljpoenkmi
9,10,1,9755,PUSH,4,bgchfedijplmnkoa,-4,-1
9,10,2,9755,DEL_EXPLORED,-4
9,10,3,9755,POP,-4,achdbpgefjlmnkio
9,10,4,9755,DEL_CUTOFF,-1
9,10,0,9756,DEL_EXPLORED,4
9,10,1,9756,DEL_CUTOFF,-1
9,10,2,9756,POP,4,bchdgjlefkimnopa
9,10,3,9756,POP,-4,bchdapgefjlmnkio
9,10,4,9756,DEL_EXPLORED,-4
9,10,0,9757,PUSH,-4,bchafgldjpoenkmi,4,-1
9,10,1,9757,DEL_EXPLORED,-4
9,10,2,9757,PUSH,-4,bchdgjlafkienopm,-4,4,-1
9,10,3,9757,POP,-1,bchdfpgeajlmnkio
9,10,4,9757,POP,4,bchdfgiljkponame
9,10,0,9758,PUSH,-1,bcahfgldjpoenkmi,4,-1,1
9,10,1,9758,POP,4,bgchfedijplmnkoa
9,10,2,9758,DEL_CUTOFF,-1
9,10,3,9758,PUSH,4,bchdfpgejklmnaio,-4,-1,1
9,10,4,9758,PUSH,-4,bchdfailjgponkme,-4,4,-1,1
9,10,0,9759,DEL_EXPLORED,1
9,10,1,9759,DEL_EXPLORED,-4
9,10,2,9759,DEL_EXPLORED,4
9,10,3,9759,PUSH,1,bchdfpgejklmniao,-4,-1,1
9,10,4,9759,DEL_CUTOFF,1
9,10,0,9760,PUSH,-1,bachfgldjpoenkmi,4,-1,1
9,10,1,9760,POP,4,bgchfedijplankom
9,10,2,9760,DEL_CUTOFF,-4
9,10,3,9760,PUSH,1,bchdfpgejklmnioa,-4,-1
9,10,4,9760,DEL_CUTOFF,-1
9,10,0,9761,DEL_EXPLORED,1
9,10,1,9761,PUSH,-4,bgcafedhjplinkom,4,-1
9,10,2,9761,POP,-4,bchdgjlafkienopm
9,10,3,9761,DEL_EXPLORED,-1
9,10,4,9761,DEL_EXPLORED,4
9,10,0,9762,PUSH,-1,abchfgldjpoenkmi,4,1
9,10,1,9762,PUSH,-1,bgacfedhjplinkom,4,-1,1
9,10,2,9762,POP,1,bchdgjlefkianopm
9,10,3,9762,DEL_CUTOFF,-4
9,10,4,9762,DEL_CUTOFF,-4
9,10,0,9763,DEL_EXPLORED,1
9,10,1,9763,DEL_EXPLORED,1
9,10,2,9763,PUSH,-1,bchdgjlefakinopm,-4,4,-1,1
9,10,3,9763,POP,1,bchdfpgejklmnioa
9,10,4,9763,POP,-4,bchdfailjgponkme
9,10,0,9764,PUSH,4,fbchagldjpoenkmi,-4,4,1
9,10,1,9764,DEL_CUTOFF,-1
9,10,2,9764,DEL_EXPLORED,1
9,10,3,9764,DEL_EXPLORED,-1
9,10,4,9764,POP,-1,bchdfgiljaponkme
9,10,0,9765,PUSH,1,fbchgaldjpoenkmi,-4,4,-1,1
9,10,1,9765,DEL_CUTOFF,4
9,10,2,9765,PUSH,-1,bchdgjleafkinopm,-4,4,1
9,10,3,9765,PUSH,-4,bchdfpgejkamnilo,-4,4,-1,1
9,10,4,9765,PUSH,4,bchdfgiljpmonkae,-4,-1,1
9,10,0,9766,DEL_CUTOFF,1
9,10,1,9766,POP,-1,bgacfedhjplinkom
9,10,2,9766,DEL_EXPLORED,1
9,10,3,9766,DEL_CUTOFF,1
9,10,4,9766,PUSH,1,bchdfgiljpmonkea,-4,-1
9,10,0,9767,DEL_EXPLORED,-1
9,10,1,9767,DEL_EXPLORED,4
9,10,2,9767,DEL_CUTOFF,4
9,10,3,9767,DEL_CUTOFF,-1
9,10,4,9767,DEL_EXPLORED,-1
9,10,0,9768,DEL_CUTOFF,4
9,10,1,9768,POP,-4,bgcafedhjplinkom
9,10,2,9768,DEL_CUTOFF,-4
9,10,3,9768,DEL_EXPLORED,4
9,10,4,9768,DEL_CUTOFF,-4
9,10,0,9769,DEL_CUTOFF,-4
9,10,1,9769,POP,1,bgchfedajplinkom
9,10,2,9769,POP,-1,bchdgjleafkinopm
9,10,3,9769,DEL_CUTOFF,-4
9,10,4,9769,POP,1,bchdfgiljpmonkea
9,10,0,9770,POP,1,fbchgaldjpoenkmi
9,10,1,9770,DEL_EXPLORED,-1
9,10,2,9770,PUSH,4,bchdgjlefokinapm,-4,-1,1
9,10,3,9770,POP,-4,bchdfpgejkamnilo
9,10,4,9770,PUSH,-1,bchdfgiljpmonake,-4,-1,1
9,10,0,9771,PUSH,4,fbchjgldapoenkmi,-4,4,1
9,10,1,9771,PUSH,4,bgchfeldjpainkom,-4,4,-1,1
9,10,2,9771,DEL_CUTOFF,1
9,10,3,9771,POP,1,bchdfpgejklmniao
9,10,4,9771,DEL_EXPLORED,1
9,10,0,9772,DEL_CUTOFF,1
9,10,1,9772,PUSH,1,bgchfeldjpiankom,-4,4,-1
9,10,2,9772,DEL_CUTOFF,-1
9,10,3,9772,PUSH,-1,bchdfpgejklmanio,-4,1
9,10,4,9772,DEL_CUTOFF,-1
9,10,0,9773,DEL_CUTOFF,4
9,10,1,9773,DEL_EXPLORED,-1
9,10,2,9773,DEL_EXPLORED,-4
9,10,3,9773,DEL_EXPLORED,1
9,10,4,9773,DEL_CUTOFF,-4
9,10,0,9774,DEL_EXPLORED,-4
9,10,1,9774,PUSH,4,bgchfeldjpimnkoa,-4,-1
9,10,2,9774,POP,4,bchdgjlefokinapm
9,10,3,9774,PUSH,-4,bchdfpgeaklmjnio,-4,4,1
9,10,4,9774,POP,-1,bchdfgiljpmonake
9,10,0,9775,POP,4,fbchjgldapoenkmi
9,10,1,9775,DEL_CUTOFF,-1
9,10,2,9775,PUSH,-4,bchdgalefjkinopm,-4,4,-1,1
9,10,3,9775,DEL_CUTOFF,1
9,10,4,9775,DEL_EXPLORED,-4
9,10,0,9776,DEL_EXPLORED,-4
9,10,1,9776,DEL_EXPLORED,-4
9,10,2,9776,DEL_CUTOFF,1
9,10,3,9776,DEL_EXPLORED,4
9,10,4,9776,POP,4,bchdfgiljpmonkae
9,10,0,9777,POP,4,fbchagldjpoenkmi
9,10,1,9777,POP,4,bgchfeldjpimnkoa
9,10,2,9777,DEL_CUTOFF,-1
9,10,3,9777,DEL_CUTOFF,-4
9,10,4,9777,PUSH,-4,bchdfgaljpionkme,-4,4,-1,1
9,10,0,9778,POP,-1,abchfgldjpoenkmi
9,10,1,9778,PUSH,-4,bgchfelajpidnkom,-4,4,-1
9,10,2,9778,DEL_EXPLORED,4
9,10,3,9778,POP,-4,bchdfpgeaklmjnio
9,10,4,9778,PUSH,1,bchdfglajpionkme,-4,4,-1
9,10,0,9779,PUSH,4,bgchfaldjpoenkmi,-4,4,-1,1
9,10,1,9779,DEL_CUTOFF,-1
9,10,2,9779,DEL_CUTOFF,-4
9,10,3,9779,POP,-1,bchdfpgejklmanio
9,10,4,9779,DEL_EXPLORED,-1
9,10,0,9780,PUSH,1,bgchfladjpoenkmi,-4,4,-1,1
9,10,1,9780,DEL_EXPLORED,4
9,10,2,9780,POP,-4,bchdgalefjkinopm
9,10,3,9780,DEL_EXPLORED,-4
9,10,4,9780,DEL_CUTOFF,4
9,10,0,9781,PUSH,1,bgchfldajpoenkmi,-4,4,-1
9,10,1,9781,DEL_CUTOFF,-4
9,10,2,9781,POP,-1,bchdgjlefakinopm
9,10,3,9781,POP,4,bchdfpgejklmnaio
9,10,4,9781,DEL_CUTOFF,-4
9,10,0,9782,DEL_EXPLORED,-1
9,10,1,9782,POP,-4,bgchfelajpidnkom
9,10,2,9782,DEL_EXPLORED,4
9,10,3,9782,DEL_EXPLORED,-4
9,10,4,9782,POP,1,bchdfglajpionkme
9,10,0,9783,DEL_CUTOFF,4
9,10,1,9783,POP,1,bgchfeldjpiankom
9,10,2,9783,PUSH,-4,bchdgjaefklinopm,-4,4,-1,1
9,10,3,9783,POP,4,bchdfpgejalmnkio
9,10,4,9783,PUSH,-1,bchdfagljpionkme,-4,4,-1,1
9,10,0,9784,DEL_CUTOFF,-4
9,10,1,9784,PUSH,-1,bgchfeldjapinkom,-4,4,-1,1
9,10,2,9784,PUSH,1,bchdgjeafklinopm,-4,4,-1
9,10,3,9784,PUSH,-4,bahdfcgejplmnkio,4,-1,1
9,10,4,9784,DEL_EXPLORED,1
9,10,0,9785,POP,1,bgchfldajpoenkmi
9,10,1,9785,DEL_EXPLORED,1
9,10,2,9785,DEL_EXPLORED,-1
9,10,3,9785,PUSH,1,bhadfcgejplmnkio,4,-1,1
9,10,4,9785,DEL_CUTOFF,-1
9,10,0,9786,DEL_EXPLORED,-1
9,10,1,9786,PUSH,-1,bgchfeldajpinkom,-4,4,1
9,10,2,9786,DEL_CUTOFF,4
9,10,3,9786,PUSH,1,bhdafcgejplmnkio,4,-1
9,10,4,9786,DEL_CUTOFF,4
9,10,0,9787,PUSH,4,bgchflodjpaenkmi,-4,4,-1,1
9,10,1,9787,DEL_EXPLORED,1
9,10,2,9787,DEL_CUTOFF,-4
9,10,3,9787,DEL_EXPLORED,-1
9,10,4,9787,DEL_CUTOFF,-4
9,10,0,9788,DEL_CUTOFF,1
9,10,1,9788,DEL_CUTOFF,4
9,10,2,9788,POP,1,bchdgjeafklinopm
9,10,3,9788,PUSH,4,bhdefcgajplmnkio,-4,4,-1
9,10,4,9788,POP,-1,bchdfagljpionkme
9,10,0,9789,DEL_CUTOFF,-1
9,10,1,9789,DEL_CUTOFF,-4
9,10,2,9789,PUSH,-1,bchdgajefklinopm,-4,4,-1,1
9,10,3,9789,DEL_CUTOFF,-1
9,10,4,9789,DEL_EXPLORED,4
9,10,0,9790,DEL_CUTOFF,4
9,10,1,9790,POP,-1,bgchfeldajpinkom
9,10,2,9790,DEL_EXPLORED,1
9,10,3,9790,DEL_CUTOFF,4
9,10,4,9790,PUSH,-4,bcadfghljpionkme,4,-1,1
9,10,0,9791,DEL_EXPLORED,-4
9,10,1,9791,PUSH,4,bgchfeldjkpinaom,-4,-1,1
9,10,2,9791,DEL_CUTOFF,-1
9,10,3,9791,DEL_EXPLORED,-4
9,10,4,9791,DEL_CUTOFF,1
9,10,0,9792,POP,4,bgchflodjpaenkmi
9,10,1,9792,DEL_CUTOFF,1
9,10,2,9792,DEL_CUTOFF,4
9,10,3,9792,POP,4,bhdefcgajplmnkio
9,10,4,9792,DEL_CUTOFF,-1
9,10,0,9793,PUSH,-4,bgahflcdjpoenkmi,4,-1,1
9,10,1,9793,DEL_CUTOFF,-1
9,10,2,9793,DEL_CUTOFF,-4
9,10,3,9793,POP,1,bhdafcgejplmnkio
9,10,4,9793,DEL_EXPLORED,4
9,10,0,9794,DEL_CUTOFF,1
9,10,1,9794,DEL_EXPLORED,-4
9,10,2,9794,POP,-1,bchdgajefklinopm
9,10,3,9794,DEL_EXPLORED,-1
9,10,4,9794,POP,-4,bcadfghljpionkme
9,10,0,9795,DEL_CUTOFF,-1
9,10,1,9795,POP,4,bgchfeldjkpinaom
9,10,2,9795,DEL_EXPLORED,4
9,10,3,9795,PUSH,4,bhgdfcaejplmnkio,-4,4,-1,1
9,10,4,9795,POP,-4,bchdfgaljpionkme
9,10,0,9796,DEL_EXPLORED,4
9,10,1,9796,PUSH,-4,bgchfaldjepinkom,-4,4,-1,1
9,10,2,9796,PUSH,-4,bcadgjhefklinopm,4,-1,1
9,10,3,9796,PUSH,1,bhgdfceajplmnkio,-4,4,-1
9,10,4,9796,POP,-1,bchdfgiljpaonkme
9,10,0,9797,POP,-4,bgahflcdjpoenkmi
9,10,1,9797,DEL_CUTOFF,1
9,10,2,9797,DEL_CUTOFF,1
9,10,3,9797,DEL_EXPLORED,-1
9,10,4,9797,DEL_EXPLORED,4
9,10,0,9798,POP,1,bgchfladjpoenkmi
9,10,1,9798,DEL_CUTOFF,-1
9,10,2,9798,DEL_CUTOFF,-1
9,10,3,9798,DEL_CUTOFF,4
9,10,4,9798,PUSH,-4,bchdfgiajpolnkme,-4,4,-1
9,10,0,9799,PUSH,-1,bgchafldjpoenkmi,-4,4,1
9,10,1,9799,DEL_EXPLORED,4
9,10,2,9799,DEL_EXPLORED,4
9,10,3,9799,DEL_CUTOFF,-4
9,10,4,9799,PUSH,-1,bchdfgaijpolnkme,-4,4,-1,1
9,10,0,9800,DEL_EXPLORED,1
9,10,1,9800,DEL_CUTOFF,-4
9,10,2,9800,POP,-4,bcadgjhefklinopm
9,10,3,9800,POP,1,bhgdfceajplmnkio
9,10,4,9800,DEL_EXPLORED,1
9,10,0,9801,PUSH,4,bgchjfldapoenkmi,-4,4,1
9,10,1,9801,POP,-4,bgchfaldjepinkom
9,10,2,9801,POP,-4,bchdgjaefklinopm
9,10,3,9801,PUSH,-1,bhgdfacejplmnkio,-4,4,-1,1
9,10,4,9801,PUSH,-1,bchdfagijpolnkme,-4,4,-1,1
9,10,0,9802,DEL_CUTOFF,1
9,10,1,9802,POP,-1,bgchfeldjapinkom
9,10,2,9802,POP,-4,bchdgjlefkainopm
9,10,3,9802,DEL_EXPLORED,1
9,10,4,9802,DEL_EXPLORED,1
9,10,0,9803,DEL_CUTOFF,4
9,10,1,9803,PUSH,4,bgchfeldjpoinkam,-4,-1,1
9,10,2,9803,POP,1,bchdgjlefkpinoam
9,10,3,9803,DEL_CUTOFF,-1
9,10,4,9803,DEL_CUTOFF,-1
9,10,0,9804,DEL_EXPLORED,-4
9,10,1,9804,PUSH,1,bgchfeldjpoinkma,-4,-1
9,10,2,9804,PUSH,-1,bchdgjlefkpianom,-4,1
9,10,3,9804,DEL_CUTOFF,4
9,10,4,9804,DEL_CUTOFF,4
9,10,0,9805,POP,4,bgchjfldapoenkmi
9,10,1,9805,DEL_EXPLORED,-1
9,10,2,9805,DEL_EXPLORED,1
9,10,3,9805,DEL_CUTOFF,-4
9,10,4,9805,DEL_CUTOFF,-4
9,10,0,9806,PUSH,-4,agchbfldjpoenkmi,4,1
9,10,1,9806,DEL_CUTOFF,-4
9,10,2,9806,PUSH,-4,bchdgjleakpifnom,-4,4,1
9,10,3,9806,POP,-1,bhgdfacejplmnkio
9,10,4,9806,POP,-1,bchdfagijpolnkme
9,10,0,9807,DEL_CUTOFF,1
9,10,1,9807,POP,1,bgchfeldjpoinkma
9,10,2,9807,PUSH,1,bchdgjlekapifnom,-4,4,-1,1
9,10,3,9807,PUSH,4,bhgdfclejpamnkio,-4,4,-1,1
9,10,4,9807,PUSH,4,bchdfgoijpalnkme,-4,4,-1,1
9,10,0,9808,DEL_EXPLORED,4
9,10,1,9808,PUSH,-1,bgchfeldjpoinakm,-4,-1,1
9,10,2,9808,PUSH,1,bchdgjlekpaifnom,-4,4,-1,1
9,10,3,9808,DEL_CUTOFF,1
9,10,4,9808,DEL_CUTOFF,1
9,10,0,9809,POP,-4,agchbfldjpoenkmi
9,10,1,9809,DEL_EXPLORED,1
9,10,2,9809,DEL_CUTOFF,1
9,10,3,9809,DEL_CUTOFF,-1
9,10,4,9809,DEL_CUTOFF,-1
9,10,0,9810,POP,-1,bgchafldjpoenkmi
9,10,1,9810,DEL_CUTOFF,-1
9,10,2,9810,DEL_EXPLORED,-1
9,10,3,9810,DEL_CUTOFF,4
9,10,4,9810,DEL_CUTOFF,4
9,10,0,9811,PUSH,4,bgchfpldjaoenkmi,-4,4,-1,1
9,10,1,9811,DEL_CUTOFF,-4
9,10,2,9811,DEL_CUTOFF,4
9,10,3,9811,DEL_EXPLORED,-4
9,10,4,9811,DEL_EXPLORED,-4
9,10,0,9812,PUSH,1,bgchfpldjoaenkmi,-4,4,-1,1
9,10,1,9812,POP,-1,bgchfeldjpoinakm
9,10,2,9812,DEL_CUTOFF,-4
9,10,3,9812,POP,4,bhgdfclejpamnkio
9,10,4,9812,POP,4,bchdfgoijpalnkme
9,10,0,9813,DEL_CUTOFF,1
9,10,1,9813,DEL_EXPLORED,-4
9,10,2,9813,POP,1,bchdgjlekpaifnom
9,10,3,9813,DEL_EXPLORED,-4
9,10,4,9813,PUSH,-4,bcadfghijpolnkme,4,-1,1
9,10,0,9814,DEL_EXPLORED,-1
9,10,1,9814,POP,4,bgchfeldjpoinkam
9,10,2,9814,DEL_EXPLORED,-1
9,10,3,9814,POP,4,bhgdfcaejplmnkio
9,10,4,9814,DEL_CUTOFF,1
9,10,0,9815,DEL_CUTOFF,4
9,10,1,9815,DEL_EXPLORED,-4
9,10,2,9815,PUSH,4,bchdgjleknpifaom,-4,-1,1
9,10,3,9815,POP,1,bhadfcgejplmnkio
9,10,4,9815,DEL_CUTOFF,-1
9,10,0,9816,DEL_CUTOFF,-4
9,10,1,9816,POP,4,bgchfeldjpainkom
9,10,2,9816,DEL_CUTOFF,1
9,10,3,9816,PUSH,-1,abhdfcgejplmnkio,4,1
9,10,4,9816,DEL_EXPLORED,4
9,10,0,9817,POP,1,bgchfpldjoaenkmi
9,10,1,9817,PUSH,-4,bgahfecdjplinkom,4,-1,1
9,10,2,9817,DEL_CUTOFF,-1
9,10,3,9817,DEL_EXPLORED,1
9,10,4,9817,POP,-4,bcadfghijpolnkme
9,10,0,9818,PUSH,-1,bgchfpldajoenkmi,-4,4,1
9,10,1,9818,PUSH,1,bghafecdjplinkom,4,-1
9,10,2,9818,DEL_EXPLORED,-4
9,10,3,9818,PUSH,4,fbhdacgejplmnkio,-4,4,1
9,10,4,9818,POP,-1,bchdfgaijpolnkme
9,10,0,9819,DEL_EXPLORED,1
9,10,1,9819,DEL_EXPLORED,-1
9,10,2,9819,POP,4,bchdgjleknpifaom
9,10,3,9819,PUSH,1,fbhdcagejplmnkio,-4,4,-1,1
9,10,4,9819,DEL_EXPLORED,4
9,10,0,9820,DEL_CUTOFF,4
9,10,1,9820,PUSH,4,bghdfecajplinkom,-4,4,-1
9,10,2,9820,PUSH,-4,bchdgalekjpifnom,-4,4,-1,1
9,10,3,9820,DEL_CUTOFF,1
9,10,4,9820,PUSH,-4,bchafgidjpolnkme,4,-1
9,10,0,9821,DEL_CUTOFF,-4
9,10,1,9821,DEL_CUTOFF,-1
9,10,2,9821,DEL_CUTOFF,1
9,10,3,9821,DEL_EXPLORED,-1
9,10,4,9821,PUSH,-1,bcahfgidjpolnkme,4,-1,1
9,10,0,9822,POP,-1,bgchfpldajoenkmi
9,10,1,9822,DEL_CUTOFF,4
9,10,2,9822,DEL_CUTOFF,-1
9,10,3,9822,DEL_CUTOFF,4
9,10,4,9822,DEL_EXPLORED,1
9,10,0,9823,PUSH,4,bgchfpldjkoenami,-4,-1,1
9,10,1,9823,DEL_EXPLORED,-4
9,10,2,9823,DEL_EXPLORED,4
9,10,3,9823,DEL_CUTOFF,-4
9,10,4,9823,DEL_CUTOFF,-1
9,10,0,9824,DEL_CUTOFF,1
9,10,1,9824,POP,4,bghdfecajplinkom
9,10,2,9824,DEL_CUTOFF,-4
9,10,3,9824,POP,1,fbhdcagejplmnkio
9,10,4,9824,DEL_CUTOFF,4
9,10,0,9825,DEL_CUTOFF,-1
9,10,1,9825,POP,1,bghafecdjplinkom
9,10,2,9825,POP,-4,bchdgalekjpifnom
9,10,3,9825,PUSH,4,fbhdjcgeaplmnkio,-4,4,1
9,10,4,9825,POP,-1,bcahfgidjpolnkme
9,10,0,9826,DEL_EXPLORED,-4
9,10,1,9826,PUSH,-1,baghfecdjplinkom,4,-1,1
9,10,2,9826,POP,1,bchdgjlekapifnom
9,10,3,9826,DEL_CUTOFF,1
9,10,4,9826,DEL_EXPLORED,4
9,10,0,9827,POP,4,bgchfpldjkoenami
9,10,1,9827,DEL_EXPLORED,1
9,10,2,9827,DEL_EXPLORED,4
9,10,3,9827,DEL_CUTOFF,4
9,10,4,9827,POP,-4,bchafgidjpolnkme
9,10,0,9828,DEL_EXPLORED,-4
9,10,1,9828,PUSH,-1,abghfecdjplinkom,4,1
9,10,2,9828,PUSH,-4,bchdajlegkpifnom,-4,4,1
9,10,3,9828,DEL_EXPLORED,-4
9,10,4,9828,POP,-4,bchdfgiajpolnkme
9,10,0,9829,POP,4,bgchfpldjaoenkmi
9,10,1,9829,DEL_EXPLORED,1
9,10,2,9829,PUSH,1,bchdjalegkpifnom,-4,4,-1,1
9,10,3,9829,POP,4,fbhdjcgeaplmnkio
9,10,4,9829,POP,-4,bchdfgiljpoankme
9,10,0,9830,DEL_EXPLORED,-4
9,10,1,9830,DEL_CUTOFF,4
9,10,2,9830,DEL_CUTOFF,1
9,10,3,9830,DEL_EXPLORED,-4
9,10,4,9830,POP,1,bchdfgiljpoenkma
9,10,0,9831,POP,4,bgchfaldjpoenkmi
9,10,1,9831,POP,-1,abghfecdjplinkom
9,10,2,9831,DEL_EXPLORED,-1
9,10,3,9831,POP,4,fbhdacgejplmnkio
9,10,4,9831,PUSH,-1,bchdfgiljpoenakm,-4,-1,1
9,10,0,9832,POP,-1,bachfgldjpoenkmi
9,10,1,9832,PUSH,4,beghfacdjplinkom,-4,4,-1,1
9,10,2,9832,DEL_CUTOFF,4
9,10,3,9832,POP,-1,abhdfcgejplmnkio
9,10,4,9832,DEL_EXPLORED,1
9,10,0,9833,PUSH,4,bclhfgadjpoenkmi,-4,4,-1,1
9,10,1,9833,DEL_CUTOFF,1
9,10,2,9833,DEL_CUTOFF,-4
9,10,3,9833,DEL_EXPLORED,4
9,10,4,9833,PUSH,-1,bchdfgiljpoeankm,-4,1
9,10,0,9834,PUSH,1,bclhfgdajpoenkmi,-4,4,-1
9,10,1,9834,DEL_CUTOFF,-1
9,10,2,9834,POP,1,bchdjalegkpifnom
9,10,3,9834,POP,-4,bahdfcgejplmnkio
9,10,4,9834,DEL_EXPLORED,1
9,10,0,9835,DEL_EXPLORED,-1
9,10,1,9835,DEL_CUTOFF,4
9,10,2,9835,DEL_EXPLORED,4
9,10,3,9835,POP,-1,bchdfagejplmnkio
9,10,4,9835,PUSH,-4,bchdfgilapoejnkm,-4,4,1
9,10,0,9836,PUSH,4,bclhfgdejpoankmi,-4,4,-1
9,10,1,9836,DEL_EXPLORED,-4
9,10,2,9836,PUSH,-4,achdbjlegkpifnom,4,1
9,10,3,9836,DEL_EXPLORED,4
9,10,4,9836,PUSH,1,bchdfgilpaoejnkm,-4,4,-1,1
9,10,0,9837,PUSH,-1,bclhfgdejpaonkmi,-4,4,-1,1
9,10,1,9837,POP,4,beghfacdjplinkom
9,10,2,9837,DEL_CUTOFF,1
9,10,3,9837,PUSH,-4,bcadfghejplmnkio,4,-1,1
9,10,4,9837,PUSH,1,bchdfgilpoaejnkm,-4,4,-1,1
9,10,0,9838,DEL_EXPLORED,1
9,10,1,9838,POP,-1,baghfecdjplinkom
9,10,2,9838,DEL_EXPLORED,4
9,10,3,9838,PUSH,1,bcdafghejplmnkio,4,-1
9,10,4,9838,DEL_CUTOFF,1
9,10,0,9839,DEL_CUTOFF,-1
9,10,1,9839,DEL_EXPLORED,4
9,10,2,9839,POP,-4,achdbjlegkpifnom
9,10,3,9839,DEL_EXPLORED,-1
9,10,4,9839,DEL_EXPLORED,-1
9,10,0,9840,DEL_CUTOFF,4
9,10,1,9840,POP,-4,bgahfecdjplinkom
9,10,2,9840,POP,-4,bchdajlegkpifnom
9,10,3,9840,PUSH,4,bcdefghajplmnkio,-4,4,-1
9,10,4,9840,DEL_CUTOFF,4
9,10,0,9841,DEL_CUTOFF,-4
9,10,1,9841,POP,1,bgchfeadjplinkom
9,10,2,9841,POP,-4,bchdgjleakpifnom
9,10,3,9841,PUSH,-1,bcdefgahjplmnkio,-4,4,-1,1
9,10,4,9841,DEL_CUTOFF,-4
9,10,0,9842,POP,-1,bclhfgdejpaonkmi
9,10,1,9842,PUSH,-1,bgchafedjplinkom,-4,4,1
9,10,2,9842,POP,-1,bchdgjlefkpianom
9,10,3,9842,DEL_EXPLORED,1
9,10,4,9842,POP,1,bchdfgilpoaejnkm
9,10,0,9843,PUSH,4,bclhfgdejpoinkma,-4,-1
9,10,1,9843,DEL_EXPLORED,1
9,10,2,9843,DEL_EXPLORED,-4
9,10,3,9843,PUSH,-1,bcdefaghjplmnkio,-4,4,-1,1
9,10,4,9843,DEL_EXPLORED,-1
9,10,0,9844,DEL_CUTOFF,-1
9,10,1,9844,PUSH,4,bgchjfedaplinkom,-4,4,1
9,10,2,9844,POP,4,bchdgjlefkpinaom
9,10,3,9844,DEL_EXPLORED,1
9,10,4,9844,PUSH,4,bchdfgilpnoejakm,-4,-1,1
9,10,0,9845,DEL_EXPLORED,-4
9,10,1,9845,PUSH,1,bgchjfedpalinkom,-4,4,-1,1
9,10,2,9845,DEL_EXPLORED,-4
9,10,3,9845,DEL_CUTOFF,-1
9,10,4,9845,DEL_CUTOFF,1
9,10,0,9846,POP,4,bclhfgdejpoinkma
9,10,1,9846,PUSH,1,bgchjfedplainkom,-4,4,-1,1
9,10,2,9846,POP,4,bchdgjlefapinkom
9,10,3,9846,DEL_CUTOFF,4
9,10,4,9846,DEL_CUTOFF,-1
9,10,0,9847,DEL_EXPLORED,-4
9,10,1,9847,DEL_CUTOFF,1
9,10,2,9847,PUSH,-4,bahdgclefjpinkom,4,-1,1
9,10,3,9847,DEL_CUTOFF,-4
9,10,4,9847,DEL_EXPLORED,-4
9,10,0,9848,POP,4,bclhfgdejpoankmi
9,10,1,9848,DEL_EXPLORED,-1
9,10,2,9848,PUSH,1,bhadgclefjpinkom,4,-1,1
9,10,3,9848,POP,-1,bcdefaghjplmnkio
9,10,4,9848,POP,4,bchdfgilpnoejakm
9,10,0,9849,PUSH,-4,bclafgdhjpoenkmi,4,-1
9,10,1,9849,DEL_CUTOFF,4
9,10,2,9849,PUSH,1,bhdagclefjpinkom,4,-1
9,10,3,9849,PUSH,4,bcdefglhjpamnkio,-4,4,-1,1
9,10,4,9849,PUSH,-4,bchdfailpgoejnkm,-4,4,-1,1
9,10,0,9850,PUSH,-1,bcalfgdhjpoenkmi,4,-1,1
9,10,1,9850,DEL_CUTOFF,-4
9,10,2,9850,DEL_EXPLORED,-1
9,10,3,9850,DEL_CUTOFF,1
9,10,4,9850,DEL_CUTOFF,1
9,10,0,9851,DEL_EXPLORED,1
9,10,1,9851,POP,1,bgchjfedplainkom
9,10,2,9851,PUSH,4,bhdegclafjpinkom,-4,4,-1
9,10,3,9851,DEL_CUTOFF,-1
9,10,4,9851,DEL_CUTOFF,-1
9,10,0,9852,DEL_CUTOFF,-1
9,10,1,9852,DEL_EXPLORED,-1
9,10,2,9852,PUSH,-1,bhdegcalfjpinkom,-4,4,-1,1
9,10,3,9852,DEL_CUTOFF,4
9,10,4,9852,DEL_EXPLORED,4
9,10,0,9853,DEL_CUTOFF,4
9,10,1,9853,PUSH,4,bgchjfedpklinaom,-4,-1,1
9,10,2,9853,DEL_EXPLORED,1
9,10,3,9853,DEL_EXPLORED,-4
9,10,4,9853,DEL_CUTOFF,-4
9,10,0,9854,POP,-1,bcalfgdhjpoenkmi
9,10,1,9854,DEL_CUTOFF,1
9,10,2,9854,PUSH,-1,bhdegaclfjpinkom,-4,4,-1,1
9,10,3,9854,POP,4,bcdefglhjpamnkio
9,10,4,9854,POP,-4,bchdfailpgoejnkm
9,10,0,9855,DEL_EXPLORED,4
9,10,1,9855,DEL_CUTOFF,-1
9,10,2,9855,DEL_EXPLORED,1
9,10,3,9855,PUSH,-4,bcaefgdhjplmnkio,4,-1,1
9,10,4,9855,POP,1,bchdfgilpaoejnkm
9,10,0,9856,POP,-4,bclafgdhjpoenkmi
9,10,1,9856,DEL_EXPLORED,-4
9,10,2,9856,DEL_CUTOFF,-1
9,10,3,9856,DEL_CUTOFF,1
9,10,4,9856,DEL_EXPLORED,4
9,10,0,9857,POP,1,bclhfgdajpoenkmi
9,10,1,9857,POP,4,bgchjfedpklinaom
9,10,2,9857,DEL_CUTOFF,4
9,10,3,9857,DEL_CUTOFF,-1
9,10,4,9857,PUSH,-4,bchdagilfpoejnkm,-4,4,1
9,10,0,9858,PUSH,-1,bclhfagdjpoenkmi,-4,4,-1,1
9,10,1,9858,PUSH,-4,bgchjaedpflinkom,-4,4,-1,1
9,10,2,9858,DEL_CUTOFF,-4
9,10,3,9858,DEL_EXPLORED,4
9,10,4,9858,PUSH,1,bchdgailfpoejnkm,-4,4,-1,1
9,10,0,9859,DEL_EXPLORED,1
9,10,1,9859,DEL_CUTOFF,1
9,10,2,9859,POP,-1,bhdegaclfjpinkom
9,10,3,9859,POP,-4,bcaefgdhjplmnkio
9,10,4,9859,DEL_CUTOFF,1
9,10,0,9860,PUSH,-1,bclhafgdjpoenkmi,-4,4,1
9,10,1,9860,DEL_CUTOFF,-1
9,10,2,9860,PUSH,4,bhdegcplfjainkom,-4,4,-1,1
9,10,3,9860,POP,-1,bcdefgahjplmnkio
9,10,4,9860,DEL_EXPLORED,-1
9,10,0,9861,DEL_EXPLORED,1
9,10,1,9861,DEL_EXPLORED,4
9,10,2,9861,DEL_CUTOFF,1
9,10,3,9861,PUSH,4,bcdefghmjplankio,-4,4,-1
9,10,4,9861,DEL_CUTOFF,4
9,10,0,9862,PUSH,4,bclhjfgdapoenkmi,-4,4,1
9,10,1,9862,DEL_CUTOFF,-4
9,10,2,9862,DEL_CUTOFF,-1
9,10,3,9862,PUSH,-1,bcdefghmjpalnkio,-4,4,-1,1
9,10,4,9862,DEL_CUTOFF,-4
9,10,0,9863,DEL_CUTOFF,1
9,10,1,9863,POP,-4,bgchjaedpflinkom
9,10,2,9863,DEL_CUTOFF,4
9,10,3,9863,DEL_EXPLORED,1
9,10,4,9863,POP,1,bchdgailfpoejnkm
9,10,0,9864,DEL_CUTOFF,4
9,10,1,9864,POP,1,bgchjfedpalinkom
9,10,2,9864,DEL_EXPLORED,-4
9,10,3,9864,DEL_CUTOFF,-1
9,10,4,9864,DEL_EXPLORED,4
9,10,0,9865,DEL_EXPLORED,-4
9,10,1,9865,PUSH,4,bgchjfednpliakom,-4,1
9,10,2,9865,POP,4,bhdegcplfjainkom
9,10,3,9865,DEL_CUTOFF,4
9,10,4,9865,PUSH,-4,achdbgilfpoejnkm,4,1
9,10,0,9866,POP,4,bclhjfgdapoenkmi
9,10,1,9866,PUSH,1,bgchjfednplikaom,-4,-1,1
9,10,2,9866,PUSH,-4,bhaegcdlfjpinkom,4,-1,1
9,10,3,9866,DEL_CUTOFF,-4
9,10,4,9866,DEL_CUTOFF,1
9,10,0,9867,PUSH,-4,aclhbfgdjpoenkmi,4,1
9,10,1,9867,DEL_CUTOFF,1
9,10,2,9867,DEL_CUTOFF,1
9,10,3,9867,POP,-1,bcdefghmjpalnkio
9,10,4,9867,DEL_EXPLORED,4
9,10,0,9868,DEL_CUTOFF,1
9,10,1,9868,DEL_EXPLORED,-1
9,10,2,9868,DEL_CUTOFF,-1
9,10,3,9868,PUSH,4,bcdefghmjplonkia,-4,-1
9,10,4,9868,POP,-4,achdbgilfpoejnkm
9,10,0,9869,DEL_EXPLORED,4
9,10,1,9869,DEL_CUTOFF,-4
9,10,2,9869,DEL_EXPLORED,4
9,10,3,9869,DEL_CUTOFF,-1
9,10,4,9869,POP,-4,bchdagilfpoejnkm
9,10,0,9870,POP,-4,aclhbfgdjpoenkmi
9,10,1,9870,POP,1,bgchjfednplikaom
9,10,2,9870,POP,-4,bhaegcdlfjpinkom
9,10,3,9870,DEL_EXPLORED,-4
9,10,4,9870,POP,-4,bchdfgilapoejnkm
9,10,0,9871,POP,-1,bclhafgdjpoenkmi
9,10,1,9871,DEL_EXPLORED,-4
9,10,2,9871,POP,-1,bhdegcalfjpinkom
9,10,3,9871,POP,4,bcdefghmjplonkia
9,10,4,9871,POP,-1,bchdfgiljpoeankm
9,10,0,9872,PUSH,4,bclhfpgdjaoenkmi,-4,4,-1,1
9,10,1,9872,POP,4,bgchjfednpliakom
9,10,2,9872,PUSH,4,bhdegclifjpankom,-4,4,-1
9,10,3,9872,DEL_EXPLORED,-4
9,10,4,9872,PUSH,-4,bchdfgiljaoenpkm,-4,4,-1,1
9,10,0,9873,PUSH,1,bclhfpgdjoaenkmi,-4,4,-1,1
9,10,1,9873,DEL_EXPLORED,-4
9,10,2,9873,PUSH,-1,bhdegclifjapnkom,-4,4,-1,1
9,10,3,9873,POP,4,bcdefghmjplankio
9,10,4,9873,PUSH,1,bchdfgiljoaenpkm,-4,4,-1,1
9,10,0,9874,DEL_CUTOFF,1
9,10,1,9874,POP,4,bgchjfedaplinkom
9,10,2,9874,DEL_EXPLORED,1
9,10,3,9874,DEL_EXPLORED,-4
9,10,4,9874,PUSH,1,bchdfgiljoeanpkm,-4,4,-1
9,10,0,9875,DEL_EXPLORED,-1
9,10,1,9875,PUSH,-4,agchbfedjplinkom,4,1
9,10,2,9875,DEL_CUTOFF,-1
9,10,3,9875,POP,4,bcdefghajplmnkio
9,10,4,9875,DEL_EXPLORED,-1
9,10,0,9876,DEL_CUTOFF,4
9,10,1,9876,PUSH,1,gachbfedjplinkom,4,-1,1
9,10,2,9876,DEL_CUTOFF,4
9,10,3,9876,POP,1,bcdafghejplmnkio
9,10,4,9876,PUSH,4,bchdfgiljoemnpka,-4,-1
9,10,0,9877,DEL_CUTOFF,-4
9,10,1,9877,PUSH,1,gcahbfedjplinkom,4,-1,1
9,10,2,9877,DEL_CUTOFF,-4
9,10,3,9877,PUSH,-1,bacdfghejplmnkio,4,-1,1
9,10,4,9877,DEL_CUTOFF,-1
9,10,0,9878,POP,1,bclhfpgdjoaenkmi
9,10,1,9878,DEL_CUTOFF,1
9,10,2,9878,POP,-1,bhdegclifjapnkom
9,10,3,9878,DEL_EXPLORED,1
9,10,4,9878,DEL_EXPLORED,-4
9,10,0,9879,PUSH,-1,bclhfpgdajoenkmi,-4,4,1
9,10,1,9879,DEL_EXPLORED,-1
9,10,2,9879,PUSH,4,bhdegclifjpmnkoa,-4,-1
9,10,3,9879,PUSH,-1,abcdfghejplmnkio,4,1
9,10,4,9879,POP,4,bchdfgiljoemnpka
9,10,0,9880,DEL_EXPLORED,1
9,10,1,9880,DEL_CUTOFF,4
9,10,2,9880,DEL_CUTOFF,-1
9,10,3,9880,DEL_EXPLORED,1
9,10,4,9880,PUSH,-4,bchdfgiajoelnpkm,-4,4,-1
9,10,0,9881,DEL_CUTOFF,4
9,10,1,9881,POP,1,gcahbfedjplinkom
9,10,2,9881,DEL_EXPLORED,-4
9,10,3,9881,PUSH,4,fbcdaghejplmnkio,-4,4,1
9,10,4,9881,DEL_CUTOFF,-1
9,10,0,9882,DEL_CUTOFF,-4
9,10,1,9882,DEL_EXPLORED,-1
9,10,2,9882,POP,4,bhdegclifjpmnkoa
9,10,3,9882,PUSH,1,fbcdgahejplmnkio,-4,4,-1,1
9,10,4,9882,DEL_EXPLORED,4
9,10,0,9883,POP,-1,bclhfpgdajoenkmi
9,10,1,9883,PUSH,4,gfchbaedjplinkom,-4,4,-1,1
9,10,2,9883,DEL_EXPLORED,-4
9,10,3,9883,DEL_CUTOFF,1
9,10,4,9883,DEL_CUTOFF,-4
9,10,0,9884,PUSH,4,bclhfpgdjkoenami,-4,-1,1
9,10,1,9884,DEL_CUTOFF,1
9,10,2,9884,POP,4,bhdegclifjpankom
9,10,3,9884,DEL_EXPLORED,-1
9,10,4,9884,POP,-4,bchdfgiajoelnpkm
9,10,0,9885,DEL_CUTOFF,1
9,10,1,9885,DEL_CUTOFF,-1
9,10,2,9885,DEL_EXPLORED,-4
9,10,3,9885,DEL_CUTOFF,4
9,10,4,9885,POP,1,bchdfgiljoeanpkm
9,10,0,9886,DEL_CUTOFF,-1
9,10,1,9886,DEL_CUTOFF,4
9,10,2,9886,POP,4,bhdegclafjpinkom
9,10,3,9886,DEL_CUTOFF,-4
9,10,4,9886,DEL_EXPLORED,-1
9,10,0,9887,DEL_EXPLORED,-4
9,10,1,9887,DEL_EXPLORED,-4
9,10,2,9887,POP,1,bhdagclefjpinkom
9,10,3,9887,POP,1,fbcdgahejplmnkio
9,10,4,9887,PUSH,4,bchdfgiljokenpam,-4,-1,1
9,10,0,9888,POP,4,bclhfpgdjkoenami
9,10,1,9888,POP,4,gfchbaedjplinkom
9,10,2,9888,DEL_EXPLORED,-1
9,10,3,9888,PUSH,4,fbcdjgheaplmnkio,-4,4,1
9,10,4,9888,PUSH,1,bchdfgiljokenpma,-4,-1
9,10,0,9889,DEL_EXPLORED,-4
9,10,1,9889,POP,1,gachbfedjplinkom
9,10,2,9889,PUSH,4,bhldgcaefjpinkom,-4,4,-1,1
9,10,3,9889,DEL_CUTOFF,1
9,10,4,9889,DEL_EXPLORED,-1
9,10,0,9890,POP,4,bclhfpgdjaoenkmi
9,10,1,9890,DEL_EXPLORED,4
9,10,2,9890,PUSH,1,bhldgceafjpinkom,-4,4,-1
9,10,3,9890,DEL_CUTOFF,4
9,10,4,9890,DEL_CUTOFF,-4
9,10,0,9891,PUSH,-4,balhfcgdjpoenkmi,4,-1,1
9,10,1,9891,POP,-4,agchbfedjplinkom
9,10,2,9891,DEL_EXPLORED,-1
9,10,3,9891,DEL_EXPLORED,-4
9,10,4,9891,POP,1,bchdfgiljokenpma
9,10,0,9892,PUSH,1,blahfcgdjpoenkmi,4,-1,1
9,10,1,9892,POP,-1,bgchafedjplinkom
9,10,2,9892,PUSH,4,bhldgceifjpankom,-4,4,-1
9,10,3,9892,POP,4,fbcdjgheaplmnkio
9,10,4,9892,PUSH,-1,bchdfgiljokenapm,-4,-1,1
9,10,0,9893,DEL_CUTOFF,1
9,10,1,9893,PUSH,4,bgchfpedjalinkom,-4,4,-1,1
9,10,2,9893,PUSH,-1,bhldgceifjapnkom,-4,4,-1,1
9,10,3,9893,DEL_EXPLORED,-4
9,10,4,9893,DEL_EXPLORED,1
9,10,0,9894,DEL_EXPLORED,-1
9,10,1,9894,PUSH,1,bgchfpedjlainkom,-4,4,-1,1
9,10,2,9894,DEL_EXPLORED,1
9,10,3,9894,POP,4,fbcdaghejplmnkio
9,10,4,9894,DEL_CUTOFF,-1
9,10,0,9895,DEL_CUTOFF,4
9,10,1,9895,PUSH,1,bgchfpedjliankom,-4,4,-1
9,10,2,9895,DEL_CUTOFF,-1
9,10,3,9895,POP,-1,abcdfghejplmnkio
9,10,4,9895,DEL_CUTOFF,-4
9,10,0,9896,POP,1,blahfcgdjpoenkmi
9,10,1,9896,DEL_EXPLORED,-1
9,10,2,9896,DEL_CUTOFF,4
9,10,3,9896,PUSH,4,bgcdfahejplmnkio,-4,4,-1,1
9,10,4,9896,POP,-1,bchdfgiljokenapm
9,10,0,9897,PUSH,-1,ablhfcgdjpoenkmi,4,1
9,10,1,9897,PUSH,4,bgchfpedjlimnkoa,-4,-1
9,10,2,9897,DEL_CUTOFF,-4
9,10,3,9897,PUSH,1,bgcdfhaejplmnkio,-4,4,-1,1
9,10,4,9897,DEL_EXPLORED,-4
9,10,0,9898,DEL_EXPLORED,1
9,10,1,9898,DEL_CUTOFF,-1
9,10,2,9898,POP,-1,bhldgceifjapnkom
9,10,3,9898,PUSH,1,bgcdfheajplmnkio,-4,4,-1
9,10,4,9898,POP,4,bchdfgiljokenpam
9,10,0,9899,DEL_CUTOFF,4
9,10,1,9899,DEL_EXPLORED,-4
9,10,2,9899,PUSH,4,bhldgceifjpmnkoa,-4,-1
9,10,3,9899,DEL_EXPLORED,-1
9,10,4,9899,PUSH,-4,bchdfgaljoienpkm,-4,4,-1,1
9,10,0,9900,POP,-1,ablhfcgdjpoenkmi
9,10,1,9900,POP,4,bgchfpedjlimnkoa
9,10,2,9900,DEL_CUTOFF,-1
9,10,3,9900,DEL_CUTOFF,4
9,10,4,9900,PUSH,1,bchdfglajoienpkm,-4,4,-1
9,10,0,9901,DEL_EXPLORED,4
9,10,1,9901,PUSH,-4,bgchfpeajlidnkom,-4,4,-1
9,10,2,9901,DEL_EXPLORED,-4
9,10,3,9901,DEL_CUTOFF,-4
9,10,4,9901,DEL_EXPLORED,-1
9,10,0,9902,POP,-4,balhfcgdjpoenkmi
9,10,1,9902,DEL_CUTOFF,-1
9,10,2,9902,POP,4,bhldgceifjpmnkoa
9,10,3,9902,POP,1,bgcdfheajplmnkio
9,10,4,9902,DEL_CUTOFF,4
9,10,0,9903,POP,-1,bclhfagdjpoenkmi
9,10,1,9903,DEL_EXPLORED,4
9,10,2,9903,DEL_EXPLORED,-4
9,10,3,9903,DEL_EXPLORED,-1
9,10,4,9903,DEL_CUTOFF,-4
9,10,0,9904,PUSH,4,bclhfgodjpaenkmi,-4,4,-1,1
9,10,1,9904,DEL_CUTOFF,-4
9,10,2,9904,POP,4,bhldgceifjpankom
9,10,3,9904,PUSH,4,bgcdfhlejpamnkio,-4,4,-1,1
9,10,4,9904,POP,1,bchdfglajoienpkm
9,10,0,9905,PUSH,1,bclhfgodjpeankmi,-4,4,-1
9,10,1,9905,POP,-4,bgchfpeajlidnkom
9,10,2,9905,PUSH,-4,bhlagcedfjpinkom,4,-1
9,10,3,9905,DEL_CUTOFF,1
9,10,4,9905,PUSH,-1,bchdfagljoienpkm,-4,4,-1,1
9,10,0,9906,DEL_EXPLORED,-1
9,10,1,9906,POP,1,bgchfpedjliankom
9,10,2,9906,PUSH,-1,bhalgcedfjpinkom,4,-1,1
9,10,3,9906,DEL_CUTOFF,-1
9,10,4,9906,DEL_EXPLORED,1
9,10,0,9907,PUSH,4,bclhfgodjpeinkma,-4,-1
9,10,1,9907,DEL_EXPLORED,-1
9,10,2,9907,DEL_EXPLORED,1
9,10,3,9907,DEL_CUTOFF,4
9,10,4,9907,DEL_CUTOFF,-1
9,10,0,9908,DEL_CUTOFF,-1
9,10,1,9908,PUSH,4,bgchfpedjloinkam,-4,-1,1
9,10,2,9908,DEL_CUTOFF,-1
9,10,3,9908,DEL_EXPLORED,-4
9,10,4,9908,DEL_CUTOFF,4
9,10,0,9909,DEL_EXPLORED,-4
9,10,1,9909,PUSH,1,bgchfpedjloinkma,-4,-1
9,10,2,9909,DEL_CUTOFF,4
9,10,3,9909,POP,4,bgcdfhlejpamnkio
9,10,4,9909,DEL_CUTOFF,-4
9,10,0,9910,POP,4,bclhfgodjpeinkma
9,10,1,9910,DEL_EXPLORED,-1
9,10,2,9910,POP,-1,bhalgcedfjpinkom
9,10,3,9910,PUSH,-4,bgadfhcejplmnkio,4,-1,1
9,10,4,9910,POP,-1,bchdfagljoienpkm
9,10,0,9911,PUSH,-4,bclhfgoajpednkmi,-4,4,-1
9,10,1,9911,DEL_CUTOFF,-4
9,10,2,9911,DEL_EXPLORED,4
9,10,3,9911,DEL_CUTOFF,1
9,10,4,9911,DEL_EXPLORED,4
9,10,0,9912,DEL_CUTOFF,-1
9,10,1,9912,POP,1,bgchfpedjloinkma
9,10,2,9912,POP,-4,bhlagcedfjpinkom
9,10,3,9912,DEL_CUTOFF,-1
9,10,4,9912,PUSH,-4,bcadfghljoienpkm,4,-1,1
9,10,0,9913,DEL_EXPLORED,4
9,10,1,9913,PUSH,-1,bgchfpedjloinakm,-4,-1,1
9,10,2,9913,POP,1,bhldgceafjpinkom
9,10,3,9913,DEL_EXPLORED,4
9,10,4,9913,DEL_CUTOFF,1
9,10,0,9914,DEL_CUTOFF,-4
9,10,1,9914,DEL_EXPLORED,1
9,10,2,9914,PUSH,-1,bhldgacefjpinkom,-4,4,-1,1
9,10,3,9914,POP,-4,bgadfhcejplmnkio
9,10,4,9914,DEL_CUTOFF,-1
9,10,0,9915,POP,-4,bclhfgoajpednkmi
9,10,1,9915,DEL_CUTOFF,-1
9,10,2,9915,DEL_EXPLORED,1
9,10,3,9915,POP,1,bgcdfhaejplmnkio
9,10,4,9915,DEL_EXPLORED,4
9,10,0,9916,POP,1,bclhfgodjpeankmi
9,10,1,9916,DEL_CUTOFF,-4
9,10,2,9916,PUSH,-1,bhldagcefjpinkom,-4,4,1
9,10,3,9916,PUSH,-1,bgcdafhejplmnkio,-4,4,1
9,10,4,9916,POP,-4,bcadfghljoienpkm
9,10,0,9917,PUSH,-1,bclhfgodjapenkmi,-4,4,-1,1
9,10,1,9917,POP,-1,bgchfpedjloinakm
9,10,2,9917,DEL_EXPLORED,1
9,10,3,9917,DEL_EXPLORED,1
9,10,4,9917,POP,-4,bchdfgaljoienpkm
9,10,0,9918,DEL_EXPLORED,1
9,10,1,9918,DEL_EXPLORED,-4
9,10,2,9918,PUSH,4,bhldfgceajpinkom,-4,4,1
9,10,3,9918,PUSH,4,bgcdjfheaplmnkio,-4,4,1
9,10,4,9918,POP,1,bchdfgiljoaenpkm
9,10,0,9919,PUSH,-1,bclhfgodajpenkmi,-4,4,1
9,10,1,9919,POP,4,bgchfpedjloinkam
9,10,2,9919,DEL_CUTOFF,1
9,10,3,9919,DEL_CUTOFF,1
9,10,4,9919,PUSH,-1,bchdfgilajoenpkm,-4,4,1
9,10,0,9920,DEL_EXPLORED,1
9,10,1,9920,PUSH,-4,bgchfpadjleinkom,-4,4,-1,1
9,10,2,9920,DEL_CUTOFF,4
9,10,3,9920,DEL_CUTOFF,4
9,10,4,9920,DEL_EXPLORED,1
9,10,0,9921,DEL_CUTOFF,4
9,10,1,9921,PUSH,1,bgchfpdajleinkom,-4,4,-1
9,10,2,9921,DEL_EXPLORED,-4
9,10,3,9921,DEL_EXPLORED,-4
9,10,4,9921,PUSH,4,bchdfgilnjoeapkm,-4,1
9,10,0,9922,DEL_CUTOFF,-4
9,10,1,9922,DEL_EXPLORED,-1
9,10,2,9922,POP,4,bhldfgceajpinkom
9,10,3,9922,POP,4,bgcdjfheaplmnkio
9,10,4,9922,PUSH,1,bchdfgilnjoepakm,-4,-1,1
9,10,0,9923,POP,-1,bclhfgodajpenkmi
9,10,1,9923,DEL_CUTOFF,4
9,10,2,9923,PUSH,-4,ahldbgcefjpinkom,4,1
9,10,3,9923,PUSH,-4,agcdbfhejplmnkio,4,1
9,10,4,9923,DEL_CUTOFF,1
9,10,0,9924,PUSH,4,bclhfgodjkpenami,-4,-1,1
9,10,1,9924,DEL_CUTOFF,-4
9,10,2,9924,DEL_CUTOFF,1
9,10,3,9924,DEL_CUTOFF,1
9,10,4,9924,DEL_EXPLORED,-1
9,10,0,9925,DEL_CUTOFF,1
9,10,1,9925,POP,1,bgchfpdajleinkom
9,10,2,9925,DEL_EXPLORED,4
9,10,3,9925,DEL_EXPLORED,4
9,10,4,9925,DEL_CUTOFF,-4
9,10,0,9926,DEL_CUTOFF,-1
9,10,1,9926,PUSH,-1,bgchfapdjleinkom,-4,4,-1,1
9,10,2,9926,POP,-4,ahldbgcefjpinkom
9,10,3,9926,POP,-4,agcdbfhejplmnkio
9,10,4,9926,POP,1,bchdfgilnjoepakm
9,10,0,9927,DEL_EXPLORED,-4
9,10,1,9927,DEL_EXPLORED,1
9,10,2,9927,POP,-1,bhldagcefjpinkom
9,10,3,9927,POP,-1,bgcdafhejplmnkio
9,10,4,9927,DEL_EXPLORED,-4
9,10,0,9928,POP,4,bclhfgodjkpenami
9,10,1,9928,DEL_CUTOFF,-1
9,10,2,9928,PUSH,4,bhldgjcefapinkom,-4,4,-1,1
9,10,3,9928,PUSH,4,bgcdfphejalmnkio,-4,4,-1,1
9,10,4,9928,POP,4,bchdfgilnjoeapkm
9,10,0,9929,PUSH,-4,bclhfaodjgpenkmi,-4,4,-1,1
9,10,1,9929,DEL_CUTOFF,4
9,10,2,9929,PUSH,1,bhldgjcefpainkom,-4,4,-1,1
9,10,3,9929,PUSH,1,bgcdfphejlamnkio,-4,4,-1,1
9,10,4,9929,PUSH,-4,bchdagilfjoenpkm,-4,4,1
9,10,0,9930,DEL_CUTOFF,1
9,10,1,9930,DEL_CUTOFF,-4
9,10,2,9930,DEL_CUTOFF,1
9,10,3,9930,DEL_CUTOFF,1
9,10,4,9930,PUSH,1,bchdgailfjoenpkm,-4,4,-1,1
9,10,0,9931,DEL_CUTOFF,-1
9,10,1,9931,POP,-1,bgchfapdjleinkom
9,10,2,9931,DEL_EXPLORED,-1
9,10,3,9931,DEL_EXPLORED,-1
9,10,4,9931,DEL_CUTOFF,1
9,10,0,9932,DEL_EXPLORED,4
9,10,1,9932,DEL_EXPLORED,4
9,10,2,9932,DEL_CUTOFF,4
9,10,3,9932,DEL_CUTOFF,4
9,10,4,9932,DEL_EXPLORED,-1
9,10,0,9933,DEL_CUTOFF,-4
9,10,1,9933,PUSH,-4,bgahfpcdjleinkom,4,-1,1
9,10,2,9933,DEL_CUTOFF,-4
9,10,3,9933,DEL_CUTOFF,-4
9,10,4,9933,DEL_CUTOFF,4
9,10,0,9934,POP,-4,bclhfaodjgpenkmi
9,10,1,9934,DEL_CUTOFF,1
9,10,2,9934,POP,1,bhldgjcefpainkom
9,10,3,9934,POP,1,bgcdfphejlamnkio
9,10,4,9934,DEL_CUTOFF,-4
9,10,0,9935,POP,-1,bclhfgodjapenkmi
9,10,1,9935,DEL_CUTOFF,-1
9,10,2,9935,PUSH,-1,bhldgjceafpinkom,-4,4,1
9,10,3,9935,PUSH,-1,bgcdfpheajlmnkio,-4,4,1
9,10,4,9935,POP,1,bchdgailfjoenpkm
9,10,0,9936,PUSH,4,bclhfgodjpmenkai,-4,-1,1
9,10,1,9936,DEL_EXPLORED,4
9,10,2,9936,DEL_EXPLORED,1
9,10,3,9936,DEL_EXPLORED,1
9,10,4,9936,DEL_EXPLORED,4
9,10,0,9937,PUSH,1,bclhfgodjpmenkia,-4,-1
9,10,1,9937,POP,-4,bgahfpcdjleinkom
9,10,2,9937,DEL_CUTOFF,4
9,10,3,9937,DEL_CUTOFF,4
9,10,4,9937,PUSH,-4,achdbgilfjoenpkm,4,1
9,10,0,9938,DEL_EXPLORED,-1
9,10,1,9938,POP,-4,bgchfpadjleinkom
9,10,2,9938,DEL_CUTOFF,-4
9,10,3,9938,DEL_CUTOFF,-4
9,10,4,9938,DEL_CUTOFF,1
9,10,0,9939,DEL_CUTOFF,-4
9,10,1,9939,POP,1,bgchfpedjlainkom
9,10,2,9939,POP,-1,bhldgjceafpinkom
9,10,3,9939,POP,-1,bgcdfpheajlmnkio
9,10,4,9939,DEL_EXPLORED,4
9,10,0,9940,POP,1,bclhfgodjpmenkia
9,10,1,9940,PUSH,-1,bgchfpedajlinkom,-4,4,1
9,10,2,9940,PUSH,4,bhldgjcefkpinaom,-4,-1,1
9,10,3,9940,PUSH,4,bgcdfphejklmnaio,-4,-1,1
9,10,4,9940,POP,-4,achdbgilfjoenpkm
9,10,0,9941,PUSH,-1,bclhfgodjpmenaki,-4,-1,1
9,10,1,9941,DEL_EXPLORED,1
9,10,2,9941,DEL_CUTOFF,1
9,10,3,9941,DEL_CUTOFF,1
9,10,4,9941,POP,-4,bchdagilfjoenpkm
9,10,0,9942,DEL_EXPLORED,1
9,10,1,9942,PUSH,4,bgchfpednjliakom,-4,1
9,10,2,9942,DEL_CUTOFF,-1
9,10,3,9942,DEL_CUTOFF,-1
9,10,4,9942,POP,-1,bchdfgilajoenpkm
9,10,0,9943,DEL_CUTOFF,-1
9,10,1,9943,PUSH,1,bgchfpednjlikaom,-4,-1,1
9,10,2,9943,DEL_EXPLORED,-4
9,10,3,9943,DEL_EXPLORED,-4
9,10,4,9943,DEL_EXPLORED,4
9,10,0,9944,DEL_CUTOFF,-4
9,10,1,9944,DEL_CUTOFF,1
9,10,2,9944,POP,4,bhldgjcefkpinaom
9,10,3,9944,POP,4,bgcdfphejklmnaio
9,10,4,9944,PUSH,-4,bchdfailjgoenpkm,-4,4,-1,1
9,10,0,9945,POP,-1,bclhfgodjpmenaki
9,10,1,9945,DEL_EXPLORED,-1
9,10,2,9945,DEL_EXPLORED,-4
9,10,3,9945,DEL_EXPLORED,-4
9,10,4,9945,PUSH,1,bchdfialjgoenpkm,-4,4,-1,1
9,10,0,9946,DEL_EXPLORED,-4
9,10,1,9946,DEL_CUTOFF,-4
9,10,2,9946,POP,4,bhldgjcefapinkom
9,10,3,9946,POP,4,bgcdfphejalmnkio
9,10,4,9946,PUSH,1,bchdfilajgoenpkm,-4,4,-1
9,10,0,9947,POP,4,bclhfgodjpmenkai
9,10,1,9947,POP,1,bgchfpednjlikaom
9,10,2,9947,PUSH,-4,baldghcefjpinkom,4,-1,1
9,10,3,9947,DEL_EXPLORED,-4
9,10,4,9947,DEL_EXPLORED,-1
9,10,0,9948,DEL_EXPLORED,-4
9,10,1,9948,DEL_EXPLORED,-4
9,10,2,9948,PUSH,1,bladghcefjpinkom,4,-1,1
9,10,3,9948,POP,4,bgcdfahejplmnkio
9,10,4,9948,DEL_CUTOFF,4
9,10,0,9949,POP,4,bclhfgodjpaenkmi
9,10,1,9949,POP,4,bgchfpednjliakom
9,10,2,9949,DEL_CUTOFF,1
9,10,3,9949,POP,-1,bacdfghejplmnkio
9,10,4,9949,DEL_CUTOFF,-4
9,10,0,9950,DEL_EXPLORED,-4
9,10,1,9950,PUSH,-4,bgchapedfjlinkom,-4,4,1
9,10,2,9950,DEL_EXPLORED,-1
9,10,3,9950,DEL_EXPLORED,4
9,10,4,9950,POP,1,bchdfilajgoenpkm
9,10,0,9951,POP,4,bclhfgadjpoenkmi
9,10,1,9951,PUSH,1,bgchpaedfjlinkom,-4,4,-1,1
9,10,2,9951,DEL_CUTOFF,4
9,10,3,9951,POP,-4,bcadfghejplmnkio
9,10,4,9951,DEL_EXPLORED,-1
9,10,0,9952,POP,-1,bcahfgldjpoenkmi
9,10,1,9952,DEL_CUTOFF,1
9,10,2,9952,POP,1,bladghcefjpinkom
9,10,3,9952,POP,-4,bchdfgaejplmnkio
9,10,4,9952,PUSH,4,bchdfioljgaenpkm,-4,4,-1,1
9,10,0,9953,DEL_EXPLORED,4
9,10,1,9953,DEL_EXPLORED,-1
9,10,2,9953,PUSH,-1,abldghcefjpinkom,4,1
9,10,3,9953,POP,-4,bchdfglejpamnkio
9,10,4,9953,DEL_CUTOFF,1
9,10,0,9954,POP,-4,bchafgldjpoenkmi
9,10,1,9954,DEL_CUTOFF,4
9,10,2,9954,DEL_EXPLORED,1
9,10,3,9954,POP,-1,bchdfglejpimnkao
9,10,4,9954,DEL_CUTOFF,-1
9,10,0,9955,POP,-4,bchdfglajpoenkmi
9,10,1,9955,DEL_CUTOFF,-4
9,10,2,9955,DEL_CUTOFF,4
9,10,3,9955,DEL_EXPLORED,-4
9,10,4,9955,DEL_CUTOFF,4
9,10,0,9956,POP,-4,bchdfglejpoankmi
9,10,1,9956,POP,1,bgchpaedfjlinkom
9,10,2,9956,POP,-1,abldghcefjpinkom
9,10,3,9956,POP,4,bchdfglejpimnkoa
9,10,4,9956,DEL_EXPLORED,-4
9,10,0,9957,POP,1,bchdfglejpoinkma
9,10,1,9957,DEL_EXPLORED,4
9,10,2,9957,DEL_EXPLORED,4
9,10,3,9957,POP,1,bchdfglejpiankom
9,10,4,9957,POP,4,bchdfioljgaenpkm
9,10,0,9958,PUSH,-1,bchdfglejpoinakm,-4,-1,1
9,10,1,9958,PUSH,-4,agchbpedfjlinkom,4,1
9,10,2,9958,POP,-4,baldghcefjpinkom
9,10,3,9958,POP,0,bchdfglejpainkom
9,10,4,9958,PUSH,-4,bcadfihljgoenpkm,4,-1,1
9,10,0,9959,DEL_EXPLORED,1
9,10,1,9959,DEL_CUTOFF,1
9,10,2,9959,POP,-1,bhldgacefjpinkom
9,10,4,9959,DEL_CUTOFF,1
9,10,0,9960,PUSH,-1,bchdfglejpoiankm,-4,1
9,10,1,9960,DEL_EXPLORED,4
9,10,2,9960,PUSH,4,bhldgcpefjainkom,-4,4,-1,1
9,10,4,9960,DEL_CUTOFF,-1
9,10,0,9961,DEL_EXPLORED,1
9,10,1,9961,POP,-4,agchbpedfjlinkom
9,10,2,9961,PUSH,1,bhldgcpefjiankom,-4,4,-1
9,10,4,9961,DEL_EXPLORED,4
9,10,0,9962,PUSH,-4,bchdfgleapoijnkm,-4,4,1
9,10,1,9962,POP,-4,bgchapedfjlinkom
9,10,2,9962,DEL_EXPLORED,-1
9,10,4,9962,POP,-4,bcadfihljgoenpkm
9,10,0,9963,PUSH,1,bchdfglepaoijnkm,-4,4,-1,1
9,10,1,9963,POP,-1,bgchfpedajlinkom
9,10,2,9963,PUSH,4,bhldgcpefjimnkoa,-4,-1
9,10,4,9963,POP,1,bchdfialjgoenpkm
9,10,0,9964,PUSH,1,bchdfglepoaijnkm,-4,4,-1,1
9,10,1,9964,PUSH,4,bgchfpedjklinaom,-4,-1,1
9,10,2,9964,DEL_CUTOFF,-1
9,10,4,9964,PUSH,-1,bchdafiljgoenpkm,-4,4,1
9,10,0,9965,PUSH,1,bchdfglepoiajnkm,-4,4,-1
9,10,1,9965,PUSH,1,bgchfpedjklinoam,-4,-1,1
9,10,2,9965,DEL_EXPLORED,-4
9,10,4,9965,DEL_EXPLORED,1
9,10,0,9966,DEL_EXPLORED,-1
9,10,1,9966,PUSH,1,bgchfpedjklinoma,-4,-1
9,10,2,9966,POP,4,bhldgcpefjimnkoa
9,10,4,9966,PUSH,4,bchdjfilagoenpkm,-4,4,1
9,10,0,9967,PUSH,4,bchdfglepoimjnka,-4,-1
9,10,1,9967,DEL_EXPLORED,-1
9,10,2,9967,PUSH,-4,bhldgcpafjienkom,-4,4,-1
9,10,4,9967,DEL_CUTOFF,1
9,10,0,9968,PUSH,-1,bchdfglepoimjnak,-4,-1,1
9,10,1,9968,DEL_CUTOFF,-4
9,10,2,9968,DEL_CUTOFF,-1
9,10,4,9968,DEL_CUTOFF,4
9,10,0,9969,DEL_EXPLORED,1
9,10,1,9969,POP,1,bgchfpedjklinoma
9,10,2,9969,DEL_EXPLORED,4
9,10,4,9969,DEL_EXPLORED,-4
9,10,0,9970,PUSH,-1,bchdfglepoimjank,-4,-1,1
9,10,1,9970,DEL_EXPLORED,-1
9,10,2,9970,DEL_CUTOFF,-4
9,10,4,9970,POP,4,bchdjfilagoenpkm
9,10,0,9971,DEL_EXPLORED,1
9,10,1,9971,PUSH,-4,bgchfpedjkainolm,-4,4,-1,1
9,10,2,9971,POP,-4,bhldgcpafjienkom
9,10,4,9971,PUSH,-4,achdbfiljgoenpkm,4,1
9,10,0,9972,DEL_CUTOFF,-1
9,10,1,9972,DEL_CUTOFF,1
9,10,2,9972,POP,1,bhldgcpefjiankom
9,10,4,9972,DEL_CUTOFF,1
9,10,0,9973,DEL_CUTOFF,-4
9,10,1,9973,DEL_CUTOFF,-1
9,10,2,9973,PUSH,-1,bhldgcpefajinkom,-4,4,-1,1
9,10,4,9973,DEL_EXPLORED,4
9,10,0,9974,POP,-1,bchdfglepoimjank
9,10,1,9974,DEL_EXPLORED,4
9,10,2,9974,DEL_EXPLORED,1
9,10,4,9974,POP,-4,achdbfiljgoenpkm
9,10,0,9975,PUSH,-4,bchdfglepoamjnik,-4,4,-1,1
9,10,1,9975,DEL_CUTOFF,-4
9,10,2,9975,PUSH,-1,bhldgcpeafjinkom,-4,4,1
9,10,4,9975,POP,-1,bchdafiljgoenpkm
9,10,0,9976,DEL_CUTOFF,1
9,10,1,9976,POP,-4,bgchfpedjkainolm
9,10,2,9976,DEL_EXPLORED,1
9,10,4,9976,DEL_EXPLORED,4
9,10,0,9977,DEL_CUTOFF,-1
9,10,1,9977,POP,1,bgchfpedjklinoam
9,10,2,9977,DEL_CUTOFF,4
9,10,4,9977,PUSH,-4,bahdfciljgoenpkm,4,-1,1
9,10,0,9978,DEL_EXPLORED,4
9,10,1,9978,PUSH,-1,bgchfpedjklianom,-4,1
9,10,2,9978,DEL_CUTOFF,-4
9,10,4,9978,PUSH,1,bhadfciljgoenpkm,4,-1,1
9,10,0,9979,DEL_CUTOFF,-4
9,10,1,9979,DEL_EXPLORED,1
9,10,2,9979,POP,-1,bhldgcpeafjinkom
9,10,4,9979,DEL_CUTOFF,1
9,10,0,9980,POP,-4,bchdfglepoamjnik
9,10,1,9980,PUSH,-4,bgchfpedaklijnom,-4,4,1
9,10,2,9980,PUSH,4,bhldgcpefkjinaom,-4,-1,1
9,10,4,9980,DEL_EXPLORED,-1
9,10,0,9981,POP,-1,bchdfglepoimjnak
9,10,1,9981,DEL_CUTOFF,1
9,10,2,9981,DEL_CUTOFF,1
9,10,4,9981,DEL_CUTOFF,4
9,10,0,9982,DEL_EXPLORED,-4
9,10,1,9982,DEL_EXPLORED,4
9,10,2,9982,DEL_CUTOFF,-1
9,10,4,9982,POP,1,bhadfciljgoenpkm
9,10,0,9983,POP,4,bchdfglepoimjnka
9,10,1,9983,DEL_CUTOFF,-4
9,10,2,9983,DEL_EXPLORED,-4
9,10,4,9983,PUSH,-1,abhdfciljgoenpkm,4,1
9,10,0,9984,PUSH,-4,bchdfglapoiejnkm,-4,4,-1
9,10,1,9984,POP,-4,bgchfpedaklijnom
9,10,2,9984,POP,4,bhldgcpefkjinaom
9,10,4,9984,DEL_EXPLORED,1
9,10,0,9985,PUSH,-1,bchdfgalpoiejnkm,-4,4,-1,1
9,10,1,9985,POP,-1,bgchfpedjklianom
9,10,2,9985,PUSH,-4,bhldgapefcjinkom,-4,4,-1,1
9,10,4,9985,DEL_CUTOFF,4
9,10,0,9986,DEL_EXPLORED,1
9,10,1,9986,DEL_EXPLORED,-4
9,10,2,9986,DEL_CUTOFF,1
9,10,4,9986,POP,-1,abhdfciljgoenpkm
9,10,0,9987,PUSH,-1,bchdfaglpoiejnkm,-4,4,-1,1
9,10,1,9987,POP,4,bgchfpedjklinaom
9,10,2,9987,DEL_CUTOFF,-1
9,10,4,9987,DEL_EXPLORED,4
9,10,0,9988,DEL_EXPLORED,1
9,10,1,9988,DEL_EXPLORED,-4
9,10,2,9988,DEL_EXPLORED,4
9,10,4,9988,POP,-4,bahdfciljgoenpkm
9,10,0,9989,DEL_CUTOFF,-1
9,10,1,9989,POP,4,bgchfpedjalinkom
9,10,2,9989,DEL_CUTOFF,-4
9,10,4,9989,POP,-4,bchdfailjgoenpkm
9,10,0,9990,DEL_CUTOFF,4
9,10,1,9990,DEL_EXPLORED,-4
9,10,2,9990,POP,-4,bhldgapefcjinkom
9,10,4,9990,POP,-4,bchdfgiljaoenpkm
9,10,0,9991,DEL_CUTOFF,-4
9,10,1,9991,POP,4,bgchfaedjplinkom
9,10,2,9991,POP,-1,bhldgcpefajinkom
9,10,4,9991,POP,-1,bchdfgiljpoenakm
9,10,0,9992,POP,-1,bchdfaglpoiejnkm
9,10,1,9992,POP,-1,bachfgedjplinkom
9,10,2,9992,PUSH,4,bhldgcpefjoinkam,-4,-1,1
9,10,4,9992,DEL_EXPLORED,-4
9,10,0,9993,PUSH,4,bchdfgilpoaejnkm,-4,4,-1,1
9,10,1,9993,PUSH,4,bcehfgadjplinkom,-4,4,-1,1
9,10,2,9993,PUSH,1,bhldgcpefjoinkma,-4,-1
9,10,4,9993,POP,4,bchdfgiljpoenkam
9,10,0,9994,DEL_CUTOFF,1
9,10,1,9994,PUSH,1,bcehfgdajplinkom,-4,4,-1
9,10,2,9994,DEL_EXPLORED,-1
9,10,4,9994,DEL_EXPLORED,-4
9,10,0,9995,DEL_CUTOFF,-1
9,10,1,9995,DEL_EXPLORED,-1
9,10,2,9995,DEL_CUTOFF,-4
9,10,4,9995,POP,4,bchdfgiljpaenkom
9,10,0,9996,DEL_CUTOFF,4
9,10,1,9996,PUSH,4,bcehfgdijplankom,-4,4,-1
9,10,2,9996,POP,1,bhldgcpefjoinkma
9,10,4,9996,PUSH,-4,bcadfghljpienkom,4,-1,1
9,10,0,9997,DEL_EXPLORED,-4
9,10,1,9997,PUSH,-1,bcehfgdijpalnkom,-4,4,-1,1
9,10,2,9997,PUSH,-1,bhldgcpefjoinakm,-4,-1,1
9,10,4,9997,PUSH,1,bcdafghljpienkom,4,-1
9,10,0,9998,POP,4,bchdfgilpoaejnkm
9,10,1,9998,DEL_EXPLORED,1
9,10,2,9998,DEL_EXPLORED,1
9,10,4,9998,DEL_EXPLORED,-1
9,10,0,9999,PUSH,-4,bcadfghlpoiejnkm,4,-1,1
9,10,1,9999,PUSH,-1,bcehfgdijaplnkom,-4,4,-1,1
9,10,2,9999,DEL_CUTOFF,-1
9,10,4,9999,PUSH,4,bcdlfghajpienkom,-4,4,-1
9,10,0,10000,DEL_CUTOFF,1
9,10,1,10000,DEL_EXPLORED,1
9,10,2,10000,DEL_CUTOFF,-4
9,10,4,10000,PUSH,-1,bcdlfgahjpienkom,-4,4,-1,1
9,10,0,10001,DEL_CUTOFF,-1
9,10,1,10001,PUSH,-1,bcehfgdiajplnkom,-4,4,1
9,10,2,10001,POP,-1,bhldgcpefjoinakm
9,10,4,10001,DEL_EXPLORED,1
9,10,0,10002,DEL_EXPLORED,4
9,10,1,10002,DEL_EXPLORED,1
9,10,2,10002,DEL_EXPLORED,-4
9,10,4,10002,PUSH,-1,bcdlfaghjpienkom,-4,4,-1,1
9,10,0,10003,POP,-4,bcadfghlpoiejnkm
9,10,1,10003,DEL_CUTOFF,4
9,10,2,10003,POP,4,bhldgcpefjoinkam
9,10,4,10003,DEL_EXPLORED,1
9,10,0,10004,POP,-1,bchdfgalpoiejnkm
9,10,1,10004,DEL_CUTOFF,-4
9,10,2,10004,DEL_EXPLORED,-4
9,10,4,10004,PUSH,-1,bcdlafghjpienkom,-4,4,1
9,10,0,10005,DEL_EXPLORED,4
9,10,1,10005,POP,-1,bcehfgdiajplnkom
9,10,2,10005,POP,4,bhldgcpefjainkom
9,10,4,10005,DEL_EXPLORED,1
9,10,0,10006,PUSH,-4,bchafgldpoiejnkm,4,-1
9,10,1,10006,PUSH,4,bcehfgdijkplnaom,-4,-1,1
9,10,2,10006,DEL_EXPLORED,-4
9,10,4,10006,PUSH,4,bcdljfghapienkom,-4,4,1
9,10,0,10007,PUSH,-1,bcahfgldpoiejnkm,4,-1,1
9,10,1,10007,DEL_CUTOFF,1
9,10,2,10007,POP,4,bhldgcaefjpinkom
9,10,4,10007,DEL_CUTOFF,1
9,10,0,10008,DEL_EXPLORED,1
9,10,1,10008,DEL_CUTOFF,-1
9,10,2,10008,POP,1,bhadgclefjpinkom
9,10,4,10008,DEL_CUTOFF,4
9,10,0,10009,DEL_CUTOFF,-1
9,10,1,10009,DEL_EXPLORED,-4
9,10,2,10009,PUSH,-1,abhdgclefjpinkom,4,1
9,10,4,10009,DEL_EXPLORED,-4
9,10,0,10010,DEL_CUTOFF,4
9,10,1,10010,POP,4,bcehfgdijkplnaom
9,10,2,10010,DEL_EXPLORED,1
9,10,4,10010,POP,4,bcdljfghapienkom
9,10,0,10011,POP,-1,bcahfgldpoiejnkm
9,10,1,10011,PUSH,-4,bcehfadijgplnkom,-4,4,-1,1
9,10,2,10011,PUSH,4,gbhdaclefjpinkom,-4,4,1
9,10,4,10011,PUSH,-4,acdlbfghjpienkom,4,1
9,10,0,10012,DEL_EXPLORED,4
9,10,1,10012,DEL_CUTOFF,1
9,10,2,10012,PUSH,1,gbhdcalefjpinkom,-4,4,-1,1
9,10,4,10012,DEL_CUTOFF,1
9,10,0,10013,POP,-4,bchafgldpoiejnkm
9,10,1,10013,DEL_CUTOFF,-1
9,10,2,10013,PUSH,1,gbhdclaefjpinkom,-4,4,-1,1
9,10,4,10013,DEL_EXPLORED,4
9,10,0,10014,POP,-4,bchdfglapoiejnkm
9,10,1,10014,DEL_EXPLORED,4
9,10,2,10014,PUSH,1,gbhdcleafjpinkom,-4,4,-1
9,10,4,10014,POP,-4,acdlbfghjpienkom
9,10,0,10015,POP,1,bchdfglepoiajnkm
9,10,1,10015,DEL_CUTOFF,-4
9,10,2,10015,DEL_EXPLORED,-1
9,10,4,10015,POP,-1,bcdlafghjpienkom
9,10,0,10016,DEL_EXPLORED,-1
9,10,1,10016,POP,-4,bcehfadijgplnkom
9,10,2,10016,DEL_CUTOFF,4
9,10,4,10016,PUSH,4,bcdlfpghjaienkom,-4,4,-1,1
9,10,0,10017,PUSH,4,bchdfglepokijnam,-4,-1,1
9,10,1,10017,POP,-1,bcehfgdijaplnkom
9,10,2,10017,DEL_CUTOFF,-4
9,10,4,10017,PUSH,1,bcdlfpghjiaenkom,-4,4,-1,1
9,10,0,10018,PUSH,1,bchdfglepokijnma,-4,-1
9,10,1,10018,PUSH,4,bcehfgdijpolnkam,-4,-1,1
9,10,2,10018,POP,1,gbhdcleafjpinkom
9,10,4,10018,DEL_CUTOFF,1
9,10,0,10019,DEL_EXPLORED,-1
9,10,1,10019,PUSH,1,bcehfgdijpolnkma,-4,-1
9,10,2,10019,DEL_EXPLORED,-1
9,10,4,10019,DEL_EXPLORED,-1
9,10,0,10020,PUSH,-4,bchdfglepokajnmi,-4,4,-1
9,10,1,10020,DEL_EXPLORED,-1
9,10,2,10020,PUSH,4,gbhdclpefjainkom,-4,4,-1,1
9,10,4,10020,DEL_CUTOFF,4
9,10,0,10021,PUSH,-1,bchdfglepoakjnmi,-4,4,-1,1
9,10,1,10021,DEL_CUTOFF,-4
9,10,2,10021,DEL_CUTOFF,1
9,10,4,10021,DEL_CUTOFF,-4
9,10,0,10022,DEL_EXPLORED,1
9,10,1,10022,POP,1,bcehfgdijpolnkma
9,10,2,10022,DEL_CUTOFF,-1
9,10,4,10022,POP,1,bcdlfpghjiaenkom
9,10,0,10023,DEL_CUTOFF,-1
9,10,1,10023,PUSH,-1,bcehfgdijpolnakm,-4,-1,1
9,10,2,10023,DEL_CUTOFF,4
9,10,4,10023,PUSH,-1,bcdlfpghajienkom,-4,4,1
9,10,0,10024,DEL_CUTOFF,4
9,10,1,10024,DEL_EXPLORED,1
9,10,2,10024,DEL_EXPLORED,-4
9,10,4,10024,DEL_EXPLORED,1
9,10,0,10025,DEL_CUTOFF,-4
9,10,1,10025,DEL_CUTOFF,-1
9,10,2,10025,POP,4,gbhdclpefjainkom
9,10,4,10025,DEL_CUTOFF,4
9,10,0,10026,POP,-1,bchdfglepoakjnmi
9,10,1,10026,DEL_CUTOFF,-4
9,10,2,10026,PUSH,-4,gbadclhefjpinkom,4,-1,1
9,10,4,10026,DEL_CUTOFF,-4
9,10,0,10027,DEL_EXPLORED,4
9,10,1,10027,POP,-1,bcehfgdijpolnakm
9,10,2,10027,DEL_CUTOFF,1
9,10,4,10027,POP,-1,bcdlfpghajienkom
9,10,0,10028,PUSH,-4,bchdfglapokejnmi,-4,4,-1
9,10,1,10028,DEL_EXPLORED,-4
9,10,2,10028,DEL_CUTOFF,-1
9,10,4,10028,PUSH,4,bcdlfpghjkienaom,-4,-1,1
9,10,0,10029,DEL_CUTOFF,-1
9,10,1,10029,POP,4,bcehfgdijpolnkam
9,10,2,10029,DEL_EXPLORED,4
9,10,4,10029,DEL_CUTOFF,1
9,10,0,10030,DEL_EXPLORED,4
9,10,1,10030,PUSH,-4,bcehfgaijpdlnkom,-4,4,-1,1
9,10,2,10030,POP,-4,gbadclhefjpinkom
9,10,4,10030,DEL_CUTOFF,-1
9,10,0,10031,DEL_CUTOFF,-4
9,10,1,10031,PUSH,1,bcehfgiajpdlnkom,-4,4,-1
9,10,2,10031,POP,1,gbhdclaefjpinkom
9,10,4,10031,DEL_EXPLORED,-4
9,10,0,10032,POP,-4,bchdfglapokejnmi
9,10,1,10032,DEL_EXPLORED,-1
9,10,2,10032,DEL_EXPLORED,-1
9,10,4,10032,POP,4,bcdlfpghjkienaom
9,10,0,10033,POP,-4,bchdfglepokajnmi
9,10,1,10033,DEL_CUTOFF,4
9,10,2,10033,PUSH,4,gbhdcjlefapinkom,-4,4,-1,1
9,10,4,10033,DEL_EXPLORED,-4
9,10,0,10034,POP,1,bchdfglepokijnma
9,10,1,10034,DEL_CUTOFF,-4
9,10,2,10034,PUSH,1,gbhdcjlefpainkom,-4,4,-1,1
9,10,4,10034,POP,4,bcdlfpghjaienkom
9,10,0,10035,PUSH,-1,bchdfglepokijanm,-4,-1,1
9,10,1,10035,POP,1,bcehfgiajpdlnkom
9,10,2,10035,DEL_CUTOFF,1
9,10,4,10035,PUSH,-4,badlfcghjpienkom,4,-1,1
9,10,0,10036,DEL_EXPLORED,1
9,10,1,10036,PUSH,-1,bcehfagijpdlnkom,-4,4,-1,1
9,10,2,10036,DEL_EXPLORED,-1
9,10,4,10036,PUSH,1,bdalfcghjpienkom,4,-1,1
9,10,0,10037,PUSH,-1,bchdfglepokiajnm,-4,1
9,10,1,10037,DEL_EXPLORED,1
9,10,2,10037,DEL_CUTOFF,4
9,10,4,10037,DEL_CUTOFF,1
9,10,0,10038,DEL_EXPLORED,1
9,10,1,10038,DEL_CUTOFF,-1
9,10,2,10038,DEL_CUTOFF,-4
9,10,4,10038,DEL_EXPLORED,-1
9,10,0,10039,PUSH,-4,bchdfgleaokipjnm,-4,4,1
9,10,1,10039,DEL_CUTOFF,4
9,10,2,10039,POP,1,gbhdcjlefpainkom
9,10,4,10039,DEL_CUTOFF,4
9,10,0,10040,DEL_CUTOFF,1
9,10,1,10040,DEL_CUTOFF,-4
9,10,2,10040,PUSH,-1,gbhdcjleafpinkom,-4,4,1
9,10,4,10040,POP,1,bdalfcghjpienkom
9,10,0,10041,DEL_EXPLORED,4
9,10,1,10041,POP,-1,bcehfagijpdlnkom
9,10,2,10041,DEL_EXPLORED,1
9,10,4,10041,PUSH,-1,abdlfcghjpienkom,4,1
9,10,0,10042,DEL_CUTOFF,-4
9,10,1,10042,DEL_EXPLORED,4
9,10,2,10042,DEL_CUTOFF,4
9,10,4,10042,DEL_EXPLORED,1
9,10,0,10043,POP,-4,bchdfgleaokipjnm
9,10,1,10043,PUSH,-4,bcahfgeijpdlnkom,4,-1,1
9,10,2,10043,DEL_CUTOFF,-4
9,10,4,10043,DEL_CUTOFF,4
9,10,0,10044,POP,-1,bchdfglepokiajnm
9,10,1,10044,DEL_CUTOFF,1
9,10,2,10044,POP,-1,gbhdcjleafpinkom
9,10,4,10044,POP,-1,abdlfcghjpienkom
9,10,0,10045,PUSH,-4,bchdfglepakijonm,-4,4,-1,1
9,10,1,10045,DEL_CUTOFF,-1
9,10,2,10045,PUSH,4,gbhdcjlefkpinaom,-4,-1,1
9,10,4,10045,DEL_EXPLORED,4
9,10,0,10046,PUSH,1,bchdfglepkaijonm,-4,4,-1,1
9,10,1,10046,DEL_EXPLORED,4
9,10,2,10046,DEL_CUTOFF,1
9,10,4,10046,POP,-4,badlfcghjpienkom
9,10,0,10047,DEL_CUTOFF,1
9,10,1,10047,POP,-4,bcahfgeijpdlnkom
9,10,2,10047,DEL_CUTOFF,-1
9,10,4,10047,POP,-1,bcdlfaghjpienkom
9,10,0,10048,DEL_EXPLORED,-1
9,10,1,10048,POP,-4,bcehfgaijpdlnkom
9,10,2,10048,DEL_EXPLORED,-4
9,10,4,10048,PUSH,4,bcdlfgihjpaenkom,-4,4,-1,1
9,10,0,10049,DEL_CUTOFF,4
9,10,1,10049,POP,-1,bcehfgdijpalnkom
9,10,2,10049,POP,4,gbhdcjlefkpinaom
9,10,4,10049,PUSH,1,bcdlfgihjpeankom,-4,4,-1
9,10,0,10050,DEL_CUTOFF,-4
9,10,1,10050,PUSH,4,bcehfgdijplmnkoa,-4,-1
9,10,2,10050,DEL_EXPLORED,-4
9,10,4,10050,DEL_EXPLORED,-1
9,10,0,10051,POP,1,bchdfglepkaijonm
9,10,1,10051,PUSH,-1,bcehfgdijplmnkao,-4,-1,1
9,10,2,10051,POP,4,gbhdcjlefapinkom
9,10,4,10051,PUSH,4,bcdlfgihjpemnkoa,-4,-1
9,10,0,10052,PUSH,-1,bchdfgleapkijonm,-4,4,1
9,10,1,10052,DEL_EXPLORED,1
9,10,2,10052,PUSH,-4,gahdcblefjpinkom,4,-1,1
9,10,4,10052,DEL_CUTOFF,-1
9,10,0,10053,DEL_EXPLORED,1
9,10,1,10053,PUSH,-1,bcehfgdijplmnako,-4,-1,1
9,10,2,10053,PUSH,1,ghadcblefjpinkom,4,-1,1
9,10,4,10053,DEL_EXPLORED,-4
9,10,0,10054,DEL_CUTOFF,4
9,10,1,10054,DEL_EXPLORED,1
9,10,2,10054,DEL_CUTOFF,1
9,10,4,10054,POP,4,bcdlfgihjpemnkoa
9,10,0,10055,DEL_CUTOFF,-4
9,10,1,10055,DEL_CUTOFF,-1
9,10,2,10055,DEL_EXPLORED,-1
9,10,4,10055,PUSH,-4,bcdlfgiajpehnkom,-4,4,-1
9,10,0,10056,POP,-1,bchdfgleapkijonm
9,10,1,10056,DEL_CUTOFF,-4
9,10,2,10056,DEL_CUTOFF,4
9,10,4,10056,DEL_CUTOFF,-1
9,10,0,10057,DEL_EXPLORED,4
9,10,1,10057,POP,-1,bcehfgdijplmnako
9,10,2,10057,POP,1,ghadcblefjpinkom
9,10,4,10057,DEL_EXPLORED,4
9,10,0,10058,PUSH,-4,bchdfalepgkijonm,-4,4,-1,1
9,10,1,10058,PUSH,-4,bcehfgdijpamnklo,-4,4,-1,1
9,10,2,10058,PUSH,-1,aghdcblefjpinkom,4,1
9,10,4,10058,DEL_CUTOFF,-4
9,10,0,10059,DEL_CUTOFF,1
9,10,1,10059,DEL_CUTOFF,1
9,10,2,10059,DEL_EXPLORED,1
9,10,4,10059,POP,-4,bcdlfgiajpehnkom
9,10,0,10060,DEL_CUTOFF,-1
9,10,1,10060,DEL_CUTOFF,-1
9,10,2,10060,DEL_CUTOFF,4
9,10,4,10060,POP,1,bcdlfgihjpeankom
9,10,0,10061,DEL_EXPLORED,4
9,10,1,10061,DEL_EXPLORED,4
9,10,2,10061,POP,-1,aghdcblefjpinkom
9,10,4,10061,PUSH,-1,bcdlfgihjapenkom,-4,4,-1,1
9,10,0,10062,DEL_CUTOFF,-4
9,10,1,10062,DEL_CUTOFF,-4
9,10,2,10062,DEL_EXPLORED,4
9,10,4,10062,DEL_EXPLORED,1
9,10,0,10063,POP,-4,bchdfalepgkijonm
9,10,1,10063,POP,-4,bcehfgdijpamnklo
9,10,2,10063,POP,-4,gahdcblefjpinkom
9,10,4,10063,PUSH,-1,bcdlfgihajpenkom,-4,4,1
9,10,0,10064,POP,-4,bchdfglepakijonm
9,10,1,10064,POP,-1,bcehfgdijplmnkao
9,10,2,10064,POP,1,gbhdcalefjpinkom
9,10,4,10064,DEL_EXPLORED,1
9,10,0,10065,POP,-1,bchdfglepokijanm
9,10,1,10065,DEL_EXPLORED,-4
9,10,2,10065,PUSH,4,gbhdfcleajpinkom,-4,4,1
9,10,4,10065,DEL_CUTOFF,4
9,10,0,10066,DEL_EXPLORED,-4
9,10,1,10066,POP,4,bcehfgdijplmnkoa
9,10,2,10066,PUSH,1,gbhdfclejapinkom,-4,4,-1,1
9,10,4,10066,DEL_CUTOFF,-4
9,10,0,10067,POP,4,bchdfglepokijnam
9,10,1,10067,DEL_EXPLORED,-4
9,10,2,10067,PUSH,1,gbhdfclejpainkom,-4,4,-1,1
9,10,4,10067,POP,-1,bcdlfgihajpenkom
9,10,0,10068,PUSH,-4,bchdfgaepolijnkm,-4,4,-1,1
9,10,1,10068,POP,4,bcehfgdijplankom
9,10,2,10068,DEL_CUTOFF,1
9,10,4,10068,PUSH,4,bcdlfgihjkpenaom,-4,-1,1
9,10,0,10069,PUSH,1,bchdfgeapolijnkm,-4,4,-1
9,10,1,10069,PUSH,-4,bceafgdhjplinkom,4,-1
9,10,2,10069,DEL_EXPLORED,-1
9,10,4,10069,DEL_CUTOFF,1
9,10,0,10070,DEL_EXPLORED,-1
9,10,1,10070,PUSH,-1,bcaefgdhjplinkom,4,-1,1
9,10,2,10070,DEL_CUTOFF,4
9,10,4,10070,DEL_CUTOFF,-1
9,10,0,10071,PUSH,4,bchdfgeipolajnkm,-4,4,-1
9,10,1,10071,DEL_EXPLORED,1
9,10,2,10071,DEL_CUTOFF,-4
9,10,4,10071,DEL_EXPLORED,-4
9,10,0,10072,PUSH,-1,bchdfgeipoaljnkm,-4,4,-1,1
9,10,1,10072,PUSH,-1,bacefgdhjplinkom,4,-1,1
9,10,2,10072,POP,1,gbhdfclejpainkom
9,10,4,10072,POP,4,bcdlfgihjkpenaom
9,10,0,10073,DEL_EXPLORED,1
9,10,1,10073,DEL_EXPLORED,1
9,10,2,10073,DEL_EXPLORED,-1
9,10,4,10073,PUSH,-4,bcdlfaihjgpenkom,-4,4,-1,1
9,10,0,10074,DEL_CUTOFF,-1
9,10,1,10074,PUSH,-1,abcefgdhjplinkom,4,1
9,10,2,10074,PUSH,4,gbhdfclejkpinaom,-4,-1,1
9,10,4,10074,DEL_CUTOFF,1
9,10,0,10075,DEL_CUTOFF,4
9,10,1,10075,DEL_EXPLORED,1
9,10,2,10075,DEL_CUTOFF,1
9,10,4,10075,DEL_CUTOFF,-1
9,10,0,10076,DEL_CUTOFF,-4
9,10,1,10076,DEL_CUTOFF,4
9,10,2,10076,DEL_CUTOFF,-1
9,10,4,10076,DEL_EXPLORED,4
9,10,0,10077,POP,-1,bchdfgeipoaljnkm
9,10,1,10077,POP,-1,abcefgdhjplinkom
9,10,2,10077,DEL_EXPLORED,-4
9,10,4,10077,DEL_CUTOFF,-4
9,10,0,10078,PUSH,4,bchdfgeipolmjnka,-4,-1
9,10,1,10078,PUSH,4,bgcefadhjplinkom,-4,4,-1,1
9,10,2,10078,POP,4,gbhdfclejkpinaom
9,10,4,10078,POP,-4,bcdlfaihjgpenkom
9,10,0,10079,DEL_CUTOFF,-1
9,10,1,10079,DEL_CUTOFF,1
9,10,2,10079,PUSH,-4,gbhdfalejcpinkom,-4,4,-1,1
9,10,4,10079,POP,-1,bcdlfgihjapenkom
9,10,0,10080,DEL_EXPLORED,-4
9,10,1,10080,DEL_CUTOFF,-1
9,10,2,10080,DEL_CUTOFF,1
9,10,4,10080,PUSH,4,bcdlfgihjpoenkam,-4,-1,1
9,10,0,10081,POP,4,bchdfgeipolmjnka
9,10,1,10081,DEL_CUTOFF,4
9,10,2,10081,DEL_CUTOFF,-1
9,10,4,10081,PUSH,1,bcdlfgihjpoenkma,-4,-1
9,10,0,10082,DEL_EXPLORED,-4
9,10,1,10082,DEL_EXPLORED,-4
9,10,2,10082,DEL_EXPLORED,4
9,10,4,10082,DEL_EXPLORED,-1
9,10,0,10083,POP,4,bchdfgeipolajnkm
9,10,1,10083,POP,4,bgcefadhjplinkom
9,10,2,10083,DEL_CUTOFF,-4
9,10,4,10083,DEL_CUTOFF,-4
9,10,0,10084,PUSH,-4,bchafgedpolijnkm,4,-1
9,10,1,10084,POP,-1,bacefgdhjplinkom
9,10,2,10084,POP,-4,gbhdfalejcpinkom
9,10,4,10084,POP,1,bcdlfgihjpoenkma
9,10,0,10085,PUSH,-1,bcahfgedpolijnkm,4,-1,1
9,10,1,10085,PUSH,4,bcdefgahjplinkom,-4,4,-1,1
9,10,2,10085,POP,1,gbhdfclejapinkom
9,10,4,10085,PUSH,-1,bcdlfgihjpoenakm,-4,-1,1
9,10,0,10086,DEL_EXPLORED,1
9,10,1,10086,PUSH,1,bcdefghajplinkom,-4,4,-1
9,10,2,10086,PUSH,4,gbhdfclenjpiakom,-4,1
9,10,4,10086,DEL_EXPLORED,1
9,10,0,10087,DEL_CUTOFF,-1
9,10,1,10087,DEL_EXPLORED,-1
9,10,2,10087,PUSH,1,gbhdfclenjpikaom,-4,-1,1
9,10,4,10087,DEL_CUTOFF,-1
9,10,0,10088,DEL_CUTOFF,4
9,10,1,10088,DEL_CUTOFF,4
9,10,2,10088,DEL_CUTOFF,1
9,10,4,10088,DEL_CUTOFF,-4
9,10,0,10089,POP,-1,bcahfgedpolijnkm
9,10,1,10089,DEL_CUTOFF,-4
9,10,2,10089,DEL_EXPLORED,-1
9,10,4,10089,POP,-1,bcdlfgihjpoenakm
9,10,0,10090,DEL_EXPLORED,4
9,10,1,10090,POP,1,bcdefghajplinkom
9,10,2,10090,DEL_CUTOFF,-4
9,10,4,10090,DEL_EXPLORED,-4
9,10,0,10091,POP,-4,bchafgedpolijnkm
9,10,1,10091,PUSH,-1,bcdefaghjplinkom,-4,4,-1,1
9,10,2,10091,POP,1,gbhdfclenjpikaom
9,10,4,10091,POP,4,bcdlfgihjpoenkam
9,10,0,10092,POP,1,bchdfgeapolijnkm
9,10,1,10092,DEL_EXPLORED,1
9,10,2,10092,DEL_EXPLORED,-4
9,10,4,10092,DEL_EXPLORED,-4
9,10,0,10093,PUSH,-1,bchdfagepolijnkm,-4,4,-1,1
9,10,1,10093,DEL_CUTOFF,-1
9,10,2,10093,POP,4,gbhdfclenjpiakom
9,10,4,10093,POP,4,bcdlfgihjpaenkom
9,10,0,10094,DEL_EXPLORED,1
9,10,1,10094,DEL_CUTOFF,4
9,10,2,10094,DEL_EXPLORED,-4
9,10,4,10094,PUSH,-4,bcalfgdhjpienkom,4,-1,1
9,10,0,10095,PUSH,-1,bchdafgepolijnkm,-4,4,1
9,10,1,10095,DEL_CUTOFF,-4
9,10,2,10095,POP,4,gbhdfcleajpinkom
9,10,4,10095,PUSH,1,bclafgdhjpienkom,4,-1
9,10,0,10096,DEL_EXPLORED,1
9,10,1,10096,POP,-1,bcdefaghjplinkom
9,10,2,10096,DEL_EXPLORED,-4
9,10,4,10096,DEL_EXPLORED,-1
9,10,0,10097,PUSH,4,bchdpfgeaolijnkm,-4,4,1
9,10,1,10097,PUSH,4,bcdefglhjpainkom,-4,4,-1,1
9,10,2,10097,POP,4,gbhdaclefjpinkom
9,10,4,10097,PUSH,4,bclhfgdajpienkom,-4,4,-1
9,10,0,10098,DEL_CUTOFF,1
9,10,1,10098,DEL_CUTOFF,1
9,10,2,10098,POP,-1,abhdgclefjpinkom
9,10,4,10098,DEL_CUTOFF,-1
9,10,0,10099,DEL_CUTOFF,4
9,10,1,10099,DEL_CUTOFF,-1
9,10,2,10099,DEL_EXPLORED,4
9,10,4,10099,DEL_CUTOFF,4
9,10,0,10100,DEL_EXPLORED,-4
9,10,1,10100,DEL_CUTOFF,4
9,10,2,10100,POP,-4,bahdgclefjpinkom
9,10,4,10100,DEL_EXPLORED,-4
9,10,0,10101,POP,4,bchdpfgeaolijnkm
9,10,1,10101,DEL_EXPLORED,-4
9,10,2,10101,POP,1,bchdgalefjpinkom
9,10,4,10101,POP,4,bclhfgdajpienkom
9,10,0,10102,PUSH,-4,achdbfgepolijnkm,4,1
9,10,1,10102,POP,4,bcdefglhjpainkom
9,10,2,10102,DEL_EXPLORED,4
9,10,4,10102,POP,1,bclafgdhjpienkom
9,10,0,10103,DEL_CUTOFF,1
9,10,1,10103,DEL_EXPLORED,-4
9,10,2,10103,PUSH,-4,achdbglefjpinkom,4,1
9,10,4,10103,PUSH,-1,baclfgdhjpienkom,4,-1,1
9,10,0,10104,DEL_EXPLORED,4
9,10,1,10104,POP,4,bcdefgahjplinkom
9,10,2,10104,PUSH,1,cahdbglefjpinkom,4,-1,1
9,10,4,10104,DEL_EXPLORED,1
9,10,0,10105,POP,-4,achdbfgepolijnkm
9,10,1,10105,POP,-1,bcaefgdhjplinkom
9,10,2,10105,PUSH,1,chadbglefjpinkom,4,-1,1
9,10,4,10105,PUSH,-1,abclfgdhjpienkom,4,1
9,10,0,10106,POP,-1,bchdafgepolijnkm
9,10,1,10106,DEL_EXPLORED,4
9,10,2,10106,PUSH,1,chdabglefjpinkom,4,-1
9,10,4,10106,DEL_EXPLORED,1
9,10,0,10107,PUSH,4,bchdfogepalijnkm,-4,4,-1,1
9,10,1,10107,POP,-4,bceafgdhjplinkom
9,10,2,10107,DEL_EXPLORED,-1
9,10,4,10107,DEL_CUTOFF,4
9,10,0,10108,PUSH,1,bchdfogeplaijnkm,-4,4,-1,1
9,10,1,10108,POP,1,bcehfgdajplinkom
9,10,2,10108,PUSH,4,chdebglafjpinkom,-4,4,-1
9,10,4,10108,POP,-1,abclfgdhjpienkom
9,10,0,10109,DEL_CUTOFF,1
9,10,1,10109,PUSH,-1,bcehfagdjplinkom,-4,4,-1,1
9,10,2,10109,PUSH,-1,chdebgalfjpinkom,-4,4,-1,1
9,10,4,10109,PUSH,4,bgclfadhjpienkom,-4,4,-1,1
9,10,0,10110,DEL_EXPLORED,-1
9,10,1,10110,DEL_EXPLORED,1
9,10,2,10110,DEL_EXPLORED,1
9,10,4,10110,DEL_CUTOFF,1
9,10,0,10111,DEL_CUTOFF,4
9,10,1,10111,PUSH,-1,bcehafgdjplinkom,-4,4,1
9,10,2,10111,PUSH,-1,chdebaglfjpinkom,-4,4,-1,1
9,10,4,10111,DEL_CUTOFF,-1
9,10,0,10112,DEL_CUTOFF,-4
9,10,1,10112,DEL_EXPLORED,1
9,10,2,10112,DEL_EXPLORED,1
9,10,4,10112,DEL_CUTOFF,4
9,10,0,10113,POP,1,bchdfogeplaijnkm
9,10,1,10113,PUSH,4,bcehjfgdaplinkom,-4,4,1
9,10,2,10113,DEL_CUTOFF,-1
9,10,4,10113,DEL_EXPLORED,-4
9,10,0,10114,PUSH,-1,bchdfogeaplijnkm,-4,4,1
9,10,1,10114,PUSH,1,bcehjfgdpalinkom,-4,4,-1,1
9,10,2,10114,DEL_CUTOFF,4
9,10,4,10114,POP,4,bgclfadhjpienkom
9,10,0,10115,DEL_EXPLORED,1
9,10,1,10115,PUSH,1,bcehjfgdplainkom,-4,4,-1,1
9,10,2,10115,DEL_CUTOFF,-4
9,10,4,10115,POP,-1,baclfgdhjpienkom
9,10,0,10116,DEL_CUTOFF,4
9,10,1,10116,DEL_CUTOFF,1
9,10,2,10116,POP,-1,chdebaglfjpinkom
9,10,4,10116,DEL_EXPLORED,4
9,10,0,10117,DEL_CUTOFF,-4
9,10,1,10117,DEL_EXPLORED,-1
9,10,2,10117,PUSH,4,chdebgplfjainkom,-4,4,-1,1
9,10,4,10117,POP,-4,bcalfgdhjpienkom
9,10,0,10118,POP,-1,bchdfogeaplijnkm
9,10,1,10118,DEL_CUTOFF,4
9,10,2,10118,DEL_CUTOFF,1
9,10,4,10118,POP,-1,bcdlfgahjpienkom
9,10,0,10119,PUSH,4,bchdfogepnlijakm,-4,-1,1
9,10,1,10119,DEL_CUTOFF,-4
9,10,2,10119,DEL_CUTOFF,-1
9,10,4,10119,PUSH,4,bcdlfghejpiankom,-4,4,-1
9,10,0,10120,DEL_CUTOFF,1
9,10,1,10120,POP,1,bcehjfgdplainkom
9,10,2,10120,DEL_CUTOFF,4
9,10,4,10120,PUSH,-1,bcdlfghejpainkom,-4,4,-1,1
9,10,0,10121,DEL_CUTOFF,-1
9,10,1,10121,DEL_EXPLORED,-1
9,10,2,10121,DEL_EXPLORED,-4
9,10,4,10121,DEL_EXPLORED,1
9,10,0,10122,DEL_EXPLORED,-4
9,10,1,10122,PUSH,4,bcehjfgdpklinaom,-4,-1,1
9,10,2,10122,POP,4,chdebgplfjainkom
9,10,4,10122,PUSH,-1,bcdlfghejapinkom,-4,4,-1,1
9,10,0,10123,POP,4,bchdfogepnlijakm
9,10,1,10123,DEL_CUTOFF,1
9,10,2,10123,PUSH,-4,chaebgdlfjpinkom,4,-1,1
9,10,4,10123,DEL_EXPLORED,1
9,10,0,10124,DEL_EXPLORED,-4
9,10,1,10124,DEL_CUTOFF,-1
9,10,2,10124,DEL_CUTOFF,1
9,10,4,10124,PUSH,-1,bcdlfgheajpinkom,-4,4,1
9,10,0,10125,POP,4,bchdfogepalijnkm
9,10,1,10125,DEL_EXPLORED,-4
9,10,2,10125,DEL_CUTOFF,-1
9,10,4,10125,DEL_EXPLORED,1
9,10,0,10126,PUSH,-4,bahdfcgepolijnkm,4,-1,1
9,10,1,10126,POP,4,bcehjfgdpklinaom
9,10,2,10126,DEL_EXPLORED,4
9,10,4,10126,DEL_CUTOFF,4
9,10,0,10127,PUSH,1,bhadfcgepolijnkm,4,-1,1
9,10,1,10127,PUSH,-4,bcehjagdpflinkom,-4,4,-1,1
9,10,2,10127,POP,-4,chaebgdlfjpinkom
9,10,4,10127,DEL_CUTOFF,-4
9,10,0,10128,DEL_CUTOFF,1
9,10,1,10128,DEL_CUTOFF,1
9,10,2,10128,POP,-1,chdebgalfjpinkom
9,10,4,10128,POP,-1,bcdlfgheajpinkom
9,10,0,10129,DEL_EXPLORED,-1
9,10,1,10129,DEL_CUTOFF,-1
9,10,2,10129,PUSH,4,chdebglifjpankom,-4,4,-1
9,10,4,10129,PUSH,4,bcdlfghejkpinaom,-4,-1,1
9,10,0,10130,DEL_CUTOFF,4
9,10,1,10130,DEL_EXPLORED,4
9,10,2,10130,PUSH,-1,chdebglifjapnkom,-4,4,-1,1
9,10,4,10130,DEL_CUTOFF,1
9,10,0,10131,POP,1,bhadfcgepolijnkm
9,10,1,10131,DEL_CUTOFF,-4
9,10,2,10131,DEL_EXPLORED,1
9,10,4,10131,DEL_CUTOFF,-1
9,10,0,10132,PUSH,-1,abhdfcgepolijnkm,4,1
9,10,1,10132,POP,-4,bcehjagdpflinkom
9,10,2,10132,DEL_CUTOFF,-1
9,10,4,10132,DEL_EXPLORED,-4
9,10,0,10133,DEL_EXPLORED,1
9,10,1,10133,POP,1,bcehjfgdpalinkom
9,10,2,10133,DEL_CUTOFF,4
9,10,4,10133,POP,4,bcdlfghejkpinaom
9,10,0,10134,DEL_CUTOFF,4
9,10,1,10134,PUSH,4,bcehjfgdnpliakom,-4,1
9,10,2,10134,DEL_CUTOFF,-4
9,10,4,10134,PUSH,-4,bcdlfahejgpinkom,-4,4,-1,1
9,10,0,10135,POP,-1,abhdfcgepolijnkm
9,10,1,10135,PUSH,1,bcehjfgdnplikaom,-4,-1,1
9,10,2,10135,POP,-1,chdebglifjapnkom
9,10,4,10135,DEL_CUTOFF,1
9,10,0,10136,DEL_EXPLORED,4
9,10,1,10136,DEL_CUTOFF,1
9,10,2,10136,PUSH,4,chdebglifjpmnkoa,-4,-1
9,10,4,10136,DEL_CUTOFF,-1
9,10,0,10137,POP,-4,bahdfcgepolijnkm
9,10,1,10137,DEL_EXPLORED,-1
9,10,2,10137,DEL_CUTOFF,-1
9,10,4,10137,DEL_EXPLORED,4
9,10,0,10138,POP,-1,bchdfagepolijnkm
9,10,1,10138,DEL_CUTOFF,-4
9,10,2,10138,DEL_EXPLORED,-4
9,10,4,10138,DEL_CUTOFF,-4
9,10,0,10139,DEL_EXPLORED,4
9,10,1,10139,POP,1,bcehjfgdnplikaom
9,10,2,10139,POP,4,chdebglifjpmnkoa
9,10,4,10139,POP,-4,bcdlfahejgpinkom
9,10,0,10140,PUSH,-4,bcadfghepolijnkm,4,-1,1
9,10,1,10140,DEL_EXPLORED,-4
9,10,2,10140,DEL_EXPLORED,-4
9,10,4,10140,POP,-1,bcdlfghejapinkom
9,10,0,10141,PUSH,1,bcdafghepolijnkm,4,-1
9,10,1,10141,POP,4,bcehjfgdnpliakom
9,10,2,10141,POP,4,chdebglifjpankom
9,10,4,10141,PUSH,4,bcdlfghejpoinkam,-4,-1,1
9,10,0,10142,DEL_EXPLORED,-1
9,10,1,10142,DEL_EXPLORED,-4
9,10,2,10142,DEL_EXPLORED,-4
9,10,4,10142,PUSH,1,bcdlfghejpoinkma,-4,-1
9,10,0,10143,PUSH,4,bcdefghapolijnkm,-4,4,-1
9,10,1,10143,POP,4,bcehjfgdaplinkom
9,10,2,10143,POP,4,chdebglafjpinkom
9,10,4,10143,DEL_EXPLORED,-1
9,10,0,10144,DEL_CUTOFF,-1
9,10,1,10144,PUSH,-4,acehbfgdjplinkom,4,1
9,10,2,10144,POP,1,chdabglefjpinkom
9,10,4,10144,DEL_CUTOFF,-4
9,10,0,10145,DEL_CUTOFF,4
9,10,1,10145,PUSH,1,caehbfgdjplinkom,4,-1,1
9,10,2,10145,DEL_EXPLORED,-1
9,10,4,10145,POP,1,bcdlfghejpoinkma
9,10,0,10146,DEL_EXPLORED,-4
9,10,1,10146,PUSH,1,ceahbfgdjplinkom,4,-1,1
9,10,2,10146,PUSH,4,chldbgaefjpinkom,-4,4,-1,1
9,10,4,10146,PUSH,-1,bcdlfghejpoinakm,-4,-1,1
9,10,0,10147,POP,4,bcdefghapolijnkm
9,10,1,10147,DEL_CUTOFF,1
9,10,2,10147,PUSH,1,chldbgeafjpinkom,-4,4,-1
9,10,4,10147,DEL_EXPLORED,1
9,10,0,10148,POP,1,bcdafghepolijnkm
9,10,1,10148,DEL_EXPLORED,-1
9,10,2,10148,DEL_EXPLORED,-1
9,10,4,10148,DEL_CUTOFF,-1
9,10,0,10149,PUSH,-1,bacdfghepolijnkm,4,-1,1
9,10,1,10149,DEL_CUTOFF,4
9,10,2,10149,PUSH,4,chldbgeifjpankom,-4,4,-1
9,10,4,10149,DEL_CUTOFF,-4
9,10,0,10150,DEL_EXPLORED,1
9,10,1,10150,POP,1,ceahbfgdjplinkom
9,10,2,10150,PUSH,-1,chldbgeifjapnkom,-4,4,-1,1
9,10,4,10150,POP,-1,bcdlfghejpoinakm
9,10,0,10151,PUSH,-1,abcdfghepolijnkm,4,1
9,10,1,10151,DEL_EXPLORED,-1
9,10,2,10151,DEL_EXPLORED,1
9,10,4,10151,DEL_EXPLORED,-4
9,10,0,10152,DEL_EXPLORED,1
9,10,1,10152,PUSH,4,cfehbagdjplinkom,-4,4,-1,1
9,10,2,10152,DEL_CUTOFF,-1
9,10,4,10152,POP,4,bcdlfghejpoinkam
9,10,0,10153,DEL_CUTOFF,4
9,10,1,10153,DEL_CUTOFF,1
9,10,2,10153,DEL_CUTOFF,4
9,10,4,10153,PUSH,-4,bcdlfgaejphinkom,-4,4,-1,1
9,10,0,10154,POP,-1,abcdfghepolijnkm
9,10,1,10154,DEL_CUTOFF,-1
9,10,2,10154,DEL_CUTOFF,-4
9,10,4,10154,PUSH,1,bcdlfgeajphinkom,-4,4,-1
9,10,0,10155,PUSH,4,bgcdfahepolijnkm,-4,4,-1,1
9,10,1,10155,DEL_CUTOFF,4
9,10,2,10155,POP,-1,chldbgeifjapnkom
9,10,4,10155,DEL_EXPLORED,-1
9,10,0,10156,DEL_CUTOFF,1
9,10,1,10156,DEL_EXPLORED,-4
9,10,2,10156,PUSH,4,chldbgeifjpmnkoa,-4,-1
9,10,4,10156,DEL_CUTOFF,4
9,10,0,10157,DEL_CUTOFF,-1
9,10,1,10157,POP,4,cfehbagdjplinkom
9,10,2,10157,DEL_CUTOFF,-1
9,10,4,10157,DEL_CUTOFF,-4
9,10,0,10158,DEL_CUTOFF,4
9,10,1,10158,POP,1,caehbfgdjplinkom
9,10,2,10158,DEL_EXPLORED,-4
9,10,4,10158,POP,1,bcdlfgeajphinkom
9,10,0,10159,DEL_EXPLORED,-4
9,10,1,10159,DEL_EXPLORED,4
9,10,2,10159,POP,4,chldbgeifjpmnkoa
9,10,4,10159,PUSH,-1,bcdlfagejphinkom,-4,4,-1,1
9,10,0,10160,POP,4,bgcdfahepolijnkm
9,10,1,10160,POP,-4,acehbfgdjplinkom
9,10,2,10160,DEL_EXPLORED,-4
9,10,4,10160,DEL_EXPLORED,1
9,10,0,10161,POP,-1,bacdfghepolijnkm
9,10,1,10161,POP,-1,bcehafgdjplinkom
9,10,2,10161,POP,4,chldbgeifjpankom
9,10,4,10161,DEL_CUTOFF,-1
9,10,0,10162,DEL_EXPLORED,4
9,10,1,10162,PUSH,4,bcehfpgdjalinkom,-4,4,-1,1
9,10,2,10162,PUSH,-4,chlabgedfjpinkom,4,-1
9,10,4,10162,DEL_CUTOFF,4
9,10,0,10163,POP,-4,bcadfghepolijnkm
9,10,1,10163,PUSH,1,bcehfpgdjlainkom,-4,4,-1,1
9,10,2,10163,PUSH,-1,chalbgedfjpinkom,4,-1,1
9,10,4,10163,DEL_CUTOFF,-4
9,10,0,10164,POP,-4,bchdfgaepolijnkm
9,10,1,10164,PUSH,1,bcehfpgdjliankom,-4,4,-1
9,10,2,10164,DEL_EXPLORED,1
9,10,4,10164,POP,-1,bcdlfagejphinkom
9,10,0,10165,POP,1,bchdfglepoaijnkm
9,10,1,10165,DEL_EXPLORED,-1
9,10,2,10165,DEL_CUTOFF,-1
9,10,4,10165,DEL_EXPLORED,4
9,10,0,10166,DEL_EXPLORED,-1
9,10,1,10166,PUSH,4,bcehfpgdjlimnkoa,-4,-1
9,10,2,10166,DEL_CUTOFF,4
9,10,4,10166,PUSH,-4,bcalfgdejphinkom,4,-1,1
9,10,0,10167,PUSH,4,bchdfglepnoijakm,-4,-1,1
9,10,1,10167,DEL_CUTOFF,-1
9,10,2,10167,POP,-1,chalbgedfjpinkom
9,10,4,10167,DEL_CUTOFF,1
9,10,0,10168,PUSH,1,bchdfglepnoijkam,-4,-1,1
9,10,1,10168,DEL_EXPLORED,-4
9,10,2,10168,DEL_EXPLORED,4
9,10,4,10168,DEL_CUTOFF,-1
9,10,0,10169,PUSH,1,bchdfglepnoijkma,-4,-1
9,10,1,10169,POP,4,bcehfpgdjlimnkoa
9,10,2,10169,POP,-4,chlabgedfjpinkom
9,10,4,10169,DEL_EXPLORED,4
9,10,0,10170,DEL_EXPLORED,-1
9,10,1,10170,PUSH,-4,bcehfpgajlidnkom,-4,4,-1
9,10,2,10170,POP,1,chldbgeafjpinkom
9,10,4,10170,POP,-4,bcalfgdejphinkom
9,10,0,10171,PUSH,-4,bchdfglepnoajkmi,-4,4,-1
9,10,1,10171,DEL_CUTOFF,-1
9,10,2,10171,PUSH,-1,chldbagefjpinkom,-4,4,-1,1
9,10,4,10171,POP,-4,bcdlfgaejphinkom
9,10,0,10172,PUSH,-1,bchdfglepnaojkmi,-4,4,-1,1
9,10,1,10172,DEL_EXPLORED,4
9,10,2,10172,DEL_EXPLORED,1
9,10,4,10172,POP,-1,bcdlfghejpainkom
9,10,0,10173,DEL_EXPLORED,1
9,10,1,10173,DEL_CUTOFF,-4
9,10,2,10173,PUSH,-1,chldabgefjpinkom,-4,4,1
9,10,4,10173,PUSH,4,bcdlfghejpimnkoa,-4,-1
9,10,0,10174,DEL_CUTOFF,-1
9,10,1,10174,POP,-4,bcehfpgajlidnkom
9,10,2,10174,DEL_EXPLORED,1
9,10,4,10174,PUSH,-1,bcdlfghejpimnkao,-4,-1,1
9,10,0,10175,DEL_CUTOFF,4
9,10,1,10175,POP,1,bcehfpgdjliankom
9,10,2,10175,PUSH,4,chldfbgeajpinkom,-4,4,1
9,10,4,10175,DEL_EXPLORED,1
9,10,0,10176,DEL_CUTOFF,-4
9,10,1,10176,DEL_EXPLORED,-1
9,10,2,10176,DEL_CUTOFF,1
9,10,4,10176,PUSH,-1,bcdlfghejpimnako,-4,-1,1
9,10,0,10177,POP,-1,bchdfglepnaojkmi
9,10,1,10177,PUSH,4,bcehfpgdjloinkam,-4,-1,1
9,10,2,10177,DEL_CUTOFF,4
9,10,4,10177,DEL_EXPLORED,1
9,10,0,10178,DEL_EXPLORED,4
9,10,1,10178,PUSH,1,bcehfpgdjloinkma,-4,-1
9,10,2,10178,DEL_EXPLORED,-4
9,10,4,10178,DEL_CUTOFF,-1
9,10,0,10179,PUSH,-4,bchdfglapnoejkmi,-4,4,-1
9,10,1,10179,DEL_EXPLORED,-1
9,10,2,10179,POP,4,chldfbgeajpinkom
9,10,4,10179,DEL_CUTOFF,-4
9,10,0,10180,DEL_CUTOFF,-1
9,10,1,10180,DEL_CUTOFF,-4
9,10,2,10180,PUSH,-4,ahldcbgefjpinkom,4,1
9,10,4,10180,POP,-1,bcdlfghejpimnako
9,10,0,10181,DEL_EXPLORED,4
9,10,1,10181,POP,1,bcehfpgdjloinkma
9,10,2,10181,DEL_CUTOFF,1
9,10,4,10181,PUSH,-4,bcdlfghejpamnkio,-4,4,-1,1
9,10,0,10182,DEL_CUTOFF,-4
9,10,1,10182,PUSH,-1,bcehfpgdjloinakm,-4,-1,1
9,10,2,10182,DEL_EXPLORED,4
9,10,4,10182,DEL_CUTOFF,1
9,10,0,10183,POP,-4,bchdfglapnoejkmi
9,10,1,10183,DEL_EXPLORED,1
9,10,2,10183,POP,-4,ahldcbgefjpinkom
9,10,4,10183,DEL_CUTOFF,-1
9,10,0,10184,POP,-4,bchdfglepnoajkmi
9,10,1,10184,DEL_CUTOFF,-1
9,10,2,10184,POP,-1,chldabgefjpinkom
9,10,4,10184,DEL_EXPLORED,4
9,10,0,10185,POP,1,bchdfglepnoijkma
9,10,1,10185,DEL_CUTOFF,-4
9,10,2,10185,PUSH,4,chldbjgefapinkom,-4,4,-1,1
9,10,4,10185,DEL_CUTOFF,-4
9,10,0,10186,DEL_EXPLORED,-1
9,10,1,10186,POP,-1,bcehfpgdjloinakm
9,10,2,10186,PUSH,1,chldbjgefpainkom,-4,4,-1,1
9,10,4,10186,POP,-4,bcdlfghejpamnkio
9,10,0,10187,PUSH,-4,bchdfglepnaijkom,-4,4,-1,1
9,10,1,10187,DEL_EXPLORED,-4
9,10,2,10187,DEL_CUTOFF,1
9,10,4,10187,POP,-1,bcdlfghejpimnkao
9,10,0,10188,PUSH,1,bchdfglepniajkom,-4,4,-1
9,10,1,10188,POP,4,bcehfpgdjloinkam
9,10,2,10188,DEL_EXPLORED,-1
9,10,4,10188,DEL_EXPLORED,-4
9,10,0,10189,DEL_EXPLORED,-1
9,10,1,10189,PUSH,-4,bcehfpadjlginkom,-4,4,-1,1
9,10,2,10189,DEL_CUTOFF,4
9,10,4,10189,POP,4,bcdlfghejpimnkoa
9,10,0,10190,PUSH,4,bchdfglepnimjkoa,-4,-1
9,10,1,10190,PUSH,1,bcehfpdajlginkom,-4,4,-1
9,10,2,10190,DEL_CUTOFF,-4
9,10,4,10190,DEL_EXPLORED,-4
9,10,0,10191,DEL_CUTOFF,-1
9,10,1,10191,DEL_EXPLORED,-1
9,10,2,10191,POP,1,chldbjgefpainkom
9,10,4,10191,POP,4,bcdlfghejpiankom
9,10,0,10192,DEL_EXPLORED,-4
9,10,1,10192,DEL_CUTOFF,4
9,10,2,10192,PUSH,-1,chldbjgeafpinkom,-4,4,1
9,10,4,10192,DEL_EXPLORED,-4
9,10,0,10193,POP,4,bchdfglepnimjkoa
9,10,1,10193,DEL_CUTOFF,-4
9,10,2,10193,DEL_EXPLORED,1
9,10,4,10193,POP,4,bcdlfghajpienkom
9,10,0,10194,PUSH,-4,bchdfglapniejkom,-4,4,-1
9,10,1,10194,POP,1,bcehfpdajlginkom
9,10,2,10194,DEL_CUTOFF,4
9,10,4,10194,POP,1,bcdafghljpienkom
9,10,0,10195,DEL_CUTOFF,-1
9,10,1,10195,PUSH,-1,bcehfapdjlginkom,-4,4,-1,1
9,10,2,10195,DEL_CUTOFF,-4
9,10,4,10195,PUSH,-1,bacdfghljpienkom,4,-1,1
9,10,0,10196,DEL_EXPLORED,4
9,10,1,10196,DEL_EXPLORED,1
9,10,2,10196,POP,-1,chldbjgeafpinkom
9,10,4,10196,DEL_EXPLORED,1
9,10,0,10197,DEL_CUTOFF,-4
9,10,1,10197,DEL_CUTOFF,-1
9,10,2,10197,PUSH,4,chldbjgefkpinaom,-4,-1,1
9,10,4,10197,PUSH,-1,abcdfghljpienkom,4,1
9,10,0,10198,POP,-4,bchdfglapniejkom
9,10,1,10198,DEL_CUTOFF,4
9,10,2,10198,DEL_CUTOFF,1
9,10,4,10198,DEL_EXPLORED,1
9,10,0,10199,POP,1,bchdfglepniajkom
9,10,1,10199,DEL_CUTOFF,-4
9,10,2,10199,DEL_CUTOFF,-1
9,10,4,10199,PUSH,4,fbcdaghljpienkom,-4,4,1
9,10,0,10200,PUSH,-1,bchdfglepanijkom,-4,4,-1,1
9,10,1,10200,POP,-1,bcehfapdjlginkom
9,10,2,10200,DEL_EXPLORED,-4
9,10,4,10200,PUSH,1,fbcdgahljpienkom,-4,4,-1,1
9,10,0,10201,DEL_EXPLORED,1
9,10,1,10201,DEL_EXPLORED,4
9,10,2,10201,POP,4,chldbjgefkpinaom
9,10,4,10201,PUSH,1,fbcdghaljpienkom,-4,4,-1,1
9,10,0,10202,PUSH,-1,bchdfgleapnijkom,-4,4,1
9,10,1,10202,PUSH,-4,bcahfpedjlginkom,4,-1,1
9,10,2,10202,DEL_EXPLORED,-4
9,10,4,10202,PUSH,1,fbcdghlajpienkom,-4,4,-1
9,10,0,10203,DEL_EXPLORED,1
9,10,1,10203,DEL_CUTOFF,1
9,10,2,10203,POP,4,chldbjgefapinkom
9,10,4,10203,DEL_EXPLORED,-1
9,10,0,10204,DEL_CUTOFF,4
9,10,1,10204,DEL_CUTOFF,-1
9,10,2,10204,PUSH,-4,caldbhgefjpinkom,4,-1,1
9,10,4,10204,DEL_CUTOFF,4
9,10,0,10205,DEL_CUTOFF,-4
9,10,1,10205,DEL_EXPLORED,4
9,10,2,10205,PUSH,1,cladbhgefjpinkom,4,-1,1
9,10,4,10205,DEL_CUTOFF,-4
9,10,0,10206,POP,-1,bchdfgleapnijkom
9,10,1,10206,POP,-4,bcahfpedjlginkom
9,10,2,10206,DEL_CUTOFF,1
9,10,4,10206,POP,1,fbcdghlajpienkom
9,10,0,10207,PUSH,4,bchdfglepknijaom,-4,-1,1
9,10,1,10207,POP,-4,bcehfpadjlginkom
9,10,2,10207,DEL_EXPLORED,-1
9,10,4,10207,DEL_EXPLORED,-1
9,10,0,10208,DEL_CUTOFF,1
9,10,1,10208,POP,1,bcehfpgdjlainkom
9,10,2,10208,DEL_CUTOFF,4
9,10,4,10208,PUSH,4,fbcdghiljpaenkom,-4,4,-1,1
9,10,0,10209,DEL_CUTOFF,-1
9,10,1,10209,PUSH,-1,bcehfpgdajlinkom,-4,4,1
9,10,2,10209,POP,1,cladbhgefjpinkom
9,10,4,10209,DEL_CUTOFF,1
9,10,0,10210,DEL_EXPLORED,-4
9,10,1,10210,DEL_EXPLORED,1
9,10,2,10210,PUSH,-1,acldbhgefjpinkom,4,1
9,10,4,10210,DEL_CUTOFF,-1
9,10,0,10211,POP,4,bchdfglepknijaom
9,10,1,10211,PUSH,4,bcehfpgdnjliakom,-4,1
9,10,2,10211,DEL_EXPLORED,1
9,10,4,10211,DEL_CUTOFF,4
9,10,0,10212,PUSH,-4,bchdfalepgnijkom,-4,4,-1,1
9,10,1,10212,PUSH,1,bcehfpgdnjlikaom,-4,-1,1
9,10,2,10212,DEL_CUTOFF,4
9,10,4,10212,DEL_EXPLORED,-4
9,10,0,10213,DEL_CUTOFF,1
9,10,1,10213,DEL_CUTOFF,1
9,10,2,10213,POP,-1,acldbhgefjpinkom
9,10,4,10213,POP,4,fbcdghiljpaenkom
9,10,0,10214,DEL_CUTOFF,-1
9,10,1,10214,DEL_EXPLORED,-1
9,10,2,10214,DEL_EXPLORED,4
9,10,4,10214,PUSH,-4,fbadghcljpienkom,4,-1,1
9,10,0,10215,DEL_EXPLORED,4
9,10,1,10215,DEL_CUTOFF,-4
9,10,2,10215,POP,-4,caldbhgefjpinkom
9,10,4,10215,DEL_CUTOFF,1
9,10,0,10216,DEL_CUTOFF,-4
9,10,1,10216,POP,1,bcehfpgdnjlikaom
9,10,2,10216,POP,-1,chldbagefjpinkom
9,10,4,10216,DEL_CUTOFF,-1
9,10,0,10217,POP,-4,bchdfalepgnijkom
9,10,1,10217,DEL_EXPLORED,-4
9,10,2,10217,PUSH,4,chldbgpefjainkom,-4,4,-1,1
9,10,4,10217,DEL_EXPLORED,4
9,10,0,10218,POP,-1,bchdfglepanijkom
9,10,1,10218,POP,4,bcehfpgdnjliakom
9,10,2,10218,PUSH,1,chldbgpefjiankom,-4,4,-1
9,10,4,10218,POP,-4,fbadghcljpienkom
9,10,0,10219,DEL_EXPLORED,4
9,10,1,10219,PUSH,-4,bcehapgdfjlinkom,-4,4,1
9,10,2,10219,DEL_EXPLORED,-1
9,10,4,10219,POP,1,fbcdghaljpienkom
9,10,0,10220,PUSH,-4,bchdfgaepnlijkom,-4,4,-1,1
9,10,1,10220,PUSH,1,bcehpagdfjlinkom,-4,4,-1,1
9,10,2,10220,PUSH,4,chldbgpefjimnkoa,-4,-1
9,10,4,10220,DEL_EXPLORED,-1
9,10,0,10221,PUSH,1,bchdfgeapnlijkom,-4,4,-1
9,10,1,10221,DEL_CUTOFF,1
9,10,2,10221,DEL_CUTOFF,-1
9,10,4,10221,PUSH,4,fbcdgphljaienkom,-4,4,-1,1
9,10,0,10222,DEL_EXPLORED,-1
9,10,1,10222,DEL_EXPLORED,-1
9,10,2,10222,DEL_EXPLORED,-4
9,10,4,10222,PUSH,1,fbcdgphljiaenkom,-4,4,-1,1
9,10,0,10223,DEL_CUTOFF,4
9,10,1,10223,DEL_CUTOFF,4
9,10,2,10223,POP,4,chldbgpefjimnkoa
9,10,4,10223,DEL_CUTOFF,1
9,10,0,10224,DEL_CUTOFF,-4
9,10,1,10224,DEL_CUTOFF,-4
9,10,2,10224,PUSH,-4,chldbgpafjienkom,-4,4,-1
9,10,4,10224,DEL_EXPLORED,-1
9,10,0,10225,POP,1,bchdfgeapnlijkom
9,10,1,10225,POP,1,bcehpagdfjlinkom
9,10,2,10225,DEL_CUTOFF,-1
9,10,4,10225,DEL_CUTOFF,4
9,10,0,10226,PUSH,-1,bchdfagepnlijkom,-4,4,-1,1
9,10,1,10226,DEL_EXPLORED,4
9,10,2,10226,DEL_EXPLORED,4
9,10,4,10226,DEL_CUTOFF,-4
9,10,0,10227,DEL_EXPLORED,1
9,10,1,10227,PUSH,-4,acehbpgdfjlinkom,4,1
9,10,2,10227,DEL_CUTOFF,-4
9,10,4,10227,POP,1,fbcdgphljiaenkom
9,10,0,10228,DEL_CUTOFF,-1
9,10,1,10228,DEL_CUTOFF,1
9,10,2,10228,POP,-4,chldbgpafjienkom
9,10,4,10228,PUSH,-1,fbcdgphlajienkom,-4,4,1
9,10,0,10229,DEL_CUTOFF,4
9,10,1,10229,DEL_EXPLORED,4
9,10,2,10229,POP,1,chldbgpefjiankom
9,10,4,10229,DEL_EXPLORED,1
9,10,0,10230,DEL_CUTOFF,-4
9,10,1,10230,POP,-4,acehbpgdfjlinkom
9,10,2,10230,PUSH,-1,chldbgpefajinkom,-4,4,-1,1
9,10,4,10230,DEL_CUTOFF,4
9,10,0,10231,POP,-1,bchdfagepnlijkom
9,10,1,10231,POP,-4,bcehapgdfjlinkom
9,10,2,10231,DEL_EXPLORED,1
9,10,4,10231,DEL_CUTOFF,-4
9,10,0,10232,DEL_EXPLORED,4
9,10,1,10232,POP,-1,bcehfpgdajlinkom
9,10,2,10232,PUSH,-1,chldbgpeafjinkom,-4,4,1
9,10,4,10232,POP,-1,fbcdgphlajienkom
9,10,0,10233,PUSH,-4,bcadfghepnlijkom,4,-1,1
9,10,1,10233,PUSH,4,bcehfpgdjklinaom,-4,-1,1
9,10,2,10233,DEL_EXPLORED,1
9,10,4,10233,PUSH,4,fbcdgphljkienaom,-4,-1,1
9,10,0,10234,DEL_CUTOFF,1
9,10,1,10234,PUSH,1,bcehfpgdjklinoam,-4,-1,1
9,10,2,10234,DEL_CUTOFF,4
9,10,4,10234,DEL_CUTOFF,1
9,10,0,10235,DEL_CUTOFF,-1
9,10,1,10235,PUSH,1,bcehfpgdjklinoma,-4,-1
9,10,2,10235,DEL_CUTOFF,-4
9,10,4,10235,DEL_CUTOFF,-1
9,10,0,10236,DEL_EXPLORED,4
9,10,1,10236,DEL_EXPLORED,-1
9,10,2,10236,POP,-1,chldbgpeafjinkom
9,10,4,10236,DEL_EXPLORED,-4
9,10,0,10237,POP,-4,bcadfghepnlijkom
9,10,1,10237,DEL_CUTOFF,-4
9,10,2,10237,PUSH,4,chldbgpefkjinaom,-4,-1,1
9,10,4,10237,POP,4,fbcdgphljkienaom
9,10,0,10238,POP,-4,bchdfgaepnlijkom
9,10,1,10238,POP,1,bcehfpgdjklinoma
9,10,2,10238,DEL_CUTOFF,1
9,10,4,10238,DEL_EXPLORED,-4
9,10,0,10239,POP,-4,bchdfglepnaijkom
9,10,1,10239,DEL_EXPLORED,-1
9,10,2,10239,DEL_CUTOFF,-1
9,10,4,10239,POP,4,fbcdgphljaienkom
9,10,0,10240,POP,1,bchdfglepnoijkam
9,10,1,10240,PUSH,-4,bcehfpgdjkainolm,-4,4,-1,1
9,10,2,10240,DEL_EXPLORED,-4
9,10,4,10240,PUSH,-4,facdgbhljpienkom,4,-1,1
9,10,0,10241,PUSH,-1,bchdfglepnoiajkm,-4,1
9,10,1,10241,DEL_CUTOFF,1
9,10,2,10241,POP,4,chldbgpefkjinaom
9,10,4,10241,PUSH,1,fcadgbhljpienkom,4,-1,1
9,10,0,10242,DEL_EXPLORED,1
9,10,1,10242,DEL_CUTOFF,-1
9,10,2,10242,PUSH,-4,chldbapefgjinkom,-4,4,-1,1
9,10,4,10242,DEL_CUTOFF,1
9,10,0,10243,PUSH,-4,bchdfgleanoipjkm,-4,4,1
9,10,1,10243,DEL_EXPLORED,4
9,10,2,10243,DEL_CUTOFF,1
9,10,4,10243,DEL_EXPLORED,-1
9,10,0,10244,PUSH,1,bchdfglenaoipjkm,-4,4,-1,1
9,10,1,10244,DEL_CUTOFF,-4
9,10,2,10244,DEL_CUTOFF,-1
9,10,4,10244,DEL_CUTOFF,4
9,10,0,10245,PUSH,1,bchdfglenoaipjkm,-4,4,-1,1
9,10,1,10245,POP,-4,bcehfpgdjkainolm
9,10,2,10245,DEL_EXPLORED,4
9,10,4,10245,POP,1,fcadgbhljpienkom
9,10,0,10246,DEL_CUTOFF,1
9,10,1,10246,POP,1,bcehfpgdjklinoam
9,10,2,10246,DEL_CUTOFF,-4
9,10,4,10246,PUSH,-1,afcdgbhljpienkom,4,1
9,10,0,10247,DEL_EXPLORED,-1
9,10,1,10247,PUSH,-1,bcehfpgdjklianom,-4,1
9,10,2,10247,POP,-4,chldbapefgjinkom
9,10,4,10247,DEL_EXPLORED,1
9,10,0,10248,DEL_CUTOFF,4
9,10,1,10248,DEL_EXPLORED,1
9,10,2,10248,POP,-1,chldbgpefajinkom
9,10,4,10248,DEL_CUTOFF,4
9,10,0,10249,DEL_CUTOFF,-4
9,10,1,10249,PUSH,-4,bcehfpgdaklijnom,-4,4,1
9,10,2,10249,PUSH,4,chldbgpefjoinkam,-4,-1,1
9,10,4,10249,POP,-1,afcdgbhljpienkom
9,10,0,10250,POP,1,bchdfglenoaipjkm
9,10,1,10250,DEL_CUTOFF,1
9,10,2,10250,PUSH,1,chldbgpefjoinkma,-4,-1
9,10,4,10250,DEL_EXPLORED,4
9,10,0,10251,DEL_EXPLORED,-1
9,10,1,10251,DEL_EXPLORED,4
9,10,2,10251,DEL_EXPLORED,-1
9,10,4,10251,POP,-4,facdgbhljpienkom
9,10,0,10252,PUSH,4,bchdfglenjoipakm,-4,-1,1
9,10,1,10252,DEL_CUTOFF,-4
9,10,2,10252,DEL_CUTOFF,-4
9,10,4,10252,POP,1,fbcdgahljpienkom
9,10,0,10253,DEL_CUTOFF,1
9,10,1,10253,POP,-4,bcehfpgdaklijnom
9,10,2,10253,POP,1,chldbgpefjoinkma
9,10,4,10253,PUSH,4,fbcdjghlapienkom,-4,4,1
9,10,0,10254,DEL_CUTOFF,-1
9,10,1,10254,POP,-1,bcehfpgdjklianom
9,10,2,10254,PUSH,-1,chldbgpefjoinakm,-4,-1,1
9,10,4,10254,PUSH,1,fbcdjghlpaienkom,-4,4,-1,1
9,10,0,10255,DEL_EXPLORED,-4
9,10,1,10255,DEL_EXPLORED,-4
9,10,2,10255,DEL_EXPLORED,1
9,10,4,10255,PUSH,1,fbcdjghlpiaenkom,-4,4,-1,1
9,10,0,10256,POP,4,bchdfglenjoipakm
9,10,1,10256,POP,4,bcehfpgdjklinaom
9,10,2,10256,DEL_CUTOFF,-1
9,10,4,10256,DEL_CUTOFF,1
9,10,0,10257,PUSH,-4,bchdfalengoipjkm,-4,4,-1,1
9,10,1,10257,DEL_EXPLORED,-4
9,10,2,10257,DEL_CUTOFF,-4
9,10,4,10257,DEL_EXPLORED,-1
9,10,0,10258,DEL_CUTOFF,1
9,10,1,10258,POP,4,bcehfpgdjalinkom
9,10,2,10258,POP,-1,chldbgpefjoinakm
9,10,4,10258,DEL_CUTOFF,4
9,10,0,10259,DEL_CUTOFF,-1
9,10,1,10259,PUSH,-4,baehfcgdjplinkom,4,-1,1
9,10,2,10259,DEL_EXPLORED,-4
9,10,4,10259,DEL_CUTOFF,-4
9,10,0,10260,DEL_EXPLORED,4
9,10,1,10260,PUSH,1,beahfcgdjplinkom,4,-1,1
9,10,2,10260,POP,4,chldbgpefjoinkam
9,10,4,10260,POP,1,fbcdjghlpiaenkom
9,10,0,10261,DEL_CUTOFF,-4
9,10,1,10261,PUSH,1,behafcgdjplinkom,4,-1
9,10,2,10261,DEL_EXPLORED,-4
9,10,4,10261,DEL_EXPLORED,-1
9,10,0,10262,POP,-4,bchdfalengoipjkm
9,10,1,10262,DEL_EXPLORED,-1
9,10,2,10262,POP,4,chldbgpefjainkom
9,10,4,10262,PUSH,4,fbcdjghlpkienaom,-4,-1,1
9,10,0,10263,POP,1,bchdfglenaoipjkm
9,10,1,10263,PUSH,4,behdfcgajplinkom,-4,4,-1
9,10,2,10263,DEL_EXPLORED,-4
9,10,4,10263,DEL_CUTOFF,1
9,10,0,10264,DEL_EXPLORED,4
9,10,1,10264,DEL_CUTOFF,-1
9,10,2,10264,POP,4,chldbgaefjpinkom
9,10,4,10264,DEL_CUTOFF,-1
9,10,0,10265,PUSH,-4,bchdaglefnoipjkm,-4,4,1
9,10,1,10265,DEL_CUTOFF,4
9,10,2,10265,POP,1,chadbglefjpinkom
9,10,4,10265,DEL_EXPLORED,-4
9,10,0,10266,PUSH,1,bchdgalefnoipjkm,-4,4,-1,1
9,10,1,10266,DEL_EXPLORED,-4
9,10,2,10266,DEL_EXPLORED,-1
9,10,4,10266,POP,4,fbcdjghlpkienaom
9,10,0,10267,DEL_CUTOFF,1
9,10,1,10267,POP,4,behdfcgajplinkom
9,10,2,10267,PUSH,4,cghdbalefjpinkom,-4,4,-1,1
9,10,4,10267,PUSH,-4,fbcdjahlpgienkom,-4,4,-1,1
9,10,0,10268,DEL_EXPLORED,-1
9,10,1,10268,POP,1,behafcgdjplinkom
9,10,2,10268,PUSH,1,cghdblaefjpinkom,-4,4,-1,1
9,10,4,10268,DEL_CUTOFF,1
9,10,0,10269,DEL_CUTOFF,4
9,10,1,10269,DEL_EXPLORED,-1
9,10,2,10269,PUSH,1,cghdbleafjpinkom,-4,4,-1
9,10,4,10269,DEL_CUTOFF,-1
9,10,0,10270,DEL_CUTOFF,-4
9,10,1,10270,PUSH,4,beghfcadjplinkom,-4,4,-1,1
9,10,2,10270,DEL_EXPLORED,-1
9,10,4,10270,DEL_EXPLORED,4
9,10,0,10271,POP,1,bchdgalefnoipjkm
9,10,1,10271,PUSH,1,beghfcdajplinkom,-4,4,-1
9,10,2,10271,PUSH,4,cghdbleifjpankom,-4,4,-1
9,10,4,10271,DEL_CUTOFF,-4
9,10,0,10272,DEL_EXPLORED,4
9,10,1,10272,DEL_EXPLORED,-1
9,10,2,10272,PUSH,-1,cghdbleifjapnkom,-4,4,-1,1
9,10,4,10272,POP,-4,fbcdjahlpgienkom
9,10,0,10273,PUSH,-4,achdbglefnoipjkm,4,1
9,10,1,10273,DEL_CUTOFF,4
9,10,2,10273,DEL_EXPLORED,1
9,10,4,10273,POP,1,fbcdjghlpaienkom
9,10,0,10274,DEL_CUTOFF,1
9,10,1,10274,DEL_CUTOFF,-4
9,10,2,10274,DEL_CUTOFF,-1
9,10,4,10274,PUSH,4,fbcdjghlnpieakom,-4,1
9,10,0,10275,DEL_EXPLORED,4
9,10,1,10275,POP,1,beghfcdajplinkom
9,10,2,10275,DEL_CUTOFF,4
9,10,4,10275,PUSH,1,fbcdjghlnpiekaom,-4,-1,1
9,10,0,10276,POP,-4,achdbglefnoipjkm
9,10,1,10276,PUSH,-1,beghfacdjplinkom,-4,4,-1,1
9,10,2,10276,DEL_CUTOFF,-4
9,10,4,10276,DEL_CUTOFF,1
9,10,0,10277,POP,-4,bchdaglefnoipjkm
9,10,1,10277,DEL_EXPLORED,1
9,10,2,10277,POP,-1,cghdbleifjapnkom
9,10,4,10277,DEL_EXPLORED,-1
9,10,0,10278,POP,-4,bchdfgleanoipjkm
9,10,1,10278,DEL_CUTOFF,-1
9,10,2,10278,PUSH,4,cghdbleifjpmnkoa,-4,-1
9,10,4,10278,DEL_CUTOFF,-4
9,10,0,10279,POP,-1,bchdfglepnoiajkm
9,10,1,10279,DEL_CUTOFF,4
9,10,2,10279,DEL_CUTOFF,-1
9,10,4,10279,POP,1,fbcdjghlnpiekaom
9,10,0,10280,DEL_EXPLORED,-4
9,10,1,10280,DEL_CUTOFF,-4
9,10,2,10280,DEL_EXPLORED,-4
9,10,4,10280,DEL_EXPLORED,-4
9,10,0,10281,POP,4,bchdfglepnoijakm
9,10,1,10281,POP,-1,beghfacdjplinkom
9,10,2,10281,POP,4,cghdbleifjpmnkoa
9,10,4,10281,POP,4,fbcdjghlnpieakom
9,10,0,10282,PUSH,-4,bchdfalepgoijnkm,-4,4,-1,1
9,10,1,10282,PUSH,4,beghfcldjpainkom,-4,4,-1,1
9,10,2,10282,DEL_EXPLORED,-4
9,10,4,10282,DEL_EXPLORED,-4
9,10,0,10283,PUSH,1,bchdflaepgoijnkm,-4,4,-1,1
9,10,1,10283,DEL_CUTOFF,1
9,10,2,10283,POP,4,cghdbleifjpankom
9,10,4,10283,POP,4,fbcdjghlapienkom
9,10,0,10284,PUSH,1,bchdfleapgoijnkm,-4,4,-1
9,10,1,10284,DEL_CUTOFF,-1
9,10,2,10284,PUSH,-4,cghabledfjpinkom,4,-1
9,10,4,10284,DEL_EXPLORED,-4
9,10,0,10285,DEL_EXPLORED,-1
9,10,1,10285,DEL_CUTOFF,4
9,10,2,10285,PUSH,-1,cgahbledfjpinkom,4,-1,1
9,10,4,10285,POP,4,fbcdaghljpienkom
9,10,0,10286,PUSH,4,bchdfleipgoajnkm,-4,4,-1
9,10,1,10286,DEL_EXPLORED,-4
9,10,2,10286,DEL_EXPLORED,1
9,10,4,10286,POP,-1,abcdfghljpienkom
9,10,0,10287,PUSH,-1,bchdfleipgaojnkm,-4,4,-1,1
9,10,1,10287,POP,4,beghfcldjpainkom
9,10,2,10287,DEL_CUTOFF,-1
9,10,4,10287,PUSH,4,bgcdfahljpienkom,-4,4,-1,1
9,10,0,10288,DEL_EXPLORED,1
9,10,1,10288,DEL_EXPLORED,-4
9,10,2,10288,DEL_CUTOFF,4
9,10,4,10288,PUSH,1,bgcdfhaljpienkom,-4,4,-1,1
9,10,0,10289,DEL_CUTOFF,-1
9,10,1,10289,POP,4,beghfcadjplinkom
9,10,2,10289,POP,-1,cgahbledfjpinkom
9,10,4,10289,PUSH,1,bgcdfhlajpienkom,-4,4,-1
9,10,0,10290,DEL_CUTOFF,4
9,10,1,10290,POP,1,beahfcgdjplinkom
9,10,2,10290,DEL_EXPLORED,4
9,10,4,10290,DEL_EXPLORED,-1
9,10,0,10291,DEL_CUTOFF,-4
9,10,1,10291,PUSH,-1,abehfcgdjplinkom,4,1
9,10,2,10291,POP,-4,cghabledfjpinkom
9,10,4,10291,PUSH,4,bgcdfhlejpiankom,-4,4,-1
9,10,0,10292,POP,-1,bchdfleipgaojnkm
9,10,1,10292,DEL_EXPLORED,1
9,10,2,10292,POP,1,cghdbleafjpinkom
9,10,4,10292,PUSH,-1,bgcdfhlejpainkom,-4,4,-1,1
9,10,0,10293,PUSH,4,bchdfleipgomjnka,-4,-1
9,10,1,10293,PUSH,4,fbehacgdjplinkom,-4,4,1
9,10,2,10293,DEL_EXPLORED,-1
9,10,4,10293,DEL_EXPLORED,1
9,10,0,10294,DEL_CUTOFF,-1
9,10,1,10294,PUSH,1,fbehcagdjplinkom,-4,4,-1,1
9,10,2,10294,PUSH,4,cghdblpefjainkom,-4,4,-1,1
9,10,4,10294,DEL_CUTOFF,-1
9,10,0,10295,DEL_EXPLORED,-4
9,10,1,10295,DEL_CUTOFF,1
9,10,2,10295,PUSH,1,cghdblpefjiankom,-4,4,-1
9,10,4,10295,DEL_CUTOFF,4
9,10,0,10296,POP,4,bchdfleipgomjnka
9,10,1,10296,DEL_EXPLORED,-1
9,10,2,10296,DEL_EXPLORED,-1
9,10,4,10296,DEL_CUTOFF,-4
9,10,0,10297,DEL_EXPLORED,-4
9,10,1,10297,DEL_CUTOFF,4
9,10,2,10297,PUSH,4,cghdblpefjimnkoa,-4,-1
9,10,4,10297,POP,-1,bgcdfhlejpainkom
9,10,0,10298,POP,4,bchdfleipgoajnkm
9,10,1,10298,DEL_CUTOFF,-4
9,10,2,10298,DEL_CUTOFF,-1
9,10,4,10298,PUSH,4,bgcdfhlejpimnkoa,-4,-1
9,10,0,10299,PUSH,-4,bchafledpgoijnkm,4,-1
9,10,1,10299,POP,1,fbehcagdjplinkom
9,10,2,10299,DEL_EXPLORED,-4
9,10,4,10299,DEL_CUTOFF,-1
9,10,0,10300,PUSH,-1,bcahfledpgoijnkm,4,-1,1
9,10,1,10300,PUSH,4,fbehjcgdaplinkom,-4,4,1
9,10,2,10300,POP,4,cghdblpefjimnkoa
9,10,4,10300,DEL_EXPLORED,-4
9,10,0,10301,DEL_EXPLORED,1
9,10,1,10301,DEL_CUTOFF,1
9,10,2,10301,PUSH,-4,cghdblpafjienkom,-4,4,-1
9,10,4,10301,POP,4,bgcdfhlejpimnkoa
9,10,0,10302,DEL_CUTOFF,-1
9,10,1,10302,DEL_CUTOFF,4
9,10,2,10302,DEL_CUTOFF,-1
9,10,4,10302,DEL_EXPLORED,-4
9,10,0,10303,DEL_CUTOFF,4
9,10,1,10303,DEL_EXPLORED,-4
9,10,2,10303,DEL_EXPLORED,4
9,10,4,10303,POP,4,bgcdfhlejpiankom
9,10,0,10304,POP,-1,bcahfledpgoijnkm
9,10,1,10304,POP,4,fbehjcgdaplinkom
9,10,2,10304,DEL_CUTOFF,-4
9,10,4,10304,PUSH,-4,bgcafhldjpienkom,4,-1
9,10,0,10305,DEL_EXPLORED,4
9,10,1,10305,DEL_EXPLORED,-4
9,10,2,10305,POP,-4,cghdblpafjienkom
9,10,4,10305,PUSH,-1,bgacfhldjpienkom,4,-1,1
9,10,0,10306,POP,-4,bchafledpgoijnkm
9,10,1,10306,POP,4,fbehacgdjplinkom
9,10,2,10306,POP,1,cghdblpefjiankom
9,10,4,10306,DEL_EXPLORED,1
9,10,0,10307,POP,1,bchdfleapgoijnkm
9,10,1,10307,POP,-1,abehfcgdjplinkom
9,10,2,10307,PUSH,-1,cghdblpefajinkom,-4,4,-1,1
9,10,4,10307,DEL_CUTOFF,-1
9,10,0,10308,DEL_EXPLORED,-1
9,10,1,10308,DEL_EXPLORED,4
9,10,2,10308,DEL_EXPLORED,1
9,10,4,10308,DEL_CUTOFF,4
9,10,0,10309,PUSH,4,bchdfloepgaijnkm,-4,4,-1,1
9,10,1,10309,POP,-4,baehfcgdjplinkom
9,10,2,10309,PUSH,-1,cghdblpeafjinkom,-4,4,1
9,10,4,10309,POP,-1,bgacfhldjpienkom
9,10,0,10310,PUSH,1,bchdfloepgiajnkm,-4,4,-1
9,10,1,10310,POP,-1,bcehfagdjplinkom
9,10,2,10310,DEL_EXPLORED,1
9,10,4,10310,DEL_EXPLORED,4
9,10,0,10311,DEL_EXPLORED,-1
9,10,1,10311,PUSH,4,bcehfgldjpainkom,-4,4,-1,1
9,10,2,10311,DEL_CUTOFF,4
9,10,4,10311,POP,-4,bgcafhldjpienkom
9,10,0,10312,PUSH,4,bchdfloepgimjnka,-4,-1
9,10,1,10312,PUSH,1,bcehfgldjpiankom,-4,4,-1
9,10,2,10312,DEL_CUTOFF,-4
9,10,4,10312,POP,1,bgcdfhlajpienkom
9,10,0,10313,DEL_CUTOFF,-1
9,10,1,10313,DEL_EXPLORED,-1
9,10,2,10313,POP,-1,cghdblpeafjinkom
9,10,4,10313,DEL_EXPLORED,-1
9,10,0,10314,DEL_EXPLORED,-4
9,10,1,10314,PUSH,4,bcehfgldjpimnkoa,-4,-1
9,10,2,10314,PUSH,4,cghdblpefkjinaom,-4,-1,1
9,10,4,10314,PUSH,4,bgcdfhiljpaenkom,-4,4,-1,1
9,10,0,10315,POP,4,bchdfloepgimjnka
9,10,1,10315,PUSH,-1,bcehfgldjpimnkao,-4,-1,1
9,10,2,10315,DEL_CUTOFF,1
9,10,4,10315,PUSH,1,bgcdfhiljpeankom,-4,4,-1
9,10,0,10316,PUSH,-4,bchdfloapgiejnkm,-4,4,-1
9,10,1,10316,DEL_EXPLORED,1
9,10,2,10316,DEL_CUTOFF,-1
9,10,4,10316,DEL_EXPLORED,-1
9,10,0,10317,DEL_CUTOFF,-1
9,10,1,10317,PUSH,-1,bcehfgldjpimnako,-4,-1,1
9,10,2,10317,DEL_EXPLORED,-4
9,10,4,10317,PUSH,4,bgcdfhiljpemnkoa,-4,-1
9,10,0,10318,DEL_EXPLORED,4
9,10,1,10318,DEL_EXPLORED,1
9,10,2,10318,POP,4,cghdblpefkjinaom
9,10,4,10318,DEL_CUTOFF,-1
9,10,0,10319,DEL_CUTOFF,-4
9,10,1,10319,DEL_CUTOFF,-1
9,10,2,10319,PUSH,-4,cghdbapefljinkom,-4,4,-1,1
9,10,4,10319,DEL_EXPLORED,-4
9,10,0,10320,POP,-4,bchdfloapgiejnkm
9,10,1,10320,DEL_CUTOFF,-4
9,10,2,10320,DEL_CUTOFF,1
9,10,4,10320,POP,4,bgcdfhiljpemnkoa
9,10,0,10321,POP,1,bchdfloepgiajnkm
9,10,1,10321,POP,-1,bcehfgldjpimnako
9,10,2,10321,DEL_CUTOFF,-1
9,10,4,10321,PUSH,-4,bgcdfhiajpelnkom,-4,4,-1
9,10,0,10322,PUSH,-1,bchdfloepagijnkm,-4,4,-1,1
9,10,1,10322,PUSH,-4,bcehfgldjpamnkio,-4,4,-1,1
9,10,2,10322,DEL_EXPLORED,4
9,10,4,10322,DEL_CUTOFF,-1
9,10,0,10323,DEL_EXPLORED,1
9,10,1,10323,DEL_CUTOFF,1
9,10,2,10323,DEL_CUTOFF,-4
9,10,4,10323,DEL_EXPLORED,4
9,10,0,10324,PUSH,-1,bchdfloeapgijnkm,-4,4,1
9,10,1,10324,DEL_CUTOFF,-1
9,10,2,10324,POP,-4,cghdbapefljinkom
9,10,4,10324,DEL_CUTOFF,-4
9,10,0,10325,DEL_EXPLORED,1
9,10,1,10325,DEL_EXPLORED,4
9,10,2,10325,POP,-1,cghdblpefajinkom
9,10,4,10325,POP,-4,bgcdfhiajpelnkom
9,10,0,10326,DEL_CUTOFF,4
9,10,1,10326,DEL_CUTOFF,-4
9,10,2,10326,PUSH,4,cghdblpefjoinkam,-4,-1,1
9,10,4,10326,POP,1,bgcdfhiljpeankom
9,10,0,10327,DEL_CUTOFF,-4
9,10,1,10327,POP,-4,bcehfgldjpamnkio
9,10,2,10327,PUSH,1,cghdblpefjoinkma,-4,-1
9,10,4,10327,PUSH,-1,bgcdfhiljapenkom,-4,4,-1,1
9,10,0,10328,POP,-1,bchdfloeapgijnkm
9,10,1,10328,POP,-1,bcehfgldjpimnkao
9,10,2,10328,DEL_EXPLORED,-1
9,10,4,10328,DEL_EXPLORED,1
9,10,0,10329,PUSH,4,bchdfloepngijakm,-4,-1,1
9,10,1,10329,DEL_EXPLORED,-4
9,10,2,10329,DEL_CUTOFF,-4
9,10,4,10329,PUSH,-1,bgcdfhilajpenkom,-4,4,1
9,10,0,10330,DEL_CUTOFF,1
9,10,1,10330,POP,4,bcehfgldjpimnkoa
9,10,2,10330,POP,1,cghdblpefjoinkma
9,10,4,10330,DEL_EXPLORED,1
9,10,0,10331,DEL_CUTOFF,-1
9,10,1,10331,PUSH,-4,bcehfglajpidnkom,-4,4,-1
9,10,2,10331,PUSH,-1,cghdblpefjoinakm,-4,-1,1
9,10,4,10331,DEL_CUTOFF,4
9,10,0,10332,DEL_EXPLORED,-4
9,10,1,10332,PUSH,-1,bcehfgaljpidnkom,-4,4,-1,1
9,10,2,10332,DEL_EXPLORED,1
9,10,4,10332,DEL_CUTOFF,-4
9,10,0,10333,POP,4,bchdfloepngijakm
9,10,1,10333,DEL_EXPLORED,1
9,10,2,10333,DEL_CUTOFF,-1
9,10,4,10333,POP,-1,bgcdfhilajpenkom
9,10,0,10334,PUSH,-4,bchdfaoeplgijnkm,-4,4,-1,1
9,10,1,10334,PUSH,-1,bcehfagljpidnkom,-4,4,-1,1
9,10,2,10334,DEL_CUTOFF,-4
9,10,4,10334,PUSH,4,bgcdfhiljkpenaom,-4,-1,1
9,10,0,10335,DEL_CUTOFF,1
9,10,1,10335,DEL_EXPLORED,1
9,10,2,10335,POP,-1,cghdblpefjoinakm
9,10,4,10335,DEL_CUTOFF,1
9,10,0,10336,DEL_CUTOFF,-1
9,10,1,10336,DEL_CUTOFF,-1
9,10,2,10336,DEL_EXPLORED,-4
9,10,4,10336,DEL_CUTOFF,-1
9,10,0,10337,DEL_EXPLORED,4
9,10,1,10337,DEL_CUTOFF,4
9,10,2,10337,POP,4,cghdblpefjoinkam
9,10,4,10337,DEL_EXPLORED,-4
9,10,0,10338,DEL_CUTOFF,-4
9,10,1,10338,DEL_CUTOFF,-4
9,10,2,10338,DEL_EXPLORED,-4
9,10,4,10338,POP,4,bgcdfhiljkpenaom
9,10,0,10339,POP,-4,bchdfaoeplgijnkm
9,10,1,10339,POP,-1,bcehfagljpidnkom
9,10,2,10339,POP,4,cghdblpefjainkom
9,10,4,10339,PUSH,-4,bgcdfailjhpenkom,-4,4,-1,1
9,10,0,10340,POP,-1,bchdfloepagijnkm
9,10,1,10340,PUSH,4,bcehfgiljpadnkom,-4,4,-1,1
9,10,2,10340,PUSH,-4,cgadblhefjpinkom,4,-1,1
9,10,4,10340,DEL_CUTOFF,1
9,10,0,10341,PUSH,4,bchdfloepgkijnam,-4,-1,1
9,10,1,10341,DEL_CUTOFF,1
9,10,2,10341,PUSH,1,cgdablhefjpinkom,4,-1
9,10,4,10341,DEL_CUTOFF,-1
9,10,0,10342,PUSH,1,bchdfloepgkijnma,-4,-1
9,10,1,10342,DEL_CUTOFF,-1
9,10,2,10342,DEL_EXPLORED,-1
9,10,4,10342,DEL_EXPLORED,4
9,10,0,10343,DEL_EXPLORED,-1
9,10,1,10343,DEL_CUTOFF,4
9,10,2,10343,PUSH,4,cgdeblhafjpinkom,-4,4,-1
9,10,4,10343,DEL_CUTOFF,-4
9,10,0,10344,DEL_CUTOFF,-4
9,10,1,10344,DEL_EXPLORED,-4
9,10,2,10344,DEL_CUTOFF,-1
9,10,4,10344,POP,-4,bgcdfailjhpenkom
9,10,0,10345,POP,1,bchdfloepgkijnma
9,10,1,10345,POP,4,bcehfgiljpadnkom
9,10,2,10345,DEL_CUTOFF,4
9,10,4,10345,POP,-1,bgcdfhiljapenkom
9,10,0,10346,PUSH,-1,bchdfloepgkijanm,-4,-1,1
9,10,1,10346,PUSH,-4,bcahfgeljpidnkom,4,-1,1
9,10,2,10346,DEL_EXPLORED,-4
9,10,4,10346,PUSH,4,bgcdfhiljpoenkam,-4,-1,1
9,10,0,10347,DEL_EXPLORED,1
9,10,1,10347,DEL_CUTOFF,1
9,10,2,10347,POP,4,cgdeblhafjpinkom
9,10,4,10347,PUSH,1,bgcdfhiljpoenkma,-4,-1
9,10,0,10348,DEL_CUTOFF,-1
9,10,1,10348,DEL_CUTOFF,-1
9,10,2,10348,POP,1,cgdablhefjpinkom
9,10,4,10348,DEL_EXPLORED,-1
9,10,0,10349,DEL_CUTOFF,-4
9,10,1,10349,DEL_EXPLORED,4
9,10,2,10349,PUSH,-1,cagdblhefjpinkom,4,-1,1
9,10,4,10349,DEL_CUTOFF,-4
9,10,0,10350,POP,-1,bchdfloepgkijanm
9,10,1,10350,POP,-4,bcahfgeljpidnkom
9,10,2,10350,DEL_EXPLORED,1
9,10,4,10350,POP,1,bgcdfhiljpoenkma
9,10,0,10351,DEL_EXPLORED,-4
9,10,1,10351,POP,-1,bcehfgaljpidnkom
9,10,2,10351,PUSH,-1,acgdblhefjpinkom,4,1
9,10,4,10351,PUSH,-1,bgcdfhiljpoenakm,-4,-1,1
9,10,0,10352,POP,4,bchdfloepgkijnam
9,10,1,10352,DEL_EXPLORED,4
9,10,2,10352,DEL_EXPLORED,1
9,10,4,10352,DEL_EXPLORED,1
9,10,0,10353,DEL_EXPLORED,-4
9,10,1,10353,PUSH,-4,bceafglhjpidnkom,4,-1
9,10,2,10353,DEL_CUTOFF,4
9,10,4,10353,DEL_CUTOFF,-1
9,10,0,10354,POP,4,bchdfloepgaijnkm
9,10,1,10354,PUSH,-1,bcaefglhjpidnkom,4,-1,1
9,10,2,10354,POP,-1,acgdblhefjpinkom
9,10,4,10354,DEL_CUTOFF,-4
9,10,0,10355,PUSH,-4,bcadflhepgoijnkm,4,-1,1
9,10,1,10355,DEL_EXPLORED,1
9,10,2,10355,PUSH,4,clgdbahefjpinkom,-4,4,-1,1
9,10,4,10355,POP,-1,bgcdfhiljpoenakm
9,10,0,10356,PUSH,1,bcdaflhepgoijnkm,4,-1
9,10,1,10356,DEL_CUTOFF,-1
9,10,2,10356,DEL_CUTOFF,1
9,10,4,10356,DEL_EXPLORED,-4
9,10,0,10357,DEL_EXPLORED,-1
9,10,1,10357,DEL_CUTOFF,4
9,10,2,10357,DEL_CUTOFF,-1
9,10,4,10357,POP,4,bgcdfhiljpoenkam
9,10,0,10358,PUSH,4,bcdeflhapgoijnkm,-4,4,-1
9,10,1,10358,POP,-1,bcaefglhjpidnkom
9,10,2,10358,DEL_CUTOFF,4
9,10,4,10358,DEL_EXPLORED,-4
9,10,0,10359,DEL_CUTOFF,-1
9,10,1,10359,DEL_EXPLORED,4
9,10,2,10359,DEL_EXPLORED,-4
9,10,4,10359,POP,4,bgcdfhiljpaenkom
9,10,0,10360,DEL_CUTOFF,4
9,10,1,10360,POP,-4,bceafglhjpidnkom
9,10,2,10360,POP,4,clgdbahefjpinkom
9,10,4,10360,PUSH,-4,bgadfhcljpienkom,4,-1,1
9,10,0,10361,DEL_EXPLORED,-4
9,10,1,10361,POP,-4,bcehfglajpidnkom
9,10,2,10361,POP,-1,cagdblhefjpinkom
9,10,4,10361,PUSH,1,bgdafhcljpienkom,4,-1
9,10,0,10362,POP,4,bcdeflhapgoijnkm
9,10,1,10362,POP,1,bcehfgldjpiankom
9,10,2,10362,DEL_EXPLORED,4
9,10,4,10362,DEL_EXPLORED,-1
9,10,0,10363,POP,1,bcdaflhepgoijnkm
9,10,1,10363,PUSH,-1,bcehfgldjapinkom,-4,4,-1,1
9,10,2,10363,POP,-4,cgadblhefjpinkom
9,10,4,10363,PUSH,4,bgdlfhcajpienkom,-4,4,-1
9,10,0,10364,PUSH,-1,bacdflhepgoijnkm,4,-1,1
9,10,1,10364,DEL_EXPLORED,1
9,10,2,10364,POP,1,cghdblaefjpinkom
9,10,4,10364,DEL_CUTOFF,-1
9,10,0,10365,DEL_EXPLORED,1
9,10,1,10365,PUSH,-1,bcehfgldajpinkom,-4,4,1
9,10,2,10365,PUSH,-1,cghdablefjpinkom,-4,4,1
9,10,4,10365,DEL_CUTOFF,4
9,10,0,10366,PUSH,-1,abcdflhepgoijnkm,4,1
9,10,1,10366,DEL_EXPLORED,1
9,10,2,10366,DEL_EXPLORED,1
9,10,4,10366,DEL_EXPLORED,-4
9,10,0,10367,DEL_EXPLORED,1
9,10,1,10367,PUSH,4,bcehfgldnjpiakom,-4,1
9,10,2,10367,PUSH,4,cghdfbleajpinkom,-4,4,1
9,10,4,10367,POP,4,bgdlfhcajpienkom
9,10,0,10368,DEL_CUTOFF,4
9,10,1,10368,PUSH,1,bcehfgldnjpikaom,-4,-1,1
9,10,2,10368,PUSH,1,cghdfblejapinkom,-4,4,-1,1
9,10,4,10368,POP,1,bgdafhcljpienkom
9,10,0,10369,POP,-1,abcdflhepgoijnkm
9,10,1,10369,DEL_CUTOFF,1
9,10,2,10369,PUSH,1,cghdfblejpainkom,-4,4,-1,1
9,10,4,10369,PUSH,-1,bagdfhcljpienkom,4,-1,1
9,10,0,10370,PUSH,4,blcdfahepgoijnkm,-4,4,-1,1
9,10,1,10370,DEL_EXPLORED,-1
9,10,2,10370,DEL_CUTOFF,1
9,10,4,10370,DEL_EXPLORED,1
9,10,0,10371,DEL_CUTOFF,1
9,10,1,10371,DEL_CUTOFF,-4
9,10,2,10371,DEL_EXPLORED,-1
9,10,4,10371,PUSH,-1,abgdfhcljpienkom,4,1
9,10,0,10372,DEL_CUTOFF,-1
9,10,1,10372,POP,1,bcehfgldnjpikaom
9,10,2,10372,DEL_CUTOFF,4
9,10,4,10372,DEL_EXPLORED,1
9,10,0,10373,DEL_CUTOFF,4
9,10,1,10373,DEL_EXPLORED,-4
9,10,2,10373,DEL_CUTOFF,-4
9,10,4,10373,DEL_CUTOFF,4
9,10,0,10374,DEL_EXPLORED,-4
9,10,1,10374,POP,4,bcehfgldnjpiakom
9,10,2,10374,POP,1,cghdfblejpainkom
9,10,4,10374,POP,-1,abgdfhcljpienkom
9,10,0,10375,POP,4,blcdfahepgoijnkm
9,10,1,10375,PUSH,-4,bcehagldfjpinkom,-4,4,1
9,10,2,10375,DEL_EXPLORED,-1
9,10,4,10375,PUSH,4,bhgdfacljpienkom,-4,4,-1,1
9,10,0,10376,POP,-1,bacdflhepgoijnkm
9,10,1,10376,PUSH,1,bcehgaldfjpinkom,-4,4,-1,1
9,10,2,10376,PUSH,4,cghdfblejkpinaom,-4,-1,1
9,10,4,10376,DEL_CUTOFF,1
9,10,0,10377,DEL_EXPLORED,4
9,10,1,10377,DEL_CUTOFF,1
9,10,2,10377,DEL_CUTOFF,1
9,10,4,10377,DEL_CUTOFF,-1
9,10,0,10378,POP,-4,bcadflhepgoijnkm
9,10,1,10378,DEL_EXPLORED,-1
9,10,2,10378,DEL_CUTOFF,-1
9,10,4,10378,DEL_CUTOFF,4
9,10,0,10379,POP,1,bchdflaepgoijnkm
9,10,1,10379,DEL_CUTOFF,4
9,10,2,10379,DEL_EXPLORED,-4
9,10,4,10379,DEL_EXPLORED,-4
9,10,0,10380,PUSH,-1,bchdaflepgoijnkm,-4,4,1
9,10,1,10380,DEL_CUTOFF,-4
9,10,2,10380,POP,4,cghdfblejkpinaom
9,10,4,10380,POP,4,bhgdfacljpienkom
9,10,0,10381,DEL_EXPLORED,1
9,10,1,10381,POP,1,bcehgaldfjpinkom
9,10,2,10381,PUSH,-4,cghdfalejbpinkom,-4,4,-1,1
9,10,4,10381,POP,-1,bagdfhcljpienkom
9,10,0,10382,PUSH,4,bchdpfleagoijnkm,-4,4,1
9,10,1,10382,DEL_EXPLORED,4
9,10,2,10382,DEL_CUTOFF,1
9,10,4,10382,DEL_EXPLORED,4
9,10,0,10383,PUSH,1,bchdpflegaoijnkm,-4,4,-1,1
9,10,1,10383,PUSH,-4,acehbgldfjpinkom,4,1
9,10,2,10383,DEL_CUTOFF,-1
9,10,4,10383,POP,-4,bgadfhcljpienkom
9,10,0,10384,PUSH,1,bchdpflegoaijnkm,-4,4,-1,1
9,10,1,10384,DEL_CUTOFF,1
9,10,2,10384,DEL_EXPLORED,4
9,10,4,10384,POP,1,bgcdfhaljpienkom
9,10,0,10385,DEL_CUTOFF,1
9,10,1,10385,DEL_EXPLORED,4
9,10,2,10385,DEL_CUTOFF,-4
9,10,4,10385,PUSH,-1,bgcdafhljpienkom,-4,4,1
9,10,0,10386,DEL_EXPLORED,-1
9,10,1,10386,POP,-4,acehbgldfjpinkom
9,10,2,10386,POP,-4,cghdfalejbpinkom
9,10,4,10386,DEL_EXPLORED,1
9,10,0,10387,DEL_CUTOFF,4
9,10,1,10387,POP,-4,bcehagldfjpinkom
9,10,2,10387,POP,1,cghdfblejapinkom
9,10,4,10387,PUSH,4,bgcdjfhlapienkom,-4,4,1
9,10,0,10388,DEL_CUTOFF,-4
9,10,1,10388,POP,-1,bcehfgldajpinkom
9,10,2,10388,PUSH,4,cghdfblenjpiakom,-4,1
9,10,4,10388,PUSH,1,bgcdjfhlpaienkom,-4,4,-1,1
9,10,0,10389,POP,1,bchdpflegoaijnkm
9,10,1,10389,PUSH,4,bcehfgldjkpinaom,-4,-1,1
9,10,2,10389,PUSH,1,cghdfblenjpikaom,-4,-1,1
9,10,4,10389,PUSH,1,bgcdjfhlpiaenkom,-4,4,-1,1
9,10,0,10390,DEL_EXPLORED,-1
9,10,1,10390,PUSH,1,bcehfgldjkpinoam,-4,-1,1
9,10,2,10390,DEL_CUTOFF,1
9,10,4,10390,DEL_CUTOFF,1
9,10,0,10391,PUSH,4,bchdpflegnoijakm,-4,-1,1
9,10,1,10391,PUSH,1,bcehfgldjkpinoma,-4,-1
9,10,2,10391,DEL_EXPLORED,-1
9,10,4,10391,DEL_EXPLORED,-1
9,10,0,10392,DEL_CUTOFF,1
9,10,1,10392,DEL_EXPLORED,-1
9,10,2,10392,DEL_CUTOFF,-4
9,10,4,10392,DEL_CUTOFF,4
9,10,0,10393,DEL_CUTOFF,-1
9,10,1,10393,DEL_CUTOFF,-4
9,10,2,10393,POP,1,cghdfblenjpikaom
9,10,4,10393,DEL_CUTOFF,-4
9,10,0,10394,DEL_EXPLORED,-4
9,10,1,10394,POP,1,bcehfgldjkpinoma
9,10,2,10394,DEL_EXPLORED,-4
9,10,4,10394,POP,1,bgcdjfhlpiaenkom
9,10,0,10395,POP,4,bchdpflegnoijakm
9,10,1,10395,DEL_EXPLORED,-1
9,10,2,10395,POP,4,cghdfblenjpiakom
9,10,4,10395,DEL_EXPLORED,-1
9,10,0,10396,PUSH,-4,bchdpalegfoijnkm,-4,4,-1,1
9,10,1,10396,PUSH,-4,bcehfgldjkainopm,-4,4,-1,1
9,10,2,10396,DEL_EXPLORED,-4
9,10,4,10396,PUSH,4,bgcdjfhlpkienaom,-4,-1,1
9,10,0,10397,DEL_CUTOFF,1
9,10,1,10397,DEL_CUTOFF,1
9,10,2,10397,POP,4,cghdfbleajpinkom
9,10,4,10397,DEL_CUTOFF,1
9,10,0,10398,DEL_CUTOFF,-1
9,10,1,10398,DEL_CUTOFF,-1
9,10,2,10398,PUSH,-4,aghdcblefjpinkom,4,1
9,10,4,10398,DEL_CUTOFF,-1
9,10,0,10399,DEL_EXPLORED,4
9,10,1,10399,DEL_EXPLORED,4
9,10,2,10399,PUSH,1,gahdcblefjpinkom,4,-1,1
9,10,4,10399,DEL_EXPLORED,-4
9,10,0,10400,DEL_CUTOFF,-4
9,10,1,10400,DEL_CUTOFF,-4
9,10,2,10400,PUSH,1,ghadcblefjpinkom,4,-1,1
9,10,4,10400,POP,4,bgcdjfhlpkienaom
9,10,0,10401,POP,-4,bchdpalegfoijnkm
9,10,1,10401,POP,-4,bcehfgldjkainopm
9,10,2,10401,DEL_CUTOFF,1
9,10,4,10401,PUSH,-4,bgcdjahlpfienkom,-4,4,-1,1
9,10,0,10402,POP,1,bchdpflegaoijnkm
9,10,1,10402,POP,1,bcehfgldjkpinoam
9,10,2,10402,DEL_EXPLORED,-1
9,10,4,10402,DEL_CUTOFF,1
9,10,0,10403,PUSH,4,bchdpflejgoiankm,-4,1
9,10,1,10403,PUSH,-1,bcehfgldjkpianom,-4,1
9,10,2,10403,DEL_CUTOFF,4
9,10,4,10403,DEL_CUTOFF,-1
9,10,0,10404,PUSH,1,bchdpflejgoinakm,-4,-1,1
9,10,1,10404,DEL_EXPLORED,1
9,10,2,10404,POP,1,ghadcblefjpinkom
9,10,4,10404,DEL_EXPLORED,4
9,10,0,10405,DEL_CUTOFF,1
9,10,1,10405,PUSH,-4,bcehfgldakpijnom,-4,4,1
9,10,2,10405,DEL_EXPLORED,-1
9,10,4,10405,DEL_CUTOFF,-4
9,10,0,10406,DEL_EXPLORED,-1
9,10,1,10406,DEL_CUTOFF,1
9,10,2,10406,PUSH,4,gbhdcalefjpinkom,-4,4,-1,1
9,10,4,10406,POP,-4,bgcdjahlpfienkom
9,10,0,10407,DEL_CUTOFF,-4
9,10,1,10407,DEL_EXPLORED,4
9,10,2,10407,DEL_CUTOFF,1
9,10,4,10407,POP,1,bgcdjfhlpaienkom
9,10,0,10408,POP,1,bchdpflejgoinakm
9,10,1,10408,DEL_CUTOFF,-4
9,10,2,10408,DEL_CUTOFF,-1
9,10,4,10408,PUSH,4,bgcdjfhlnpieakom,-4,1
9,10,0,10409,DEL_EXPLORED,-4
9,10,1,10409,POP,-4,bcehfgldakpijnom
9,10,2,10409,DEL_CUTOFF,4
9,10,4,10409,PUSH,1,bgcdjfhlnpiekaom,-4,-1,1
9,10,0,10410,POP,4,bchdpflejgoiankm
9,10,1,10410,POP,-1,bcehfgldjkpianom
9,10,2,10410,DEL_EXPLORED,-4
9,10,4,10410,DEL_CUTOFF,1
9,10,0,10411,DEL_EXPLORED,-4
9,10,1,10411,DEL_EXPLORED,-4
9,10,2,10411,POP,4,gbhdcalefjpinkom
9,10,4,10411,DEL_EXPLORED,-1
9,10,0,10412,POP,4,bchdpfleagoijnkm
9,10,1,10412,POP,4,bcehfgldjkpinaom
9,10,2,10412,POP,1,gahdcblefjpinkom
9,10,4,10412,DEL_CUTOFF,-4
9,10,0,10413,PUSH,-4,achdbflepgoijnkm,4,1
9,10,1,10413,PUSH,-4,bcehfaldjgpinkom,-4,4,-1,1
9,10,2,10413,DEL_EXPLORED,4
9,10,4,10413,POP,1,bgcdjfhlnpiekaom
9,10,0,10414,PUSH,1,cahdbflepgoijnkm,4,-1,1
9,10,1,10414,PUSH,1,bcehfladjgpinkom,-4,4,-1,1
9,10,2,10414,POP,-4,aghdcblefjpinkom
9,10,4,10414,DEL_EXPLORED,-4
9,10,0,10415,PUSH,1,chadbflepgoijnkm,4,-1,1
9,10,1,10415,PUSH,1,bcehfldajgpinkom,-4,4,-1
9,10,2,10415,POP,-1,cghdablefjpinkom
9,10,4,10415,POP,4,bgcdjfhlnpieakom
9,10,0,10416,DEL_CUTOFF,1
9,10,1,10416,DEL_EXPLORED,-1
9,10,2,10416,PUSH,4,cghdbjlefapinkom,-4,4,-1,1
9,10,4,10416,DEL_EXPLORED,-4
9,10,0,10417,DEL_EXPLORED,-1
9,10,1,10417,DEL_CUTOFF,4
9,10,2,10417,PUSH,1,cghdbjlefpainkom,-4,4,-1,1
9,10,4,10417,POP,4,bgcdjfhlapienkom
9,10,0,10418,DEL_CUTOFF,4
9,10,1,10418,DEL_CUTOFF,-4
9,10,2,10418,PUSH,1,cghdbjlefpiankom,-4,4,-1
9,10,4,10418,PUSH,-4,agcdbfhljpienkom,4,1
9,10,0,10419,POP,1,chadbflepgoijnkm
9,10,1,10419,POP,1,bcehfldajgpinkom
9,10,2,10419,DEL_EXPLORED,-1
9,10,4,10419,PUSH,1,gacdbfhljpienkom,4,-1,1
9,10,0,10420,DEL_EXPLORED,-1
9,10,1,10420,DEL_EXPLORED,-1
9,10,2,10420,PUSH,4,cghdbjlefpimnkoa,-4,-1
9,10,4,10420,PUSH,1,gcadbfhljpienkom,4,-1,1
9,10,0,10421,PUSH,4,cfhdbalepgoijnkm,-4,4,-1,1
9,10,1,10421,PUSH,4,bcehflpdjgainkom,-4,4,-1,1
9,10,2,10421,DEL_CUTOFF,-1
9,10,4,10421,DEL_CUTOFF,1
9,10,0,10422,DEL_CUTOFF,1
9,10,1,10422,DEL_CUTOFF,1
9,10,2,10422,DEL_EXPLORED,-4
9,10,4,10422,DEL_EXPLORED,-1
9,10,0,10423,DEL_CUTOFF,-1
9,10,1,10423,DEL_CUTOFF,-1
9,10,2,10423,POP,4,cghdbjlefpimnkoa
9,10,4,10423,DEL_CUTOFF,4
9,10,0,10424,DEL_CUTOFF,4
9,10,1,10424,DEL_CUTOFF,4
9,10,2,10424,PUSH,-4,cghdbjlafpienkom,-4,4,-1
9,10,4,10424,POP,1,gcadbfhljpienkom
9,10,0,10425,DEL_EXPLORED,-4
9,10,1,10425,DEL_EXPLORED,-4
9,10,2,10425,DEL_CUTOFF,-1
9,10,4,10425,DEL_EXPLORED,-1
9,10,0,10426,POP,4,cfhdbalepgoijnkm
9,10,1,10426,POP,4,bcehflpdjgainkom
9,10,2,10426,DEL_EXPLORED,4
9,10,4,10426,PUSH,4,gfcdbahljpienkom,-4,4,-1,1
9,10,0,10427,POP,1,cahdbflepgoijnkm
9,10,1,10427,PUSH,-4,bcahfledjgpinkom,4,-1,1
9,10,2,10427,DEL_CUTOFF,-4
9,10,4,10427,DEL_CUTOFF,1
9,10,0,10428,DEL_EXPLORED,4
9,10,1,10428,DEL_CUTOFF,1
9,10,2,10428,POP,-4,cghdbjlafpienkom
9,10,4,10428,DEL_CUTOFF,-1
9,10,0,10429,POP,-4,achdbflepgoijnkm
9,10,1,10429,DEL_CUTOFF,-1
9,10,2,10429,POP,1,cghdbjlefpiankom
9,10,4,10429,DEL_CUTOFF,4
9,10,0,10430,POP,-1,bchdaflepgoijnkm
9,10,1,10430,DEL_EXPLORED,4
9,10,2,10430,DEL_EXPLORED,-1
9,10,4,10430,DEL_EXPLORED,-4
9,10,0,10431,DEL_EXPLORED,4
9,10,1,10431,POP,-4,bcahfledjgpinkom
9,10,2,10431,PUSH,4,cghdbjlefpoinkam,-4,-1,1
9,10,4,10431,POP,4,gfcdbahljpienkom
9,10,0,10432,PUSH,-4,bahdfclepgoijnkm,4,-1,1
9,10,1,10432,POP,1,bcehfladjgpinkom
9,10,2,10432,PUSH,1,cghdbjlefpoinkma,-4,-1
9,10,4,10432,POP,1,gacdbfhljpienkom
9,10,0,10433,PUSH,1,bhadfclepgoijnkm,4,-1,1
9,10,1,10433,PUSH,-1,bcehafldjgpinkom,-4,4,1
9,10,2,10433,DEL_EXPLORED,-1
9,10,4,10433,DEL_EXPLORED,4
9,10,0,10434,PUSH,1,bhdafclepgoijnkm,4,-1
9,10,1,10434,DEL_EXPLORED,1
9,10,2,10434,DEL_CUTOFF,-4
9,10,4,10434,POP,-4,agcdbfhljpienkom
9,10,0,10435,DEL_EXPLORED,-1
9,10,1,10435,PUSH,4,bcehjfldagpinkom,-4,4,1
9,10,2,10435,POP,1,cghdbjlefpoinkma
9,10,4,10435,POP,-1,bgcdafhljpienkom
9,10,0,10436,PUSH,4,bhdefclapgoijnkm,-4,4,-1
9,10,1,10436,DEL_CUTOFF,1
9,10,2,10436,PUSH,-1,cghdbjlefpoinakm,-4,-1,1
9,10,4,10436,PUSH,4,bgcdfphljaienkom,-4,4,-1,1
9,10,0,10437,DEL_CUTOFF,-1
9,10,1,10437,DEL_CUTOFF,4
9,10,2,10437,DEL_EXPLORED,1
9,10,4,10437,PUSH,1,bgcdfphljiaenkom,-4,4,-1,1
9,10,0,10438,DEL_CUTOFF,4
9,10,1,10438,DEL_EXPLORED,-4
9,10,2,10438,DEL_CUTOFF,-1
9,10,4,10438,PUSH,1,bgcdfphljieankom,-4,4,-1
9,10,0,10439,DEL_EXPLORED,-4
9,10,1,10439,POP,4,bcehjfldagpinkom
9,10,2,10439,DEL_CUTOFF,-4
9,10,4,10439,DEL_EXPLORED,-1
9,10,0,10440,POP,4,bhdefclapgoijnkm
9,10,1,10440,PUSH,-4,acehbfldjgpinkom,4,1
9,10,2,10440,POP,-1,cghdbjlefpoinakm
9,10,4,10440,PUSH,4,bgcdfphljiemnkoa,-4,-1
9,10,0,10441,POP,1,bhdafclepgoijnkm
9,10,1,10441,DEL_CUTOFF,1
9,10,2,10441,DEL_EXPLORED,-4
9,10,4,10441,DEL_CUTOFF,-1
9,10,0,10442,DEL_EXPLORED,-1
9,10,1,10442,DEL_EXPLORED,4
9,10,2,10442,POP,4,cghdbjlefpoinkam
9,10,4,10442,DEL_EXPLORED,-4
9,10,0,10443,PUSH,4,bhldfcaepgoijnkm,-4,4,-1,1
9,10,1,10443,POP,-4,acehbfldjgpinkom
9,10,2,10443,PUSH,-4,cghdbjaefplinkom,-4,4,-1,1
9,10,4,10443,POP,4,bgcdfphljiemnkoa
9,10,0,10444,PUSH,1,bhldfceapgoijnkm,-4,4,-1
9,10,1,10444,POP,-1,bcehafldjgpinkom
9,10,2,10444,PUSH,1,cghdbjeafplinkom,-4,4,-1
9,10,4,10444,PUSH,-4,bgcdfphajielnkom,-4,4,-1
9,10,0,10445,DEL_EXPLORED,-1
9,10,1,10445,DEL_EXPLORED,4
9,10,2,10445,DEL_EXPLORED,-1
9,10,4,10445,DEL_CUTOFF,-1
9,10,0,10446,DEL_CUTOFF,4
9,10,1,10446,PUSH,-4,baehfcldjgpinkom,4,-1,1
9,10,2,10446,DEL_CUTOFF,4
9,10,4,10446,DEL_EXPLORED,4
9,10,0,10447,DEL_CUTOFF,-4
9,10,1,10447,PUSH,1,beahfcldjgpinkom,4,-1,1
9,10,2,10447,DEL_CUTOFF,-4
9,10,4,10447,DEL_CUTOFF,-4
9,10,0,10448,POP,1,bhldfceapgoijnkm
9,10,1,10448,DEL_CUTOFF,1
9,10,2,10448,POP,1,cghdbjeafplinkom
9,10,4,10448,POP,-4,bgcdfphajielnkom
9,10,0,10449,PUSH,-1,bhldfacepgoijnkm,-4,4,-1,1
9,10,1,10449,DEL_EXPLORED,-1
9,10,2,10449,PUSH,-1,cghdbajefplinkom,-4,4,-1,1
9,10,4,10449,POP,1,bgcdfphljieankom
9,10,0,10450,DEL_EXPLORED,1
9,10,1,10450,DEL_CUTOFF,4
9,10,2,10450,DEL_EXPLORED,1
9,10,4,10450,DEL_EXPLORED,-1
9,10,0,10451,DEL_CUTOFF,-1
9,10,1,10451,POP,1,beahfcldjgpinkom
9,10,2,10451,DEL_CUTOFF,-1
9,10,4,10451,PUSH,4,bgcdfphljioenkam,-4,-1,1
9,10,0,10452,DEL_CUTOFF,4
9,10,1,10452,PUSH,-1,abehfcldjgpinkom,4,1
9,10,2,10452,DEL_CUTOFF,4
9,10,4,10452,PUSH,1,bgcdfphljioenkma,-4,-1
9,10,0,10453,DEL_CUTOFF,-4
9,10,1,10453,DEL_EXPLORED,1
9,10,2,10453,DEL_CUTOFF,-4
9,10,4,10453,DEL_EXPLORED,-1
9,10,0,10454,POP,-1,bhldfacepgoijnkm
9,10,1,10454,DEL_CUTOFF,4
9,10,2,10454,POP,-1,cghdbajefplinkom
9,10,4,10454,DEL_CUTOFF,-4
9,10,0,10455,PUSH,4,bhldfcoepgaijnkm,-4,4,-1,1
9,10,1,10455,POP,-1,abehfcldjgpinkom
9,10,2,10455,DEL_EXPLORED,4
9,10,4,10455,POP,1,bgcdfphljioenkma
9,10,0,10456,DEL_CUTOFF,1
9,10,1,10456,DEL_EXPLORED,4
9,10,2,10456,PUSH,-4,cgadbjhefplinkom,4,-1,1
9,10,4,10456,PUSH,-1,bgcdfphljioenakm,-4,-1,1
9,10,0,10457,DEL_CUTOFF,-1
9,10,1,10457,POP,-4,baehfcldjgpinkom
9,10,2,10457,DEL_CUTOFF,1
9,10,4,10457,DEL_EXPLORED,1
9,10,0,10458,DEL_CUTOFF,4
9,10,1,10458,POP,-4,bcehfaldjgpinkom
9,10,2,10458,DEL_CUTOFF,-1
9,10,4,10458,DEL_CUTOFF,-1
9,10,0,10459,DEL_EXPLORED,-4
9,10,1,10459,POP,-1,bcehfgldjapinkom
9,10,2,10459,DEL_EXPLORED,4
9,10,4,10459,DEL_CUTOFF,-4
9,10,0,10460,POP,4,bhldfcoepgaijnkm
9,10,1,10460,PUSH,4,bcehfgldjpoinkam,-4,-1,1
9,10,2,10460,POP,-4,cgadbjhefplinkom
9,10,4,10460,POP,-1,bgcdfphljioenakm
9,10,0,10461,DEL_EXPLORED,-4
9,10,1,10461,PUSH,1,bcehfgldjpoinkma,-4,-1
9,10,2,10461,POP,-4,cghdbjaefplinkom
9,10,4,10461,DEL_EXPLORED,-4
9,10,0,10462,POP,4,bhldfcaepgoijnkm
9,10,1,10462,DEL_EXPLORED,-1
9,10,2,10462,POP,1,cghdbjlefpainkom
9,10,4,10462,POP,4,bgcdfphljioenkam
9,10,0,10463,POP,1,bhadfclepgoijnkm
9,10,1,10463,PUSH,-4,bcehfgldjpoankmi,-4,4,-1
9,10,2,10463,PUSH,-1,cghdbjleafpinkom,-4,4,1
9,10,4,10463,PUSH,-4,bgcdfpaljihenkom,-4,4,-1,1
9,10,0,10464,PUSH,-1,abhdfclepgoijnkm,4,1
9,10,1,10464,PUSH,-1,bcehfgldjpaonkmi,-4,4,-1,1
9,10,2,10464,DEL_EXPLORED,1
9,10,4,10464,PUSH,1,bgcdfplajihenkom,-4,4,-1
9,10,0,10465,DEL_EXPLORED,1
9,10,1,10465,DEL_EXPLORED,1
9,10,2,10465,PUSH,4,cghdbjlenfpiakom,-4,1
9,10,4,10465,DEL_EXPLORED,-1
9,10,0,10466,PUSH,4,fbhdaclepgoijnkm,-4,4,1
9,10,1,10466,DEL_CUTOFF,-1
9,10,2,10466,PUSH,1,cghdbjlenfpikaom,-4,-1,1
9,10,4,10466,DEL_CUTOFF,4
9,10,0,10467,PUSH,1,fbhdcalepgoijnkm,-4,4,-1,1
9,10,1,10467,DEL_CUTOFF,4
9,10,2,10467,DEL_CUTOFF,1
9,10,4,10467,DEL_CUTOFF,-4
9,10,0,10468,DEL_CUTOFF,1
9,10,1,10468,DEL_CUTOFF,-4
9,10,2,10468,DEL_EXPLORED,-1
9,10,4,10468,POP,1,bgcdfplajihenkom
9,10,0,10469,DEL_EXPLORED,-1
9,10,1,10469,POP,-1,bcehfgldjpaonkmi
9,10,2,10469,DEL_CUTOFF,-4
9,10,4,10469,PUSH,-1,bgcdfapljihenkom,-4,4,-1,1
9,10,0,10470,DEL_CUTOFF,4
9,10,1,10470,DEL_EXPLORED,4
9,10,2,10470,POP,1,cghdbjlenfpikaom
9,10,4,10470,DEL_EXPLORED,1
9,10,0,10471,DEL_CUTOFF,-4
9,10,1,10471,PUSH,-4,bcehfglajpodnkmi,-4,4,-1
9,10,2,10471,DEL_EXPLORED,-4
9,10,4,10471,DEL_CUTOFF,-1
9,10,0,10472,POP,1,fbhdcalepgoijnkm
9,10,1,10472,DEL_CUTOFF,-1
9,10,2,10472,POP,4,cghdbjlenfpiakom
9,10,4,10472,DEL_CUTOFF,4
9,10,0,10473,PUSH,4,fbhdpcleagoijnkm,-4,4,1
9,10,1,10473,DEL_EXPLORED,4
9,10,2,10473,PUSH,-4,cghdajlebfpinkom,-4,4,1
9,10,4,10473,DEL_CUTOFF,-4
9,10,0,10474,DEL_CUTOFF,1
9,10,1,10474,DEL_CUTOFF,-4
9,10,2,10474,PUSH,1,cghdjalebfpinkom,-4,4,-1,1
9,10,4,10474,POP,-1,bgcdfapljihenkom
9,10,0,10475,DEL_CUTOFF,4
9,10,1,10475,POP,-4,bcehfglajpodnkmi
9,10,2,10475,DEL_CUTOFF,1
9,10,4,10475,DEL_EXPLORED,4
9,10,0,10476,DEL_EXPLORED,-4
9,10,1,10476,POP,-4,bcehfgldjpoankmi
9,10,2,10476,DEL_EXPLORED,-1
9,10,4,10476,PUSH,-4,bgadfpcljihenkom,4,-1,1
9,10,0,10477,POP,4,fbhdpcleagoijnkm
9,10,1,10477,POP,1,bcehfgldjpoinkma
9,10,2,10477,DEL_CUTOFF,4
9,10,4,10477,DEL_CUTOFF,1
9,10,0,10478,DEL_EXPLORED,-4
9,10,1,10478,PUSH,-1,bcehfgldjpoinakm,-4,-1,1
9,10,2,10478,DEL_CUTOFF,-4
9,10,4,10478,DEL_CUTOFF,-1
9,10,0,10479,POP,4,fbhdaclepgoijnkm
9,10,1,10479,DEL_EXPLORED,1
9,10,2,10479,POP,1,cghdjalebfpinkom
9,10,4,10479,DEL_EXPLORED,4
9,10,0,10480,POP,-1,abhdfclepgoijnkm
9,10,1,10480,PUSH,-1,bcehfgldjpoiankm,-4,1
9,10,2,10480,DEL_EXPLORED,4
9,10,4,10480,POP,-4,bgadfpcljihenkom
9,10,0,10481,DEL_EXPLORED,4
9,10,1,10481,DEL_EXPLORED,1
9,10,2,10481,PUSH,-4,aghdcjlebfpinkom,4,1
9,10,4,10481,POP,-4,bgcdfpaljihenkom
9,10,0,10482,POP,-4,bahdfclepgoijnkm
9,10,1,10482,PUSH,-4,bcehfgldapoijnkm,-4,4,1
9,10,2,10482,DEL_CUTOFF,1
9,10,4,10482,POP,1,bgcdfphljiaenkom
9,10,0,10483,POP,-4,bchdfalepgoijnkm
9,10,1,10483,DEL_CUTOFF,1
9,10,2,10483,DEL_EXPLORED,4
9,10,4,10483,PUSH,-1,bgcdfphlajienkom,-4,4,1
9,10,0,10484,POP,1,bchdfglepaoijnkm
9,10,1,10484,DEL_EXPLORED,4
9,10,2,10484,POP,-4,aghdcjlebfpinkom
9,10,4,10484,DEL_EXPLORED,1
9,10,0,10485,DEL_EXPLORED,4
9,10,1,10485,DEL_CUTOFF,-4
9,10,2,10485,POP,-4,cghdajlebfpinkom
9,10,4,10485,PUSH,4,bgcdfphlnjieakom,-4,1
9,10,0,10486,PUSH,-4,bchdaglefpoijnkm,-4,4,1
9,10,1,10486,POP,-4,bcehfgldapoijnkm
9,10,2,10486,POP,-1,cghdbjleafpinkom
9,10,4,10486,PUSH,1,bgcdfphlnjiekaom,-4,-1,1
9,10,0,10487,PUSH,1,bchdgalefpoijnkm,-4,4,-1,1
9,10,1,10487,POP,-1,bcehfgldjpoiankm
9,10,2,10487,PUSH,4,cghdbjlefkpinaom,-4,-1,1
9,10,4,10487,DEL_CUTOFF,1
9,10,0,10488,PUSH,1,bchdglaefpoijnkm,-4,4,-1,1
9,10,1,10488,PUSH,-4,bcehfgldjaoinpkm,-4,4,-1,1
9,10,2,10488,PUSH,1,cghdbjlefkpinoam,-4,-1,1
9,10,4,10488,DEL_EXPLORED,-1
9,10,0,10489,PUSH,1,bchdgleafpoijnkm,-4,4,-1
9,10,1,10489,PUSH,1,bcehfgldjoainpkm,-4,4,-1,1
9,10,2,10489,PUSH,1,cghdbjlefkpinoma,-4,-1
9,10,4,10489,DEL_CUTOFF,-4
9,10,0,10490,DEL_EXPLORED,-1
9,10,1,10490,DEL_CUTOFF,1
9,10,2,10490,DEL_EXPLORED,-1
9,10,4,10490,POP,1,bgcdfphlnjiekaom
9,10,0,10491,PUSH,4,bchdgleifpoajnkm,-4,4,-1
9,10,1,10491,DEL_EXPLORED,-1
9,10,2,10491,DEL_CUTOFF,-4
9,10,4,10491,DEL_EXPLORED,-4
9,10,0,10492,PUSH,-1,bchdgleifpaojnkm,-4,4,-1,1
9,10,1,10492,DEL_CUTOFF,4
9,10,2,10492,POP,1,cghdbjlefkpinoma
9,10,4,10492,POP,4,bgcdfphlnjieakom
9,10,0,10493,DEL_EXPLORED,1
9,10,1,10493,DEL_CUTOFF,-4
9,10,2,10493,DEL_EXPLORED,-1
9,10,4,10493,PUSH,-4,bgcdaphlfjienkom,-4,4,1
9,10,0,10494,DEL_CUTOFF,-1
9,10,1,10494,POP,1,bcehfgldjoainpkm
9,10,2,10494,PUSH,-4,cghdbjlefkainopm,-4,4,-1,1
9,10,4,10494,PUSH,1,bgcdpahlfjienkom,-4,4,-1,1
9,10,0,10495,DEL_CUTOFF,4
9,10,1,10495,PUSH,-1,bcehfgldajoinpkm,-4,4,1
9,10,2,10495,DEL_CUTOFF,1
9,10,4,10495,DEL_CUTOFF,1
9,10,0,10496,DEL_CUTOFF,-4
9,10,1,10496,DEL_EXPLORED,1
9,10,2,10496,DEL_CUTOFF,-1
9,10,4,10496,DEL_EXPLORED,-1
9,10,0,10497,POP,-1,bchdgleifpaojnkm
9,10,1,10497,DEL_CUTOFF,4
9,10,2,10497,DEL_EXPLORED,4
9,10,4,10497,DEL_CUTOFF,4
9,10,0,10498,PUSH,4,bchdgleifpomjnka,-4,-1
9,10,1,10498,DEL_CUTOFF,-4
9,10,2,10498,DEL_CUTOFF,-4
9,10,4,10498,DEL_CUTOFF,-4
9,10,0,10499,DEL_CUTOFF,-1
9,10,1,10499,POP,-1,bcehfgldajoinpkm
9,10,2,10499,POP,-4,cghdbjlefkainopm
9,10,4,10499,POP,1,bgcdpahlfjienkom
9,10,0,10500,DEL_EXPLORED,-4
9,10,1,10500,DEL_EXPLORED,4
9,10,2,10500,POP,1,cghdbjlefkpinoam
9,10,4,10500,DEL_EXPLORED,4
9,10,0,10501,POP,4,bchdgleifpomjnka
9,10,1,10501,PUSH,-4,bcehfaldjgoinpkm,-4,4,-1,1
9,10,2,10501,PUSH,-1,cghdbjlefkpianom,-4,1
9,10,4,10501,PUSH,-4,agcdbphlfjienkom,4,1
9,10,0,10502,DEL_EXPLORED,-4
9,10,1,10502,DEL_CUTOFF,1
9,10,2,10502,DEL_EXPLORED,1
9,10,4,10502,DEL_CUTOFF,1
9,10,0,10503,POP,4,bchdgleifpoajnkm
9,10,1,10503,DEL_CUTOFF,-1
9,10,2,10503,PUSH,-4,cghdbjleakpifnom,-4,4,1
9,10,4,10503,DEL_EXPLORED,4
9,10,0,10504,PUSH,-4,bchagledfpoijnkm,4,-1
9,10,1,10504,DEL_EXPLORED,4
9,10,2,10504,DEL_CUTOFF,1
9,10,4,10504,POP,-4,agcdbphlfjienkom
9,10,0,10505,PUSH,-1,bcahgledfpoijnkm,4,-1,1
9,10,1,10505,DEL_CUTOFF,-4
9,10,2,10505,DEL_EXPLORED,4
9,10,4,10505,POP,-4,bgcdaphlfjienkom
9,10,0,10506,DEL_EXPLORED,1
9,10,1,10506,POP,-4,bcehfaldjgoinpkm
9,10,2,10506,DEL_CUTOFF,-4
9,10,4,10506,POP,-1,bgcdfphlajienkom
9,10,0,10507,DEL_CUTOFF,-1
9,10,1,10507,POP,-4,bcehfgldjaoinpkm
9,10,2,10507,POP,-4,cghdbjleakpifnom
9,10,4,10507,PUSH,4,bgcdfphljkienaom,-4,-1,1
9,10,0,10508,DEL_CUTOFF,4
9,10,1,10508,POP,-1,bcehfgldjpoinakm
9,10,2,10508,POP,-1,cghdbjlefkpianom
9,10,4,10508,PUSH,1,bgcdfphljkienoam,-4,-1,1
9,10,0,10509,POP,-1,bcahgledfpoijnkm
9,10,1,10509,DEL_EXPLORED,-4
9,10,2,10509,DEL_EXPLORED,-4
9,10,4,10509,PUSH,1,bgcdfphljkienoma,-4,-1
9,10,0,10510,DEL_EXPLORED,4
9,10,1,10510,POP,4,bcehfgldjpoinkam
9,10,2,10510,POP,4,cghdbjlefkpinaom
9,10,4,10510,DEL_EXPLORED,-1
9,10,0,10511,POP,-4,bchagledfpoijnkm
9,10,1,10511,DEL_EXPLORED,-4
9,10,2,10511,DEL_EXPLORED,-4
9,10,4,10511,DEL_CUTOFF,-4
9,10,0,10512,POP,1,bchdgleafpoijnkm
9,10,1,10512,POP,4,bcehfgldjpainkom
9,10,2,10512,POP,4,cghdbjlefapinkom
9,10,4,10512,POP,1,bgcdfphljkienoma
9,10,0,10513,DEL_EXPLORED,-1
9,10,1,10513,DEL_EXPLORED,-4
9,10,2,10513,DEL_EXPLORED,-4
9,10,4,10513,DEL_EXPLORED,-1
9,10,0,10514,PUSH,4,bchdgloefpaijnkm,-4,4,-1,1
9,10,1,10514,POP,4,bcehfgadjplinkom
9,10,2,10514,POP,4,cghdbalefjpinkom
9,10,4,10514,PUSH,-4,bgcdfphljkaenoim,-4,4,-1,1
9,10,0,10515,PUSH,1,bchdgloefpiajnkm,-4,4,-1
9,10,1,10515,POP,-1,bcahfgedjplinkom
9,10,2,10515,POP,1,cahdbglefjpinkom
9,10,4,10515,DEL_CUTOFF,1
9,10,0,10516,DEL_EXPLORED,-1
9,10,1,10516,DEL_EXPLORED,4
9,10,2,10516,DEL_EXPLORED,4
9,10,4,10516,DEL_CUTOFF,-1
9,10,0,10517,PUSH,4,bchdgloefpimjnka,-4,-1
9,10,1,10517,POP,-4,bchafgedjplinkom
9,10,2,10517,POP,-4,achdbglefjpinkom
9,10,4,10517,DEL_EXPLORED,4
9,10,0,10518,DEL_CUTOFF,-1
9,10,1,10518,POP,1,bchdfgeajplinkom
9,10,2,10518,POP,-4,bchdaglefjpinkom
9,10,4,10518,DEL_CUTOFF,-4
9,10,0,10519,DEL_EXPLORED,-4
9,10,1,10519,PUSH,-1,bchdfagejplinkom,-4,4,-1,1
9,10,2,10519,POP,-1,bchdfgleajpinkom
9,10,4,10519,POP,-4,bgcdfphljkaenoim
9,10,0,10520,POP,4,bchdgloefpimjnka
9,10,1,10520,DEL_EXPLORED,1
9,10,2,10520,PUSH,4,bchdfglejkpinaom,-4,-1,1
9,10,4,10520,POP,1,bgcdfphljkienoam
9,10,0,10521,PUSH,-4,bchdgloafpiejnkm,-4,4,-1
9,10,1,10521,PUSH,-1,bchdafgejplinkom,-4,4,1
9,10,2,10521,PUSH,1,bchdfglejkpinoam,-4,-1,1
9,10,4,10521,PUSH,-1,bgcdfphljkieanom,-4,1
9,10,0,10522,DEL_CUTOFF,-1
9,10,1,10522,DEL_EXPLORED,1
9,10,2,10522,PUSH,1,bchdfglejkpinoma,-4,-1
9,10,4,10522,DEL_EXPLORED,1
9,10,0,10523,DEL_EXPLORED,4
9,10,1,10523,PUSH,4,bchdjfgeaplinkom,-4,4,1
9,10,2,10523,DEL_EXPLORED,-1
9,10,4,10523,PUSH,-4,bgcdfphlakiejnom,-4,4,1
9,10,0,10524,DEL_CUTOFF,-4
9,10,1,10524,PUSH,1,bchdjfgepalinkom,-4,4,-1,1
9,10,2,10524,PUSH,-4,bchdfglejkpanomi,-4,4,-1
9,10,4,10524,DEL_CUTOFF,1
9,10,0,10525,POP,-4,bchdgloafpiejnkm
9,10,1,10525,PUSH,1,bchdjfgeplainkom,-4,4,-1,1
9,10,2,10525,PUSH,-1,bchdfglejkapnomi,-4,4,-1,1
9,10,4,10525,DEL_EXPLORED,4
9,10,0,10526,POP,1,bchdgloefpiajnkm
9,10,1,10526,PUSH,1,bchdjfgepliankom,-4,4,-1
9,10,2,10526,DEL_EXPLORED,1
9,10,4,10526,DEL_CUTOFF,-4
9,10,0,10527,PUSH,-1,bchdgloefapijnkm,-4,4,-1,1
9,10,1,10527,DEL_EXPLORED,-1
9,10,2,10527,PUSH,-1,bchdfglejakpnomi,-4,4,-1,1
9,10,4,10527,POP,-4,bgcdfphlakiejnom
9,10,0,10528,DEL_EXPLORED,1
9,10,1,10528,PUSH,4,bchdjfgeplimnkoa,-4,-1
9,10,2,10528,DEL_EXPLORED,1
9,10,4,10528,POP,-1,bgcdfphljkieanom
9,10,0,10529,PUSH,-1,bchdgloeafpijnkm,-4,4,1
9,10,1,10529,PUSH,-1,bchdjfgeplimnkao,-4,-1,1
9,10,2,10529,PUSH,-1,bchdfgleajkpnomi,-4,4,1
9,10,4,10529,DEL_EXPLORED,-4
9,10,0,10530,DEL_EXPLORED,1
9,10,1,10530,DEL_EXPLORED,1
9,10,2,10530,DEL_EXPLORED,1
9,10,4,10530,POP,4,bgcdfphljkienaom
9,10,0,10531,DEL_CUTOFF,4
9,10,1,10531,PUSH,-1,bchdjfgeplimnako,-4,-1,1
9,10,2,10531,PUSH,4,bchdfglenjkpaomi,-4,1
9,10,4,10531,DEL_EXPLORED,-4
9,10,0,10532,DEL_CUTOFF,-4
9,10,1,10532,DEL_EXPLORED,1
9,10,2,10532,PUSH,1,bchdfglenjkpoami,-4,-1,1
9,10,4,10532,POP,4,bgcdfphljaienkom
9,10,0,10533,POP,-1,bchdgloeafpijnkm
9,10,1,10533,DEL_CUTOFF,-1
9,10,2,10533,DEL_CUTOFF,1
9,10,4,10533,DEL_EXPLORED,-4
9,10,0,10534,PUSH,4,bchdgloefnpijakm,-4,-1,1
9,10,1,10534,DEL_CUTOFF,-4
9,10,2,10534,DEL_EXPLORED,-1
9,10,4,10534,POP,4,bgcdfahljpienkom
9,10,0,10535,DEL_CUTOFF,1
9,10,1,10535,POP,-1,bchdjfgeplimnako
9,10,2,10535,DEL_CUTOFF,-4
9,10,4,10535,POP,-1,bacdfghljpienkom
9,10,0,10536,DEL_CUTOFF,-1
9,10,1,10536,PUSH,-4,bchdjfgeplamnkio,-4,4,-1,1
9,10,2,10536,POP,1,bchdfglenjkpoami
9,10,4,10536,DEL_EXPLORED,4
9,10,0,10537,DEL_EXPLORED,-4
9,10,1,10537,DEL_CUTOFF,1
9,10,2,10537,DEL_EXPLORED,-4
9,10,4,10537,POP,-4,bcadfghljpienkom
9,10,0,10538,POP,4,bchdgloefnpijakm
9,10,1,10538,DEL_CUTOFF,-1
9,10,2,10538,POP,4,bchdfglenjkpaomi
9,10,4,10538,POP,-1,bchdfgaljpienkom
9,10,0,10539,PUSH,-4,bchdgaoeflpijnkm,-4,4,-1,1
9,10,1,10539,DEL_EXPLORED,4
9,10,2,10539,PUSH,-4,bchdaglefjkpnomi,-4,4,1
9,10,4,10539,DEL_EXPLORED,4
9,10,0,10540,DEL_CUTOFF,1
9,10,1,10540,DEL_CUTOFF,-4
9,10,2,10540,PUSH,1,bchdgalefjkpnomi,-4,4,-1,1
9,10,4,10540,PUSH,-4,bchafgldjpienkom,4,-1
9,10,0,10541,DEL_CUTOFF,-1
9,10,1,10541,POP,-4,bchdjfgeplamnkio
9,10,2,10541,DEL_CUTOFF,1
9,10,4,10541,PUSH,-1,bcahfgldjpienkom,4,-1,1
9,10,0,10542,DEL_EXPLORED,4
9,10,1,10542,POP,-1,bchdjfgeplimnkao
9,10,2,10542,DEL_EXPLORED,-1
9,10,4,10542,DEL_EXPLORED,1
9,10,0,10543,DEL_CUTOFF,-4
9,10,1,10543,DEL_EXPLORED,-4
9,10,2,10543,DEL_CUTOFF,4
9,10,4,10543,PUSH,-1,bachfgldjpienkom,4,-1,1
9,10,0,10544,POP,-4,bchdgaoeflpijnkm
9,10,1,10544,POP,4,bchdjfgeplimnkoa
9,10,2,10544,DEL_CUTOFF,-4
9,10,4,10544,DEL_EXPLORED,1
9,10,0,10545,POP,-1,bchdgloefapijnkm
9,10,1,10545,PUSH,-4,bchdjfgaplienkom,-4,4,-1
9,10,2,10545,POP,1,bchdgalefjkpnomi
9,10,4,10545,PUSH,-1,abchfgldjpienkom,4,1
9,10,0,10546,PUSH,4,bchdgloefpkijnam,-4,-1,1
9,10,1,10546,PUSH,-1,bchdjfagplienkom,-4,4,-1,1
9,10,2,10546,DEL_EXPLORED,4
9,10,4,10546,DEL_EXPLORED,1
9,10,0,10547,PUSH,1,bchdgloefpkijnma,-4,-1
9,10,1,10547,DEL_EXPLORED,1
9,10,2,10547,PUSH,-4,achdbglefjkpnomi,4,1
9,10,4,10547,PUSH,4,fbchagldjpienkom,-4,4,1
9,10,0,10548,DEL_EXPLORED,-1
9,10,1,10548,PUSH,-1,bchdjafgplienkom,-4,4,-1,1
9,10,2,10548,DEL_CUTOFF,1
9,10,4,10548,PUSH,1,fbchgaldjpienkom,-4,4,-1,1
9,10,0,10549,DEL_CUTOFF,-4
9,10,1,10549,DEL_EXPLORED,1
9,10,2,10549,DEL_EXPLORED,4
9,10,4,10549,PUSH,1,fbchgladjpienkom,-4,4,-1,1
9,10,0,10550,POP,1,bchdgloefpkijnma
9,10,1,10550,DEL_CUTOFF,-1
9,10,2,10550,POP,-4,achdbglefjkpnomi
9,10,4,10550,PUSH,1,fbchgldajpienkom,-4,4,-1
9,10,0,10551,PUSH,-1,bchdgloefpkijanm,-4,-1,1
9,10,1,10551,DEL_CUTOFF,4
9,10,2,10551,POP,-4,bchdaglefjkpnomi
9,10,4,10551,DEL_EXPLORED,-1
9,10,0,10552,DEL_EXPLORED,1
9,10,1,10552,DEL_CUTOFF,-4
9,10,2,10552,POP,-1,bchdfgleajkpnomi
9,10,4,10552,DEL_CUTOFF,4
9,10,0,10553,DEL_CUTOFF,-1
9,10,1,10553,POP,-1,bchdjafgplienkom
9,10,2,10553,PUSH,4,bchdfglejokpnami,-4,-1,1
9,10,4,10553,DEL_CUTOFF,-4
9,10,0,10554,DEL_CUTOFF,-4
9,10,1,10554,PUSH,4,bchdjfigplaenkom,-4,4,-1,1
9,10,2,10554,PUSH,1,bchdfglejokpnmai,-4,-1,1
9,10,4,10554,POP,1,fbchgldajpienkom
9,10,0,10555,POP,-1,bchdgloefpkijanm
9,10,1,10555,DEL_CUTOFF,1
9,10,2,10555,PUSH,1,bchdfglejokpnmia,-4,-1
9,10,4,10555,DEL_EXPLORED,-1
9,10,0,10556,DEL_EXPLORED,-4
9,10,1,10556,DEL_CUTOFF,-1
9,10,2,10556,DEL_EXPLORED,-1
9,10,4,10556,PUSH,4,fbchglidjpaenkom,-4,4,-1,1
9,10,0,10557,POP,4,bchdgloefpkijnam
9,10,1,10557,DEL_CUTOFF,4
9,10,2,10557,DEL_CUTOFF,-4
9,10,4,10557,DEL_CUTOFF,1
9,10,0,10558,DEL_EXPLORED,-4
9,10,1,10558,DEL_EXPLORED,-4
9,10,2,10558,POP,1,bchdfglejokpnmia
9,10,4,10558,DEL_CUTOFF,-1
9,10,0,10559,POP,4,bchdgloefpaijnkm
9,10,1,10559,POP,4,bchdjfigplaenkom
9,10,2,10559,DEL_EXPLORED,-1
9,10,4,10559,DEL_CUTOFF,4
9,10,0,10560,PUSH,-4,bcadglhefpoijnkm,4,-1,1
9,10,1,10560,PUSH,-4,bcadjfhgplienkom,4,-1,1
9,10,2,10560,PUSH,-4,bchdfglejoapnmki,-4,4,-1,1
9,10,4,10560,DEL_EXPLORED,-4
9,10,0,10561,PUSH,1,bcdaglhefpoijnkm,4,-1
9,10,1,10561,DEL_CUTOFF,1
9,10,2,10561,DEL_CUTOFF,1
9,10,4,10561,POP,4,fbchglidjpaenkom
9,10,0,10562,DEL_EXPLORED,-1
9,10,1,10562,DEL_CUTOFF,-1
9,10,2,10562,DEL_CUTOFF,-1
9,10,4,10562,PUSH,-4,fbahglcdjpienkom,4,-1,1
9,10,0,10563,PUSH,4,bcdeglhafpoijnkm,-4,4,-1
9,10,1,10563,DEL_EXPLORED,4
9,10,2,10563,DEL_EXPLORED,4
9,10,4,10563,DEL_CUTOFF,1
9,10,0,10564,DEL_CUTOFF,-1
9,10,1,10564,POP,-4,bcadjfhgplienkom
9,10,2,10564,DEL_CUTOFF,-4
9,10,4,10564,DEL_CUTOFF,-1
9,10,0,10565,DEL_CUTOFF,4
9,10,1,10565,POP,-1,bchdjfagplienkom
9,10,2,10565,POP,-4,bchdfglejoapnmki
9,10,4,10565,DEL_EXPLORED,4
9,10,0,10566,DEL_EXPLORED,-4
9,10,1,10566,DEL_EXPLORED,4
9,10,2,10566,POP,1,bchdfglejokpnmai
9,10,4,10566,POP,-4,fbahglcdjpienkom
9,10,0,10567,POP,4,bcdeglhafpoijnkm
9,10,1,10567,PUSH,-4,bchajfgdplienkom,4,-1
9,10,2,10567,PUSH,-1,bchdfglejokpanmi,-4,1
9,10,4,10567,POP,1,fbchgladjpienkom
9,10,0,10568,POP,1,bcdaglhefpoijnkm
9,10,1,10568,PUSH,-1,bcahjfgdplienkom,4,-1,1
9,10,2,10568,DEL_EXPLORED,1
9,10,4,10568,DEL_EXPLORED,-1
9,10,0,10569,PUSH,-1,bacdglhefpoijnkm,4,-1,1
9,10,1,10569,DEL_EXPLORED,1
9,10,2,10569,PUSH,-4,bchdfgleaokpjnmi,-4,4,1
9,10,4,10569,PUSH,4,fbchgpldjaienkom,-4,4,-1,1
9,10,0,10570,DEL_EXPLORED,1
9,10,1,10570,DEL_CUTOFF,-1
9,10,2,10570,DEL_CUTOFF,1
9,10,4,10570,PUSH,1,fbchgpldjiaenkom,-4,4,-1,1
9,10,0,10571,PUSH,-1,abcdglhefpoijnkm,4,1
9,10,1,10571,DEL_CUTOFF,4
9,10,2,10571,DEL_EXPLORED,4
9,10,4,10571,DEL_CUTOFF,1
9,10,0,10572,DEL_EXPLORED,1
9,10,1,10572,POP,-1,bcahjfgdplienkom
9,10,2,10572,DEL_CUTOFF,-4
9,10,4,10572,DEL_EXPLORED,-1
9,10,0,10573,DEL_CUTOFF,4
9,10,1,10573,DEL_EXPLORED,4
9,10,2,10573,POP,-4,bchdfgleaokpjnmi
9,10,4,10573,DEL_CUTOFF,4
9,10,0,10574,POP,-1,abcdglhefpoijnkm
9,10,1,10574,POP,-4,bchajfgdplienkom
9,10,2,10574,POP,-1,bchdfglejokpanmi
9,10,4,10574,DEL_CUTOFF,-4
9,10,0,10575,PUSH,4,blcdgahefpoijnkm,-4,4,-1,1
9,10,1,10575,POP,-4,bchdjfgaplienkom
9,10,2,10575,DEL_EXPLORED,-4
9,10,4,10575,POP,1,fbchgpldjiaenkom
9,10,0,10576,DEL_CUTOFF,1
9,10,1,10576,POP,1,bchdjfgepliankom
9,10,2,10576,POP,4,bchdfglejokpnami
9,10,4,10576,PUSH,-1,fbchgpldajienkom,-4,4,1
9,10,0,10577,DEL_CUTOFF,-1
9,10,1,10577,DEL_EXPLORED,-1
9,10,2,10577,PUSH,-4,bchdfalejgkpnomi,-4,4,-1,1
9,10,4,10577,DEL_EXPLORED,1
9,10,0,10578,DEL_CUTOFF,4
9,10,1,10578,PUSH,4,bchdjfgeploinkam,-4,-1,1
9,10,2,10578,PUSH,1,bchdflaejgkpnomi,-4,4,-1,1
9,10,4,10578,DEL_CUTOFF,4
9,10,0,10579,DEL_EXPLORED,-4
9,10,1,10579,PUSH,1,bchdjfgeploinkma,-4,-1
9,10,2,10579,PUSH,1,bchdfleajgkpnomi,-4,4,-1
9,10,4,10579,DEL_CUTOFF,-4
9,10,0,10580,POP,4,blcdgahefpoijnkm
9,10,1,10580,DEL_EXPLORED,-1
9,10,2,10580,DEL_EXPLORED,-1
9,10,4,10580,POP,-1,fbchgpldajienkom
9,10,0,10581,POP,-1,bacdglhefpoijnkm
9,10,1,10581,PUSH,-4,bchdjfgeploankmi,-4,4,-1
9,10,2,10581,DEL_CUTOFF,4
9,10,4,10581,PUSH,4,fbchgpldjkienaom,-4,-1,1
9,10,0,10582,DEL_EXPLORED,4
9,10,1,10582,PUSH,-1,bchdjfgeplaonkmi,-4,4,-1,1
9,10,2,10582,DEL_CUTOFF,-4
9,10,4,10582,DEL_CUTOFF,1
9,10,0,10583,POP,-4,bcadglhefpoijnkm
9,10,1,10583,DEL_EXPLORED,1
9,10,2,10583,POP,1,bchdfleajgkpnomi
9,10,4,10583,DEL_CUTOFF,-1
9,10,0,10584,POP,1,bchdglaefpoijnkm
9,10,1,10584,DEL_CUTOFF,-1
9,10,2,10584,DEL_EXPLORED,-1
9,10,4,10584,DEL_EXPLORED,-4
9,10,0,10585,DEL_EXPLORED,-1
9,10,1,10585,DEL_CUTOFF,4
9,10,2,10585,PUSH,4,bchdflkejgapnomi,-4,4,-1,1
9,10,4,10585,POP,4,fbchgpldjkienaom
9,10,0,10586,PUSH,4,bchdgplefaoijnkm,-4,4,-1,1
9,10,1,10586,DEL_CUTOFF,-4
9,10,2,10586,DEL_CUTOFF,1
9,10,4,10586,DEL_EXPLORED,-4
9,10,0,10587,PUSH,1,bchdgplefoaijnkm,-4,4,-1,1
9,10,1,10587,POP,-1,bchdjfgeplaonkmi
9,10,2,10587,DEL_CUTOFF,-1
9,10,4,10587,POP,4,fbchgpldjaienkom
9,10,0,10588,PUSH,1,bchdgplefoiajnkm,-4,4,-1
9,10,1,10588,DEL_EXPLORED,4
9,10,2,10588,DEL_CUTOFF,4
9,10,4,10588,PUSH,-4,fachgbldjpienkom,4,-1,1
9,10,0,10589,DEL_EXPLORED,-1
9,10,1,10589,PUSH,-4,bchdjfgaploenkmi,-4,4,-1
9,10,2,10589,DEL_EXPLORED,-4
9,10,4,10589,PUSH,1,fcahgbldjpienkom,4,-1,1
9,10,0,10590,PUSH,4,bchdgplefoimjnka,-4,-1
9,10,1,10590,DEL_CUTOFF,-1
9,10,2,10590,POP,4,bchdflkejgapnomi
9,10,4,10590,DEL_CUTOFF,1
9,10,0,10591,DEL_CUTOFF,-1
9,10,1,10591,DEL_EXPLORED,4
9,10,2,10591,PUSH,-4,bcadflhejgkpnomi,4,-1,1
9,10,4,10591,DEL_EXPLORED,-1
9,10,0,10592,DEL_EXPLORED,-4
9,10,1,10592,DEL_CUTOFF,-4
9,10,2,10592,DEL_CUTOFF,1
9,10,4,10592,DEL_CUTOFF,4
9,10,0,10593,POP,4,bchdgplefoimjnka
9,10,1,10593,POP,-4,bchdjfgaploenkmi
9,10,2,10593,DEL_CUTOFF,-1
9,10,4,10593,POP,1,fcahgbldjpienkom
9,10,0,10594,PUSH,-4,bchdgplafoiejnkm,-4,4,-1
9,10,1,10594,POP,-4,bchdjfgeploankmi
9,10,2,10594,DEL_EXPLORED,4
9,10,4,10594,PUSH,-1,afchgbldjpienkom,4,1
9,10,0,10595,DEL_CUTOFF,-1
9,10,1,10595,POP,1,bchdjfgeploinkma
9,10,2,10595,POP,-4,bcadflhejgkpnomi
9,10,4,10595,DEL_EXPLORED,1
9,10,0,10596,DEL_EXPLORED,4
9,10,1,10596,PUSH,-1,bchdjfgeploinakm,-4,-1,1
9,10,2,10596,POP,1,bchdflaejgkpnomi
9,10,4,10596,DEL_CUTOFF,4
9,10,0,10597,DEL_CUTOFF,-4
9,10,1,10597,DEL_EXPLORED,1
9,10,2,10597,PUSH,-1,bchdaflejgkpnomi,-4,4,1
9,10,4,10597,POP,-1,afchgbldjpienkom
9,10,0,10598,POP,-4,bchdgplafoiejnkm
9,10,1,10598,PUSH,-1,bchdjfgeploiankm,-4,1
9,10,2,10598,DEL_EXPLORED,1
9,10,4,10598,DEL_EXPLORED,4
9,10,0,10599,POP,1,bchdgplefoiajnkm
9,10,1,10599,DEL_EXPLORED,1
9,10,2,10599,PUSH,4,bchdjfleagkpnomi,-4,4,1
9,10,4,10599,POP,-4,fachgbldjpienkom
9,10,0,10600,DEL_EXPLORED,-1
9,10,1,10600,PUSH,-4,bchdjfgealoipnkm,-4,4,1
9,10,2,10600,DEL_CUTOFF,1
9,10,4,10600,POP,1,fbchgaldjpienkom
9,10,0,10601,PUSH,4,bchdgplefokijnam,-4,-1,1
9,10,1,10601,DEL_CUTOFF,1
9,10,2,10601,DEL_CUTOFF,4
9,10,4,10601,PUSH,4,fbchjgldapienkom,-4,4,1
9,10,0,10602,PUSH,1,bchdgplefokijnma,-4,-1
9,10,1,10602,DEL_EXPLORED,4
9,10,2,10602,DEL_EXPLORED,-4
9,10,4,10602,PUSH,1,fbchjgldpaienkom,-4,4,-1,1
9,10,0,10603,DEL_EXPLORED,-1
9,10,1,10603,DEL_CUTOFF,-4
9,10,2,10603,POP,4,bchdjfleagkpnomi
9,10,4,10603,PUSH,1,fbchjgldpiaenkom,-4,4,-1,1
9,10,0,10604,DEL_CUTOFF,-4
9,10,1,10604,POP,-4,bchdjfgealoipnkm
9,10,2,10604,PUSH,-4,achdbflejgkpnomi,4,1
9,10,4,10604,DEL_CUTOFF,1
9,10,0,10605,POP,1,bchdgplefokijnma
9,10,1,10605,POP,-1,bchdjfgeploiankm
9,10,2,10605,DEL_CUTOFF,1
9,10,4,10605,DEL_EXPLORED,-1
9,10,0,10606,PUSH,-1,bchdgplefokijanm,-4,-1,1
9,10,1,10606,PUSH,-4,bchdjfgepaoinlkm,-4,4,-1,1
9,10,2,10606,DEL_EXPLORED,4
9,10,4,10606,DEL_CUTOFF,4
9,10,0,10607,DEL_EXPLORED,1
9,10,1,10607,PUSH,1,bchdjfgepoainlkm,-4,4,-1,1
9,10,2,10607,POP,-4,achdbflejgkpnomi
9,10,4,10607,DEL_CUTOFF,-4
9,10,0,10608,DEL_CUTOFF,-1
9,10,1,10608,DEL_CUTOFF,1
9,10,2,10608,POP,-1,bchdaflejgkpnomi
9,10,4,10608,POP,1,fbchjgldpiaenkom
9,10,0,10609,DEL_CUTOFF,-4
9,10,1,10609,DEL_EXPLORED,-1
9,10,2,10609,DEL_EXPLORED,4
9,10,4,10609,DEL_EXPLORED,-1
9,10,0,10610,POP,-1,bchdgplefokijanm
9,10,1,10610,DEL_CUTOFF,4
9,10,2,10610,PUSH,-4,bahdfclejgkpnomi,4,-1,1
9,10,4,10610,PUSH,4,fbchjgldpkienaom,-4,-1,1
9,10,0,10611,DEL_EXPLORED,-4
9,10,1,10611,DEL_CUTOFF,-4
9,10,2,10611,PUSH,1,bhadfclejgkpnomi,4,-1,1
9,10,4,10611,DEL_CUTOFF,1
9,10,0,10612,POP,4,bchdgplefokijnam
9,10,1,10612,POP,1,bchdjfgepoainlkm
9,10,2,10612,DEL_CUTOFF,1
9,10,4,10612,DEL_CUTOFF,-1
9,10,0,10613,PUSH,-4,bchdgpaefolijnkm,-4,4,-1,1
9,10,1,10613,PUSH,-1,bchdjfgeapoinlkm,-4,4,1
9,10,2,10613,DEL_EXPLORED,-1
9,10,4,10613,DEL_EXPLORED,-4
9,10,0,10614,PUSH,1,bchdgpeafolijnkm,-4,4,-1
9,10,1,10614,DEL_EXPLORED,1
9,10,2,10614,DEL_CUTOFF,4
9,10,4,10614,POP,4,fbchjgldpkienaom
9,10,0,10615,DEL_EXPLORED,-1
9,10,1,10615,DEL_CUTOFF,4
9,10,2,10615,POP,1,bhadfclejgkpnomi
9,10,4,10615,PUSH,-4,fbchjaldpgienkom,-4,4,-1,1
9,10,0,10616,DEL_CUTOFF,4
9,10,1,10616,DEL_CUTOFF,-4
9,10,2,10616,PUSH,-1,abhdfclejgkpnomi,4,1
9,10,4,10616,DEL_CUTOFF,1
9,10,0,10617,DEL_CUTOFF,-4
9,10,1,10617,POP,-1,bchdjfgeapoinlkm
9,10,2,10617,DEL_EXPLORED,1
9,10,4,10617,DEL_CUTOFF,-1
9,10,0,10618,POP,1,bchdgpeafolijnkm
9,10,1,10618,DEL_EXPLORED,4
9,10,2,10618,DEL_CUTOFF,4
9,10,4,10618,DEL_EXPLORED,4
9,10,0,10619,PUSH,-1,bchdgapefolijnkm,-4,4,-1,1
9,10,1,10619,PUSH,-4,bchdjagepfoinlkm,-4,4,-1,1
9,10,2,10619,POP,-1,abhdfclejgkpnomi
9,10,4,10619,DEL_CUTOFF,-4
9,10,0,10620,DEL_EXPLORED,1
9,10,1,10620,DEL_CUTOFF,1
9,10,2,10620,DEL_EXPLORED,4
9,10,4,10620,POP,-4,fbchjaldpgienkom
9,10,0,10621,DEL_CUTOFF,-1
9,10,1,10621,DEL_CUTOFF,-1
9,10,2,10621,POP,-4,bahdfclejgkpnomi
9,10,4,10621,POP,1,fbchjgldpaienkom
9,10,0,10622,DEL_CUTOFF,4
9,10,1,10622,DEL_EXPLORED,4
9,10,2,10622,POP,-4,bchdfalejgkpnomi
9,10,4,10622,PUSH,4,fbchjgldnpieakom,-4,1
9,10,0,10623,DEL_CUTOFF,-4
9,10,1,10623,DEL_CUTOFF,-4
9,10,2,10623,POP,-1,bchdfglejakpnomi
9,10,4,10623,PUSH,1,fbchjgldnpiekaom,-4,-1,1
9,10,0,10624,POP,-1,bchdgapefolijnkm
9,10,1,10624,POP,-4,bchdjagepfoinlkm
9,10,2,10624,PUSH,4,bchdfglejkmpnoai,-4,-1,1
9,10,4,10624,DEL_CUTOFF,1
9,10,0,10625,DEL_EXPLORED,4
9,10,1,10625,POP,-4,bchdjfgepaoinlkm
9,10,2,10625,PUSH,1,bchdfglejkmpnoia,-4,-1
9,10,4,10625,DEL_EXPLORED,-1
9,10,0,10626,PUSH,-4,bcadgphefolijnkm,4,-1,1
9,10,1,10626,POP,-1,bchdjfgeploinakm
9,10,2,10626,DEL_EXPLORED,-1
9,10,4,10626,DEL_CUTOFF,-4
9,10,0,10627,DEL_CUTOFF,1
9,10,1,10627,DEL_EXPLORED,-4
9,10,2,10627,PUSH,-4,bchdfglejkmanoip,-4,4,-1
9,10,4,10627,POP,1,fbchjgldnpiekaom
9,10,0,10628,DEL_CUTOFF,-1
9,10,1,10628,POP,4,bchdjfgeploinkam
9,10,2,10628,PUSH,-1,bchdfglejkamnoip,-4,4,-1,1
9,10,4,10628,DEL_EXPLORED,-4
9,10,0,10629,DEL_EXPLORED,4
9,10,1,10629,PUSH,-4,bchdjfaeplginkom,-4,4,-1,1
9,10,2,10629,DEL_EXPLORED,1
9,10,4,10629,POP,4,fbchjgldnpieakom
9,10,0,10630,POP,-4,bcadgphefolijnkm
9,10,1,10630,PUSH,1,bchdjfeaplginkom,-4,4,-1
9,10,2,10630,DEL_CUTOFF,-1
9,10,4,10630,DEL_EXPLORED,-4
9,10,0,10631,POP,-4,bchdgpaefolijnkm
9,10,1,10631,DEL_EXPLORED,-1
9,10,2,10631,DEL_CUTOFF,4
9,10,4,10631,POP,4,fbchjgldapienkom
9,10,0,10632,POP,1,bchdgplefoaijnkm
9,10,1,10632,PUSH,4,bchdjfeiplgankom,-4,4,-1
9,10,2,10632,DEL_CUTOFF,-4
9,10,4,10632,DEL_EXPLORED,-4
9,10,0,10633,PUSH,-1,bchdgpleafoijnkm,-4,4,1
9,10,1,10633,PUSH,-1,bchdjfeiplagnkom,-4,4,-1,1
9,10,2,10633,POP,-1,bchdfglejkamnoip
9,10,4,10633,POP,4,fbchagldjpienkom
9,10,0,10634,DEL_EXPLORED,1
9,10,1,10634,DEL_EXPLORED,1
9,10,2,10634,DEL_EXPLORED,4
9,10,4,10634,POP,-1,abchfgldjpienkom
9,10,0,10635,PUSH,4,bchdgplejfoiankm,-4,1
9,10,1,10635,DEL_CUTOFF,-1
9,10,2,10635,PUSH,-4,bchdfglajkmenoip,-4,4,-1
9,10,4,10635,PUSH,4,bgchfaldjpienkom,-4,4,-1,1
9,10,0,10636,PUSH,1,bchdgplejfoinakm,-4,-1,1
9,10,1,10636,DEL_CUTOFF,4
9,10,2,10636,DEL_CUTOFF,-1
9,10,4,10636,PUSH,1,bgchfladjpienkom,-4,4,-1,1
9,10,0,10637,DEL_CUTOFF,1
9,10,1,10637,DEL_CUTOFF,-4
9,10,2,10637,DEL_EXPLORED,4
9,10,4,10637,PUSH,1,bgchfldajpienkom,-4,4,-1
9,10,0,10638,DEL_EXPLORED,-1
9,10,1,10638,POP,-1,bchdjfeiplagnkom
9,10,2,10638,DEL_CUTOFF,-4
9,10,4,10638,DEL_EXPLORED,-1
9,10,0,10639,DEL_CUTOFF,-4
9,10,1,10639,PUSH,4,bchdjfeiplgmnkoa,-4,-1
9,10,2,10639,POP,-4,bchdfglajkmenoip
9,10,4,10639,PUSH,4,bgchfldejpiankom,-4,4,-1
9,10,0,10640,POP,1,bchdgplejfoinakm
9,10,1,10640,DEL_CUTOFF,-1
9,10,2,10640,POP,-4,bchdfglejkmanoip
9,10,4,10640,PUSH,-1,bgchfldejpainkom,-4,4,-1,1
9,10,0,10641,DEL_EXPLORED,-4
9,10,1,10641,DEL_EXPLORED,-4
9,10,2,10641,POP,1,bchdfglejkmpnoia
9,10,4,10641,DEL_EXPLORED,1
9,10,0,10642,POP,4,bchdgplejfoiankm
9,10,1,10642,POP,4,bchdjfeiplgmnkoa
9,10,2,10642,PUSH,-1,bchdfglejkmpnaoi,-4,-1,1
9,10,4,10642,DEL_CUTOFF,-1
9,10,0,10643,PUSH,-4,bchdaplegfoijnkm,-4,4,1
9,10,1,10643,DEL_EXPLORED,-4
9,10,2,10643,DEL_EXPLORED,1
9,10,4,10643,DEL_CUTOFF,4
9,10,0,10644,PUSH,1,bchdpalegfoijnkm,-4,4,-1,1
9,10,1,10644,POP,4,bchdjfeiplgankom
9,10,2,10644,PUSH,-1,bchdfglejkmpanoi,-4,1
9,10,4,10644,DEL_CUTOFF,-4
9,10,0,10645,DEL_CUTOFF,1
9,10,1,10645,PUSH,-4,bchajfedplginkom,4,-1
9,10,2,10645,DEL_EXPLORED,1
9,10,4,10645,POP,-1,bgchfldejpainkom
9,10,0,10646,DEL_EXPLORED,-1
9,10,1,10646,PUSH,-1,bcahjfedplginkom,4,-1,1
9,10,2,10646,PUSH,-4,bchdfgleakmpjnoi,-4,4,1
9,10,4,10646,PUSH,4,bgchfldejpimnkoa,-4,-1
9,10,0,10647,DEL_CUTOFF,4
9,10,1,10647,DEL_EXPLORED,1
9,10,2,10647,DEL_CUTOFF,1
9,10,4,10647,DEL_CUTOFF,-1
9,10,0,10648,DEL_CUTOFF,-4
9,10,1,10648,DEL_CUTOFF,-1
9,10,2,10648,DEL_EXPLORED,4
9,10,4,10648,DEL_EXPLORED,-4
9,10,0,10649,POP,1,bchdpalegfoijnkm
9,10,1,10649,DEL_CUTOFF,4
9,10,2,10649,DEL_CUTOFF,-4
9,10,4,10649,POP,4,bgchfldejpimnkoa
9,10,0,10650,DEL_EXPLORED,4
9,10,1,10650,POP,-1,bcahjfedplginkom
9,10,2,10650,POP,-4,bchdfgleakmpjnoi
9,10,4,10650,DEL_EXPLORED,-4
9,10,0,10651,PUSH,-4,achdbplegfoijnkm,4,1
9,10,1,10651,DEL_EXPLORED,4
9,10,2,10651,POP,-1,bchdfglejkmpanoi
9,10,4,10651,POP,4,bgchfldejpiankom
9,10,0,10652,DEL_CUTOFF,1
9,10,1,10652,POP,-4,bchajfedplginkom
9,10,2,10652,PUSH,-4,bchdfglejampnkoi,-4,4,-1,1
9,10,4,10652,PUSH,-4,bgcafldhjpienkom,4,-1
9,10,0,10653,DEL_EXPLORED,4
9,10,1,10653,POP,1,bchdjfeaplginkom
9,10,2,10653,PUSH,1,bchdfglejmapnkoi,-4,4,-1,1
9,10,4,10653,PUSH,-1,bgacfldhjpienkom,4,-1,1
9,10,0,10654,POP,-4,achdbplegfoijnkm
9,10,1,10654,PUSH,-1,bchdjafeplginkom,-4,4,-1,1
9,10,2,10654,DEL_CUTOFF,1
9,10,4,10654,DEL_EXPLORED,1
9,10,0,10655,POP,-4,bchdaplegfoijnkm
9,10,1,10655,DEL_EXPLORED,1
9,10,2,10655,DEL_EXPLORED,-1
9,10,4,10655,DEL_CUTOFF,-1
9,10,0,10656,POP,-1,bchdgpleafoijnkm
9,10,1,10656,PUSH,-1,bchdajfeplginkom,-4,4,1
9,10,2,10656,DEL_CUTOFF,4
9,10,4,10656,DEL_CUTOFF,4
9,10,0,10657,PUSH,4,bchdgplefnoijakm,-4,-1,1
9,10,1,10657,DEL_EXPLORED,1
9,10,2,10657,DEL_CUTOFF,-4
9,10,4,10657,POP,-1,bgacfldhjpienkom
9,10,0,10658,PUSH,1,bchdgplefnoijkam,-4,-1,1
9,10,1,10658,PUSH,4,bchdpjfealginkom,-4,4,1
9,10,2,10658,POP,1,bchdfglejmapnkoi
9,10,4,10658,DEL_EXPLORED,4
9,10,0,10659,PUSH,1,bchdgplefnoijkma,-4,-1
9,10,1,10659,DEL_CUTOFF,1
9,10,2,10659,PUSH,-1,bchdfgleajmpnkoi,-4,4,1
9,10,4,10659,POP,-4,bgcafldhjpienkom
9,10,0,10660,DEL_EXPLORED,-1
9,10,1,10660,DEL_CUTOFF,4
9,10,2,10660,DEL_EXPLORED,1
9,10,4,10660,POP,1,bgchfldajpienkom
9,10,0,10661,DEL_CUTOFF,-4
9,10,1,10661,DEL_EXPLORED,-4
9,10,2,10661,DEL_CUTOFF,4
9,10,4,10661,DEL_EXPLORED,-1
9,10,0,10662,POP,1,bchdgplefnoijkma
9,10,1,10662,POP,4,bchdpjfealginkom
9,10,2,10662,DEL_CUTOFF,-4
9,10,4,10662,PUSH,4,bgchflidjpaenkom,-4,4,-1,1
9,10,0,10663,DEL_EXPLORED,-1
9,10,1,10663,PUSH,-4,achdbjfeplginkom,4,1
9,10,2,10663,POP,-1,bchdfgleajmpnkoi
9,10,4,10663,PUSH,1,bgchflidjpeankom,-4,4,-1
9,10,0,10664,PUSH,-4,bchdgplefnaijkom,-4,4,-1,1
9,10,1,10664,DEL_CUTOFF,1
9,10,2,10664,DEL_EXPLORED,4
9,10,4,10664,DEL_EXPLORED,-1
9,10,0,10665,DEL_CUTOFF,1
9,10,1,10665,DEL_EXPLORED,4
9,10,2,10665,PUSH,-4,bchdfalejgmpnkoi,-4,4,-1,1
9,10,4,10665,PUSH,4,bgchflidjpemnkoa,-4,-1
9,10,0,10666,DEL_CUTOFF,-1
9,10,1,10666,POP,-4,achdbjfeplginkom
9,10,2,10666,DEL_CUTOFF,1
9,10,4,10666,DEL_CUTOFF,-1
9,10,0,10667,DEL_EXPLORED,4
9,10,1,10667,POP,-1,bchdajfeplginkom
9,10,2,10667,DEL_CUTOFF,-1
9,10,4,10667,DEL_EXPLORED,-4
9,10,0,10668,DEL_CUTOFF,-4
9,10,1,10668,PUSH,4,bchdjlfepaginkom,-4,4,-1,1
9,10,2,10668,DEL_EXPLORED,4
9,10,4,10668,POP,4,bgchflidjpemnkoa
9,10,0,10669,POP,-4,bchdgplefnaijkom
9,10,1,10669,PUSH,1,bchdjlfepgainkom,-4,4,-1,1
9,10,2,10669,DEL_CUTOFF,-4
9,10,4,10669,PUSH,-4,bgchfliajpednkom,-4,4,-1
9,10,0,10670,POP,1,bchdgplefnoijkam
9,10,1,10670,DEL_CUTOFF,1
9,10,2,10670,POP,-4,bchdfalejgmpnkoi
9,10,4,10670,DEL_CUTOFF,-1
9,10,0,10671,PUSH,-1,bchdgplefnoiajkm,-4,1
9,10,1,10671,DEL_EXPLORED,-1
9,10,2,10671,POP,-4,bchdfglejampnkoi
9,10,4,10671,DEL_EXPLORED,4
9,10,0,10672,DEL_EXPLORED,1
9,10,1,10672,DEL_CUTOFF,4
9,10,2,10672,POP,-1,bchdfglejkmpnaoi
9,10,4,10672,DEL_CUTOFF,-4
9,10,0,10673,PUSH,-4,bchdgpleanoifjkm,-4,4,1
9,10,1,10673,DEL_CUTOFF,-4
9,10,2,10673,DEL_EXPLORED,-4
9,10,4,10673,POP,-4,bgchfliajpednkom
9,10,0,10674,DEL_CUTOFF,1
9,10,1,10674,POP,1,bchdjlfepgainkom
9,10,2,10674,POP,4,bchdfglejkmpnoai
9,10,4,10674,POP,1,bgchflidjpeankom
9,10,0,10675,DEL_EXPLORED,4
9,10,1,10675,PUSH,-1,bchdjlfeapginkom,-4,4,1
9,10,2,10675,PUSH,-4,bchdfgaejklpnomi,-4,4,-1,1
9,10,4,10675,PUSH,-1,bgchflidjapenkom,-4,4,-1,1
9,10,0,10676,DEL_CUTOFF,-4
9,10,1,10676,DEL_EXPLORED,1
9,10,2,10676,PUSH,1,bchdfgeajklpnomi,-4,4,-1
9,10,4,10676,DEL_EXPLORED,1
9,10,0,10677,POP,-4,bchdgpleanoifjkm
9,10,1,10677,DEL_CUTOFF,4
9,10,2,10677,DEL_EXPLORED,-1
9,10,4,10677,PUSH,-1,bgchflidajpenkom,-4,4,1
9,10,0,10678,POP,-1,bchdgplefnoiajkm
9,10,1,10678,DEL_CUTOFF,-4
9,10,2,10678,PUSH,4,bchdfgepjklanomi,-4,4,-1
9,10,4,10678,DEL_EXPLORED,1
9,10,0,10679,DEL_EXPLORED,-4
9,10,1,10679,POP,-1,bchdjlfeapginkom
9,10,2,10679,PUSH,-1,bchdfgepjkalnomi,-4,4,-1,1
9,10,4,10679,DEL_CUTOFF,4
9,10,0,10680,POP,4,bchdgplefnoijakm
9,10,1,10680,PUSH,4,bchdjlfepkginaom,-4,-1,1
9,10,2,10680,DEL_EXPLORED,1
9,10,4,10680,DEL_CUTOFF,-4
9,10,0,10681,DEL_EXPLORED,-4
9,10,1,10681,DEL_CUTOFF,1
9,10,2,10681,DEL_CUTOFF,-1
9,10,4,10681,POP,-1,bgchflidajpenkom
9,10,0,10682,POP,4,bchdgplefaoijnkm
9,10,1,10682,DEL_CUTOFF,-1
9,10,2,10682,DEL_CUTOFF,4
9,10,4,10682,PUSH,4,bgchflidjkpenaom,-4,-1,1
9,10,0,10683,PUSH,-4,bahdgclefpoijnkm,4,-1,1
9,10,1,10683,DEL_EXPLORED,-4
9,10,2,10683,DEL_CUTOFF,-4
9,10,4,10683,DEL_CUTOFF,1
9,10,0,10684,PUSH,1,bhadgclefpoijnkm,4,-1,1
9,10,1,10684,POP,4,bchdjlfepkginaom
9,10,2,10684,POP,-1,bchdfgepjkalnomi
9,10,4,10684,DEL_CUTOFF,-1
9,10,0,10685,PUSH,1,bhdagclefpoijnkm,4,-1
9,10,1,10685,DEL_EXPLORED,-4
9,10,2,10685,PUSH,4,bchdfgepjklinoma,-4,-1
9,10,4,10685,DEL_EXPLORED,-4
9,10,0,10686,DEL_EXPLORED,-1
9,10,1,10686,POP,4,bchdjlfepaginkom
9,10,2,10686,DEL_CUTOFF,-1
9,10,4,10686,POP,4,bgchflidjkpenaom
9,10,0,10687,PUSH,4,bhdegclafpoijnkm,-4,4,-1
9,10,1,10687,PUSH,-4,bahdjcfeplginkom,4,-1,1
9,10,2,10687,DEL_EXPLORED,-4
9,10,4,10687,PUSH,-4,bgchfaidjlpenkom,-4,4,-1,1
9,10,0,10688,DEL_CUTOFF,-1
9,10,1,10688,PUSH,1,bhadjcfeplginkom,4,-1,1
9,10,2,10688,POP,4,bchdfgepjklinoma
9,10,4,10688,DEL_CUTOFF,1
9,10,0,10689,DEL_CUTOFF,4
9,10,1,10689,DEL_CUTOFF,1
9,10,2,10689,DEL_EXPLORED,-4
9,10,4,10689,DEL_CUTOFF,-1
9,10,0,10690,DEL_EXPLORED,-4
9,10,1,10690,DEL_EXPLORED,-1
9,10,2,10690,POP,4,bchdfgepjklanomi
9,10,4,10690,DEL_EXPLORED,4
9,10,0,10691,POP,4,bhdegclafpoijnkm
9,10,1,10691,DEL_CUTOFF,4
9,10,2,10691,PUSH,-4,bchafgedjklpnomi,4,-1
9,10,4,10691,DEL_CUTOFF,-4
9,10,0,10692,POP,1,bhdagclefpoijnkm
9,10,1,10692,POP,1,bhadjcfeplginkom
9,10,2,10692,PUSH,-1,bcahfgedjklpnomi,4,-1,1
9,10,4,10692,POP,-4,bgchfaidjlpenkom
9,10,0,10693,DEL_EXPLORED,-1
9,10,1,10693,PUSH,-1,abhdjcfeplginkom,4,1
9,10,2,10693,DEL_EXPLORED,1
9,10,4,10693,POP,-1,bgchflidjapenkom
9,10,0,10694,PUSH,4,bhldgcaefpoijnkm,-4,4,-1,1
9,10,1,10694,DEL_EXPLORED,1
9,10,2,10694,DEL_CUTOFF,-1
9,10,4,10694,PUSH,4,bgchflidjpoenkam,-4,-1,1
9,10,0,10695,PUSH,1,bhldgceafpoijnkm,-4,4,-1
9,10,1,10695,DEL_CUTOFF,4
9,10,2,10695,DEL_CUTOFF,4
9,10,4,10695,PUSH,1,bgchflidjpoenkma,-4,-1
9,10,0,10696,DEL_EXPLORED,-1
9,10,1,10696,POP,-1,abhdjcfeplginkom
9,10,2,10696,POP,-1,bcahfgedjklpnomi
9,10,4,10696,DEL_EXPLORED,-1
9,10,0,10697,DEL_CUTOFF,4
9,10,1,10697,DEL_EXPLORED,4
9,10,2,10697,DEL_EXPLORED,4
9,10,4,10697,DEL_CUTOFF,-4
9,10,0,10698,DEL_CUTOFF,-4
9,10,1,10698,POP,-4,bahdjcfeplginkom
9,10,2,10698,POP,-4,bchafgedjklpnomi
9,10,4,10698,POP,1,bgchflidjpoenkma
9,10,0,10699,POP,1,bhldgceafpoijnkm
9,10,1,10699,POP,-1,bchdjafeplginkom
9,10,2,10699,POP,1,bchdfgeajklpnomi
9,10,4,10699,PUSH,-1,bgchflidjpoenakm,-4,-1,1
9,10,0,10700,PUSH,-1,bhldgacefpoijnkm,-4,4,-1,1
9,10,1,10700,DEL_EXPLORED,4
9,10,2,10700,PUSH,-1,bchdfagejklpnomi,-4,4,-1,1
9,10,4,10700,DEL_EXPLORED,1
9,10,0,10701,DEL_EXPLORED,1
9,10,1,10701,PUSH,-4,bcadjfheplginkom,4,-1,1
9,10,2,10701,DEL_EXPLORED,1
9,10,4,10701,DEL_CUTOFF,-1
9,10,0,10702,DEL_CUTOFF,-1
9,10,1,10702,PUSH,1,bcdajfheplginkom,4,-1
9,10,2,10702,PUSH,-1,bchdafgejklpnomi,-4,4,1
9,10,4,10702,DEL_CUTOFF,-4
9,10,0,10703,DEL_CUTOFF,4
9,10,1,10703,DEL_EXPLORED,-1
9,10,2,10703,DEL_EXPLORED,1
9,10,4,10703,POP,-1,bgchflidjpoenakm
9,10,0,10704,DEL_CUTOFF,-4
9,10,1,10704,PUSH,4,bcdejfhaplginkom,-4,4,-1
9,10,2,10704,PUSH,4,bchdjfgeaklpnomi,-4,4,1
9,10,4,10704,DEL_EXPLORED,-4
9,10,0,10705,POP,-1,bhldgacefpoijnkm
9,10,1,10705,DEL_CUTOFF,-1
9,10,2,10705,DEL_CUTOFF,1
9,10,4,10705,POP,4,bgchflidjpoenkam
9,10,0,10706,PUSH,4,bhldgcoefpaijnkm,-4,4,-1,1
9,10,1,10706,DEL_CUTOFF,4
9,10,2,10706,DEL_CUTOFF,4
9,10,4,10706,DEL_EXPLORED,-4
9,10,0,10707,DEL_CUTOFF,1
9,10,1,10707,DEL_EXPLORED,-4
9,10,2,10707,DEL_EXPLORED,-4
9,10,4,10707,POP,4,bgchflidjpaenkom
9,10,0,10708,DEL_CUTOFF,-1
9,10,1,10708,POP,4,bcdejfhaplginkom
9,10,2,10708,POP,4,bchdjfgeaklpnomi
9,10,4,10708,PUSH,-4,bgahflcdjpienkom,4,-1,1
9,10,0,10709,DEL_CUTOFF,4
9,10,1,10709,POP,1,bcdajfheplginkom
9,10,2,10709,PUSH,-4,achdbfgejklpnomi,4,1
9,10,4,10709,PUSH,1,bghaflcdjpienkom,4,-1
9,10,0,10710,DEL_EXPLORED,-4
9,10,1,10710,PUSH,-1,bacdjfheplginkom,4,-1,1
9,10,2,10710,DEL_CUTOFF,1
9,10,4,10710,DEL_EXPLORED,-1
9,10,0,10711,POP,4,bhldgcoefpaijnkm
9,10,1,10711,DEL_EXPLORED,1
9,10,2,10711,DEL_EXPLORED,4
9,10,4,10711,PUSH,4,bghdflcajpienkom,-4,4,-1
9,10,0,10712,DEL_EXPLORED,-4
9,10,1,10712,PUSH,-1,abcdjfheplginkom,4,1
9,10,2,10712,POP,-4,achdbfgejklpnomi
9,10,4,10712,DEL_CUTOFF,-1
9,10,0,10713,POP,4,bhldgcaefpoijnkm
9,10,1,10713,DEL_EXPLORED,1
9,10,2,10713,POP,-1,bchdafgejklpnomi
9,10,4,10713,DEL_CUTOFF,4
9,10,0,10714,POP,1,bhadgclefpoijnkm
9,10,1,10714,DEL_CUTOFF,4
9,10,2,10714,PUSH,4,bchdfkgejalpnomi,-4,4,-1,1
9,10,4,10714,DEL_EXPLORED,-4
9,10,0,10715,PUSH,-1,abhdgclefpoijnkm,4,1
9,10,1,10715,POP,-1,abcdjfheplginkom
9,10,2,10715,PUSH,1,bchdfkgejlapnomi,-4,4,-1,1
9,10,4,10715,POP,4,bghdflcajpienkom
9,10,0,10716,DEL_EXPLORED,1
9,10,1,10716,PUSH,4,bfcdjaheplginkom,-4,4,-1,1
9,10,2,10716,DEL_CUTOFF,1
9,10,4,10716,POP,1,bghaflcdjpienkom
9,10,0,10717,PUSH,4,gbhdaclefpoijnkm,-4,4,1
9,10,1,10717,DEL_CUTOFF,1
9,10,2,10717,DEL_EXPLORED,-1
9,10,4,10717,PUSH,-1,baghflcdjpienkom,4,-1,1
9,10,0,10718,PUSH,1,gbhdcalefpoijnkm,-4,4,-1,1
9,10,1,10718,DEL_CUTOFF,-1
9,10,2,10718,DEL_CUTOFF,4
9,10,4,10718,DEL_EXPLORED,1
9,10,0,10719,DEL_CUTOFF,1
9,10,1,10719,DEL_CUTOFF,4
9,10,2,10719,DEL_CUTOFF,-4
9,10,4,10719,PUSH,-1,abghflcdjpienkom,4,1
9,10,0,10720,DEL_EXPLORED,-1
9,10,1,10720,DEL_EXPLORED,-4
9,10,2,10720,POP,1,bchdfkgejlapnomi
9,10,4,10720,DEL_EXPLORED,1
9,10,0,10721,DEL_CUTOFF,4
9,10,1,10721,POP,4,bfcdjaheplginkom
9,10,2,10721,PUSH,-1,bchdfkgeajlpnomi,-4,4,1
9,10,4,10721,DEL_CUTOFF,4
9,10,0,10722,DEL_CUTOFF,-4
9,10,1,10722,POP,-1,bacdjfheplginkom
9,10,2,10722,DEL_EXPLORED,1
9,10,4,10722,POP,-1,abghflcdjpienkom
9,10,0,10723,POP,1,gbhdcalefpoijnkm
9,10,1,10723,DEL_EXPLORED,4
9,10,2,10723,DEL_CUTOFF,4
9,10,4,10723,PUSH,4,blghfacdjpienkom,-4,4,-1,1
9,10,0,10724,PUSH,4,gbhdfcleapoijnkm,-4,4,1
9,10,1,10724,POP,-4,bcadjfheplginkom
9,10,2,10724,DEL_CUTOFF,-4
9,10,4,10724,DEL_CUTOFF,1
9,10,0,10725,DEL_CUTOFF,1
9,10,1,10725,POP,-4,bchdjfaeplginkom
9,10,2,10725,POP,-1,bchdfkgeajlpnomi
9,10,4,10725,DEL_CUTOFF,-1
9,10,0,10726,DEL_CUTOFF,4
9,10,1,10726,POP,1,bchdjfgeplainkom
9,10,2,10726,PUSH,4,bchdfkgejolpnami,-4,-1,1
9,10,4,10726,DEL_CUTOFF,4
9,10,0,10727,DEL_EXPLORED,-4
9,10,1,10727,DEL_EXPLORED,-1
9,10,2,10727,DEL_CUTOFF,1
9,10,4,10727,DEL_EXPLORED,-4
9,10,0,10728,POP,4,gbhdfcleapoijnkm
9,10,1,10728,PUSH,4,bchdjfgepklinaom,-4,-1,1
9,10,2,10728,DEL_CUTOFF,-1
9,10,4,10728,POP,4,blghfacdjpienkom
9,10,0,10729,DEL_EXPLORED,-4
9,10,1,10729,PUSH,1,bchdjfgepklinoam,-4,-1,1
9,10,2,10729,DEL_EXPLORED,-4
9,10,4,10729,POP,-1,baghflcdjpienkom
9,10,0,10730,POP,4,gbhdaclefpoijnkm
9,10,1,10730,PUSH,1,bchdjfgepklinoma,-4,-1
9,10,2,10730,POP,4,bchdfkgejolpnami
9,10,4,10730,DEL_EXPLORED,4
9,10,0,10731,POP,-1,abhdgclefpoijnkm
9,10,1,10731,DEL_EXPLORED,-1
9,10,2,10731,DEL_EXPLORED,-4
9,10,4,10731,POP,-4,bgahflcdjpienkom
9,10,0,10732,DEL_EXPLORED,4
9,10,1,10732,PUSH,-4,bchdjfgepklanomi,-4,4,-1
9,10,2,10732,POP,4,bchdfkgejalpnomi
9,10,4,10732,POP,1,bgchfladjpienkom
9,10,0,10733,POP,-4,bahdgclefpoijnkm
9,10,1,10733,PUSH,-1,bchdjfgepkalnomi,-4,4,-1,1
9,10,2,10733,PUSH,-4,bahdfcgejklpnomi,4,-1,1
9,10,4,10733,PUSH,-1,bgchafldjpienkom,-4,4,1
9,10,0,10734,POP,1,bchdgalefpoijnkm
9,10,1,10734,DEL_EXPLORED,1
9,10,2,10734,PUSH,1,bhadfcgejklpnomi,4,-1,1
9,10,4,10734,DEL_EXPLORED,1
9,10,0,10735,DEL_EXPLORED,4
9,10,1,10735,DEL_CUTOFF,-1
9,10,2,10735,DEL_CUTOFF,1
9,10,4,10735,PUSH,4,bgchjfldapienkom,-4,4,1
9,10,0,10736,PUSH,-4,achdbglefpoijnkm,4,1
9,10,1,10736,DEL_CUTOFF,4
9,10,2,10736,DEL_EXPLORED,-1
9,10,4,10736,PUSH,1,bgchjfldpaienkom,-4,4,-1,1
9,10,0,10737,PUSH,1,cahdbglefpoijnkm,4,-1,1
9,10,1,10737,DEL_CUTOFF,-4
9,10,2,10737,DEL_CUTOFF,4
9,10,4,10737,PUSH,1,bgchjfldpiaenkom,-4,4,-1,1
9,10,0,10738,PUSH,1,chadbglefpoijnkm,4,-1,1
9,10,1,10738,POP,-1,bchdjfgepkalnomi
9,10,2,10738,POP,1,bhadfcgejklpnomi
9,10,4,10738,DEL_CUTOFF,1
9,10,0,10739,PUSH,1,chdabglefpoijnkm,4,-1
9,10,1,10739,DEL_EXPLORED,4
9,10,2,10739,PUSH,-1,abhdfcgejklpnomi,4,1
9,10,4,10739,DEL_EXPLORED,-1
9,10,0,10740,DEL_EXPLORED,-1
9,10,1,10740,PUSH,-4,bchdjfgapklenomi,-4,4,-1
9,10,2,10740,DEL_EXPLORED,1
9,10,4,10740,DEL_CUTOFF,4
9,10,0,10741,PUSH,4,chdebglafpoijnkm,-4,4,-1
9,10,1,10741,DEL_CUTOFF,-1
9,10,2,10741,DEL_CUTOFF,4
9,10,4,10741,DEL_CUTOFF,-4
9,10,0,10742,DEL_CUTOFF,-1
9,10,1,10742,DEL_EXPLORED,4
9,10,2,10742,POP,-1,abhdfcgejklpnomi
9,10,4,10742,POP,1,bgchjfldpiaenkom
9,10,0,10743,DEL_CUTOFF,4
9,10,1,10743,DEL_CUTOFF,-4
9,10,2,10743,DEL_EXPLORED,4
9,10,4,10743,DEL_EXPLORED,-1
9,10,0,10744,DEL_EXPLORED,-4
9,10,1,10744,POP,-4,bchdjfgapklenomi
9,10,2,10744,POP,-4,bahdfcgejklpnomi
9,10,4,10744,PUSH,4,bgchjfldpkienaom,-4,-1,1
9,10,0,10745,POP,4,chdebglafpoijnkm
9,10,1,10745,POP,-4,bchdjfgepklanomi
9,10,2,10745,POP,-1,bchdfagejklpnomi
9,10,4,10745,DEL_CUTOFF,1
9,10,0,10746,POP,1,chdabglefpoijnkm
9,10,1,10746,POP,1,bchdjfgepklinoma
9,10,2,10746,DEL_EXPLORED,4
9,10,4,10746,DEL_CUTOFF,-1
9,10,0,10747,DEL_EXPLORED,-1
9,10,1,10747,DEL_EXPLORED,-1
9,10,2,10747,PUSH,-4,bcadfghejklpnomi,4,-1,1
9,10,4,10747,DEL_EXPLORED,-4
9,10,0,10748,PUSH,4,chldbgaefpoijnkm,-4,4,-1,1
9,10,1,10748,PUSH,-4,bchdjfgepkainolm,-4,4,-1,1
9,10,2,10748,PUSH,1,bcdafghejklpnomi,4,-1
9,10,4,10748,POP,4,bgchjfldpkienaom
9,10,0,10749,PUSH,1,chldbgeafpoijnkm,-4,4,-1
9,10,1,10749,PUSH,1,bchdjfgepkianolm,-4,4,-1
9,10,2,10749,DEL_EXPLORED,-1
9,10,4,10749,PUSH,-4,bgchjaldpfienkom,-4,4,-1,1
9,10,0,10750,DEL_EXPLORED,-1
9,10,1,10750,DEL_EXPLORED,-1
9,10,2,10750,PUSH,4,bcdefghajklpnomi,-4,4,-1
9,10,4,10750,DEL_CUTOFF,1
9,10,0,10751,DEL_CUTOFF,4
9,10,1,10751,PUSH,4,bchdjfgepkimnola,-4,-1
9,10,2,10751,DEL_CUTOFF,-1
9,10,4,10751,DEL_CUTOFF,-1
9,10,0,10752,DEL_CUTOFF,-4
9,10,1,10752,DEL_CUTOFF,-1
9,10,2,10752,DEL_CUTOFF,4
9,10,4,10752,DEL_EXPLORED,4
9,10,0,10753,POP,1,chldbgeafpoijnkm
9,10,1,10753,DEL_EXPLORED,-4
9,10,2,10753,DEL_EXPLORED,-4
9,10,4,10753,DEL_CUTOFF,-4
9,10,0,10754,PUSH,-1,chldbagefpoijnkm,-4,4,-1,1
9,10,1,10754,POP,4,bchdjfgepkimnola
9,10,2,10754,POP,4,bcdefghajklpnomi
9,10,4,10754,POP,-4,bgchjaldpfienkom
9,10,0,10755,DEL_EXPLORED,1
9,10,1,10755,PUSH,-4,bchdjfgapkienolm,-4,4,-1
9,10,2,10755,POP,1,bcdafghejklpnomi
9,10,4,10755,POP,1,bgchjfldpaienkom
9,10,0,10756,DEL_CUTOFF,-1
9,10,1,10756,DEL_CUTOFF,-1
9,10,2,10756,PUSH,-1,bacdfghejklpnomi,4,-1,1
9,10,4,10756,PUSH,4,bgchjfldnpieakom,-4,1
9,10,0,10757,DEL_CUTOFF,4
9,10,1,10757,DEL_EXPLORED,4
9,10,2,10757,DEL_EXPLORED,1
9,10,4,10757,PUSH,1,bgchjfldnpiekaom,-4,-1,1
9,10,0,10758,DEL_CUTOFF,-4
9,10,1,10758,DEL_CUTOFF,-4
9,10,2,10758,PUSH,-1,abcdfghejklpnomi,4,1
9,10,4,10758,DEL_CUTOFF,1
9,10,0,10759,POP,-1,chldbagefpoijnkm
9,10,1,10759,POP,-4,bchdjfgapkienolm
9,10,2,10759,DEL_EXPLORED,1
9,10,4,10759,DEL_EXPLORED,-1
9,10,0,10760,PUSH,4,chldbgoefpaijnkm,-4,4,-1,1
9,10,1,10760,POP,1,bchdjfgepkianolm
9,10,2,10760,DEL_CUTOFF,4
9,10,4,10760,DEL_CUTOFF,-4
9,10,0,10761,DEL_CUTOFF,1
9,10,1,10761,PUSH,-1,bchdjfgepakinolm,-4,4,-1,1
9,10,2,10761,POP,-1,abcdfghejklpnomi
9,10,4,10761,POP,1,bgchjfldnpiekaom
9,10,0,10762,DEL_CUTOFF,-1
9,10,1,10762,DEL_EXPLORED,1
9,10,2,10762,PUSH,4,bgcdfahejklpnomi,-4,4,-1,1
9,10,4,10762,DEL_EXPLORED,-4
9,10,0,10763,DEL_CUTOFF,4
9,10,1,10763,PUSH,-1,bchdjfgeapkinolm,-4,4,1
9,10,2,10763,DEL_CUTOFF,1
9,10,4,10763,POP,4,bgchjfldnpieakom
9,10,0,10764,DEL_EXPLORED,-4
9,10,1,10764,DEL_EXPLORED,1
9,10,2,10764,DEL_CUTOFF,-1
9,10,4,10764,DEL_EXPLORED,-4
9,10,0,10765,POP,4,chldbgoefpaijnkm
9,10,1,10765,DEL_CUTOFF,4
9,10,2,10765,DEL_CUTOFF,4
9,10,4,10765,POP,4,bgchjfldapienkom
9,10,0,10766,DEL_EXPLORED,-4
9,10,1,10766,DEL_CUTOFF,-4
9,10,2,10766,DEL_EXPLORED,-4
9,10,4,10766,PUSH,-4,agchbfldjpienkom,4,1
9,10,0,10767,POP,4,chldbgaefpoijnkm
9,10,1,10767,POP,-1,bchdjfgeapkinolm
9,10,2,10767,POP,4,bgcdfahejklpnomi
9,10,4,10767,PUSH,1,gachbfldjpienkom,4,-1,1
9,10,0,10768,POP,1,chadbglefpoijnkm
9,10,1,10768,PUSH,4,bchdjfgepokinalm,-4,-1,1
9,10,2,10768,POP,-1,bacdfghejklpnomi
9,10,4,10768,PUSH,1,gcahbfldjpienkom,4,-1,1
9,10,0,10769,DEL_EXPLORED,-1
9,10,1,10769,DEL_CUTOFF,1
9,10,2,10769,DEL_EXPLORED,4
9,10,4,10769,DEL_CUTOFF,1
9,10,0,10770,PUSH,4,cghdbalefpoijnkm,-4,4,-1,1
9,10,1,10770,DEL_CUTOFF,-1
9,10,2,10770,POP,-4,bcadfghejklpnomi
9,10,4,10770,DEL_EXPLORED,-1
9,10,0,10771,PUSH,1,cghdblaefpoijnkm,-4,4,-1,1
9,10,1,10771,DEL_EXPLORED,-4
9,10,2,10771,POP,-4,bchdfgaejklpnomi
9,10,4,10771,DEL_CUTOFF,4
9,10,0,10772,PUSH,1,cghdbleafpoijnkm,-4,4,-1
9,10,1,10772,POP,4,bchdjfgepokinalm
9,10,2,10772,POP,-1,bchdfglejkapnomi
9,10,4,10772,POP,1,gcahbfldjpienkom
9,10,0,10773,DEL_EXPLORED,-1
9,10,1,10773,PUSH,-4,bchdjagepfkinolm,-4,4,-1,1
9,10,2,10773,DEL_EXPLORED,4
9,10,4,10773,DEL_EXPLORED,-1
9,10,0,10774,DEL_CUTOFF,4
9,10,1,10774,DEL_CUTOFF,1
9,10,2,10774,PUSH,-4,bchdfglajkpenomi,-4,4,-1
9,10,4,10774,PUSH,4,gfchbaldjpienkom,-4,4,-1,1
9,10,0,10775,DEL_CUTOFF,-4
9,10,1,10775,DEL_CUTOFF,-1
9,10,2,10775,PUSH,-1,bchdfgaljkpenomi,-4,4,-1,1
9,10,4,10775,DEL_CUTOFF,1
9,10,0,10776,POP,1,cghdbleafpoijnkm
9,10,1,10776,DEL_EXPLORED,4
9,10,2,10776,DEL_EXPLORED,1
9,10,4,10776,DEL_CUTOFF,-1
9,10,0,10777,DEL_EXPLORED,-1
9,10,1,10777,DEL_CUTOFF,-4
9,10,2,10777,PUSH,-1,bchdfagljkpenomi,-4,4,-1,1
9,10,4,10777,DEL_CUTOFF,4
9,10,0,10778,PUSH,4,cghdbloefpaijnkm,-4,4,-1,1
9,10,1,10778,POP,-4,bchdjagepfkinolm
9,10,2,10778,DEL_EXPLORED,1
9,10,4,10778,DEL_EXPLORED,-4
9,10,0,10779,DEL_CUTOFF,1
9,10,1,10779,POP,-1,bchdjfgepakinolm
9,10,2,10779,PUSH,-1,bchdafgljkpenomi,-4,4,1
9,10,4,10779,POP,4,gfchbaldjpienkom
9,10,0,10780,DEL_CUTOFF,-1
9,10,1,10780,DEL_EXPLORED,4
9,10,2,10780,DEL_EXPLORED,1
9,10,4,10780,POP,1,gachbfldjpienkom
9,10,0,10781,DEL_CUTOFF,4
9,10,1,10781,PUSH,-4,bchdjfaepkginolm,-4,4,-1,1
9,10,2,10781,PUSH,4,bchdjfglakpenomi,-4,4,1
9,10,4,10781,DEL_EXPLORED,4
9,10,0,10782,DEL_EXPLORED,-4
9,10,1,10782,PUSH,1,bchdjfeapkginolm,-4,4,-1
9,10,2,10782,DEL_CUTOFF,1
9,10,4,10782,POP,-4,agchbfldjpienkom
9,10,0,10783,POP,4,cghdbloefpaijnkm
9,10,1,10783,DEL_EXPLORED,-1
9,10,2,10783,DEL_CUTOFF,4
9,10,4,10783,POP,-1,bgchafldjpienkom
9,10,0,10784,PUSH,-4,cgadblhefpoijnkm,4,-1,1
9,10,1,10784,DEL_CUTOFF,4
9,10,2,10784,DEL_EXPLORED,-4
9,10,4,10784,PUSH,4,bgchfpldjaienkom,-4,4,-1,1
9,10,0,10785,DEL_CUTOFF,1
9,10,1,10785,DEL_CUTOFF,-4
9,10,2,10785,POP,4,bchdjfglakpenomi
9,10,4,10785,PUSH,1,bgchfpldjiaenkom,-4,4,-1,1
9,10,0,10786,DEL_CUTOFF,-1
9,10,1,10786,POP,1,bchdjfeapkginolm
9,10,2,10786,PUSH,-4,achdbfgljkpenomi,4,1
9,10,4,10786,PUSH,1,bgchfpldjieankom,-4,4,-1
9,10,0,10787,DEL_EXPLORED,4
9,10,1,10787,PUSH,-1,bchdjafepkginolm,-4,4,-1,1
9,10,2,10787,DEL_CUTOFF,1
9,10,4,10787,DEL_EXPLORED,-1
9,10,0,10788,POP,-4,cgadblhefpoijnkm
9,10,1,10788,DEL_EXPLORED,1
9,10,2,10788,DEL_EXPLORED,4
9,10,4,10788,PUSH,4,bgchfpldjiemnkoa,-4,-1
9,10,0,10789,POP,1,cghdblaefpoijnkm
9,10,1,10789,DEL_CUTOFF,-1
9,10,2,10789,POP,-4,achdbfgljkpenomi
9,10,4,10789,DEL_CUTOFF,-1
9,10,0,10790,PUSH,-1,cghdablefpoijnkm,-4,4,1
9,10,1,10790,DEL_CUTOFF,4
9,10,2,10790,POP,-1,bchdafgljkpenomi
9,10,4,10790,DEL_EXPLORED,-4
9,10,0,10791,DEL_EXPLORED,1
9,10,1,10791,DEL_CUTOFF,-4
9,10,2,10791,PUSH,4,bchdfkgljapenomi,-4,4,-1,1
9,10,4,10791,POP,4,bgchfpldjiemnkoa
9,10,0,10792,PUSH,4,cghdfbleapoijnkm,-4,4,1
9,10,1,10792,POP,-1,bchdjafepkginolm
9,10,2,10792,PUSH,1,bchdfkgljpaenomi,-4,4,-1,1
9,10,4,10792,PUSH,-4,bgchfplajiednkom,-4,4,-1
9,10,0,10793,DEL_CUTOFF,1
9,10,1,10793,DEL_EXPLORED,4
9,10,2,10793,DEL_CUTOFF,1
9,10,4,10793,DEL_CUTOFF,-1
9,10,0,10794,DEL_CUTOFF,4
9,10,1,10794,PUSH,-4,bcadjfhepkginolm,4,-1,1
9,10,2,10794,DEL_EXPLORED,-1
9,10,4,10794,DEL_EXPLORED,4
9,10,0,10795,DEL_EXPLORED,-4
9,10,1,10795,DEL_CUTOFF,1
9,10,2,10795,DEL_CUTOFF,4
9,10,4,10795,DEL_CUTOFF,-4
9,10,0,10796,POP,4,cghdfbleapoijnkm
9,10,1,10796,DEL_CUTOFF,-1
9,10,2,10796,DEL_CUTOFF,-4
9,10,4,10796,POP,-4,bgchfplajiednkom
9,10,0,10797,PUSH,-4,aghdcblefpoijnkm,4,1
9,10,1,10797,DEL_EXPLORED,4
9,10,2,10797,POP,1,bchdfkgljpaenomi
9,10,4,10797,POP,1,bgchfpldjieankom
9,10,0,10798,DEL_CUTOFF,1
9,10,1,10798,POP,-4,bcadjfhepkginolm
9,10,2,10798,PUSH,-1,bchdfkglajpenomi,-4,4,1
9,10,4,10798,DEL_EXPLORED,-1
9,10,0,10799,DEL_EXPLORED,4
9,10,1,10799,POP,-4,bchdjfaepkginolm
9,10,2,10799,DEL_EXPLORED,1
9,10,4,10799,PUSH,4,bgchfpldjioenkam,-4,-1,1
9,10,0,10800,POP,-4,aghdcblefpoijnkm
9,10,1,10800,POP,-4,bchdjfgepkainolm
9,10,2,10800,DEL_CUTOFF,4
9,10,4,10800,PUSH,1,bgchfpldjioenkma,-4,-1
9,10,0,10801,POP,-1,cghdablefpoijnkm
9,10,1,10801,POP,1,bchdjfgepklinoam
9,10,2,10801,DEL_CUTOFF,-4
9,10,4,10801,DEL_EXPLORED,-1
9,10,0,10802,PUSH,4,cghdbplefaoijnkm,-4,4,-1,1
9,10,1,10802,PUSH,-1,bchdjfgepklianom,-4,1
9,10,2,10802,POP,-1,bchdfkglajpenomi
9,10,4,10802,DEL_CUTOFF,-4
9,10,0,10803,PUSH,1,cghdbplefoaijnkm,-4,4,-1,1
9,10,1,10803,DEL_EXPLORED,1
9,10,2,10803,PUSH,4,bchdfkgljopenami,-4,-1,1
9,10,4,10803,POP,1,bgchfpldjioenkma
9,10,0,10804,DEL_CUTOFF,1
9,10,1,10804,PUSH,-4,bchdjfgeaklipnom,-4,4,1
9,10,2,10804,DEL_CUTOFF,1
9,10,4,10804,PUSH,-1,bgchfpldjioenakm,-4,-1,1
9,10,0,10805,DEL_EXPLORED,-1
9,10,1,10805,PUSH,1,bchdjfgekalipnom,-4,4,-1,1
9,10,2,10805,DEL_CUTOFF,-1
9,10,4,10805,DEL_EXPLORED,1
9,10,0,10806,DEL_CUTOFF,4
9,10,1,10806,PUSH,1,bchdjfgeklaipnom,-4,4,-1,1
9,10,2,10806,DEL_EXPLORED,-4
9,10,4,10806,DEL_CUTOFF,-1
9,10,0,10807,DEL_CUTOFF,-4
9,10,1,10807,DEL_CUTOFF,1
9,10,2,10807,POP,4,bchdfkgljopenami
9,10,4,10807,DEL_CUTOFF,-4
9,10,0,10808,POP,1,cghdbplefoaijnkm
9,10,1,10808,DEL_EXPLORED,-1
9,10,2,10808,DEL_EXPLORED,-4
9,10,4,10808,POP,-1,bgchfpldjioenakm
9,10,0,10809,PUSH,-1,cghdbpleafoijnkm,-4,4,1
9,10,1,10809,DEL_CUTOFF,4
9,10,2,10809,POP,4,bchdfkgljapenomi
9,10,4,10809,DEL_EXPLORED,-4
9,10,0,10810,DEL_EXPLORED,1
9,10,1,10810,DEL_CUTOFF,-4
9,10,2,10810,PUSH,-4,bahdfcgljkpenomi,4,-1,1
9,10,4,10810,POP,4,bgchfpldjioenkam
9,10,0,10811,DEL_CUTOFF,4
9,10,1,10811,POP,1,bchdjfgeklaipnom
9,10,2,10811,PUSH,1,bhadfcgljkpenomi,4,-1,1
9,10,4,10811,PUSH,-4,bgchfpadjilenkom,-4,4,-1,1
9,10,0,10812,DEL_CUTOFF,-4
9,10,1,10812,DEL_EXPLORED,-1
9,10,2,10812,DEL_CUTOFF,1
9,10,4,10812,PUSH,1,bgchfpdajilenkom,-4,4,-1
9,10,0,10813,POP,-1,cghdbpleafoijnkm
9,10,1,10813,PUSH,4,bchdjfgeknlipaom,-4,-1,1
9,10,2,10813,DEL_EXPLORED,-1
9,10,4,10813,DEL_EXPLORED,-1
9,10,0,10814,PUSH,4,cghdbplefnoijakm,-4,-1,1
9,10,1,10814,DEL_CUTOFF,1
9,10,2,10814,DEL_CUTOFF,4
9,10,4,10814,DEL_CUTOFF,4
9,10,0,10815,DEL_CUTOFF,1
9,10,1,10815,DEL_CUTOFF,-1
9,10,2,10815,POP,1,bhadfcgljkpenomi
9,10,4,10815,DEL_CUTOFF,-4
9,10,0,10816,DEL_CUTOFF,-1
9,10,1,10816,DEL_EXPLORED,-4
9,10,2,10816,PUSH,-1,abhdfcgljkpenomi,4,1
9,10,4,10816,POP,1,bgchfpdajilenkom
9,10,0,10817,DEL_EXPLORED,-4
9,10,1,10817,POP,4,bchdjfgeknlipaom
9,10,2,10817,DEL_EXPLORED,1
9,10,4,10817,PUSH,-1,bgchfapdjilenkom,-4,4,-1,1
9,10,0,10818,POP,4,cghdbplefnoijakm
9,10,1,10818,PUSH,-4,bchdjagekflipnom,-4,4,-1,1
9,10,2,10818,DEL_CUTOFF,4
9,10,4,10818,DEL_EXPLORED,1
9,10,0,10819,DEL_EXPLORED,-4
9,10,1,10819,DEL_CUTOFF,1
9,10,2,10819,POP,-1,abhdfcgljkpenomi
9,10,4,10819,DEL_CUTOFF,-1
9,10,0,10820,POP,4,cghdbplefaoijnkm
9,10,1,10820,DEL_CUTOFF,-1
9,10,2,10820,DEL_EXPLORED,4
9,10,4,10820,DEL_CUTOFF,4
9,10,0,10821,DEL_EXPLORED,-4
9,10,1,10821,DEL_EXPLORED,4
9,10,2,10821,POP,-4,bahdfcgljkpenomi
9,10,4,10821,DEL_CUTOFF,-4
9,10,0,10822,POP,4,cghdbalefpoijnkm
9,10,1,10822,DEL_CUTOFF,-4
9,10,2,10822,POP,-1,bchdfagljkpenomi
9,10,4,10822,POP,-1,bgchfapdjilenkom
9,10,0,10823,POP,1,cahdbglefpoijnkm
9,10,1,10823,POP,-4,bchdjagekflipnom
9,10,2,10823,PUSH,4,bchdfgpljkaenomi,-4,4,-1,1
9,10,4,10823,DEL_EXPLORED,4
9,10,0,10824,DEL_EXPLORED,4
9,10,1,10824,POP,1,bchdjfgekalipnom
9,10,2,10824,PUSH,1,bchdfgpljkeanomi,-4,4,-1
9,10,4,10824,PUSH,-4,bgahfpcdjilenkom,4,-1,1
9,10,0,10825,POP,-4,achdbglefpoijnkm
9,10,1,10825,DEL_EXPLORED,4
9,10,2,10825,DEL_EXPLORED,-1
9,10,4,10825,DEL_CUTOFF,1
9,10,0,10826,POP,-4,bchdaglefpoijnkm
9,10,1,10826,PUSH,-4,bchdafgejklipnom,-4,4,1
9,10,2,10826,PUSH,4,bchdfgpljkeinoma,-4,-1
9,10,4,10826,DEL_CUTOFF,-1
9,10,0,10827,POP,-4,bchdfgleapoijnkm
9,10,1,10827,PUSH,1,bchdfagejklipnom,-4,4,-1,1
9,10,2,10827,DEL_CUTOFF,-1
9,10,4,10827,DEL_EXPLORED,4
9,10,0,10828,POP,-1,bchdfglejpoiankm
9,10,1,10828,DEL_CUTOFF,1
9,10,2,10828,DEL_EXPLORED,-4
9,10,4,10828,POP,-4,bgahfpcdjilenkom
9,10,0,10829,PUSH,-4,bchdfglejaoinpkm,-4,4,-1,1
9,10,1,10829,DEL_EXPLORED,-1
9,10,2,10829,POP,4,bchdfgpljkeinoma
9,10,4,10829,POP,-4,bgchfpadjilenkom
9,10,0,10830,PUSH,1,bchdfglejoainpkm,-4,4,-1,1
9,10,1,10830,DEL_CUTOFF,4
9,10,2,10830,PUSH,-4,bchdfgpajkelnomi,-4,4,-1
9,10,4,10830,POP,1,bgchfpldjiaenkom
9,10,0,10831,PUSH,1,bchdfglejoianpkm,-4,4,-1
9,10,1,10831,DEL_CUTOFF,-4
9,10,2,10831,DEL_CUTOFF,-1
9,10,4,10831,PUSH,-1,bgchfpldajienkom,-4,4,1
9,10,0,10832,DEL_EXPLORED,-1
9,10,1,10832,POP,1,bchdfagejklipnom
9,10,2,10832,DEL_EXPLORED,4
9,10,4,10832,DEL_EXPLORED,1
9,10,0,10833,PUSH,4,bchdfglejoimnpka,-4,-1
9,10,1,10833,DEL_EXPLORED,4
9,10,2,10833,DEL_CUTOFF,-4
9,10,4,10833,PUSH,4,bgchfpldnjieakom,-4,1
9,10,0,10834,PUSH,-1,bchdfglejoimnpak,-4,-1,1
9,10,1,10834,PUSH,-4,achdbfgejklipnom,4,1
9,10,2,10834,POP,-4,bchdfgpajkelnomi
9,10,4,10834,PUSH,1,bgchfpldnjiekaom,-4,-1,1
9,10,0,10835,DEL_EXPLORED,1
9,10,1,10835,DEL_CUTOFF,1
9,10,2,10835,POP,1,bchdfgpljkeanomi
9,10,4,10835,DEL_CUTOFF,1
9,10,0,10836,PUSH,-1,bchdfglejoimnapk,-4,-1,1
9,10,1,10836,DEL_EXPLORED,4
9,10,2,10836,PUSH,-1,bchdfgpljakenomi,-4,4,-1,1
9,10,4,10836,DEL_EXPLORED,-1
9,10,0,10837,DEL_EXPLORED,1
9,10,1,10837,POP,-4,achdbfgejklipnom
9,10,2,10837,DEL_EXPLORED,1
9,10,4,10837,DEL_CUTOFF,-4
9,10,0,10838,PUSH,-1,bchdfglejoimanpk,-4,1
9,10,1,10838,POP,-4,bchdafgejklipnom
9,10,2,10838,PUSH,-1,bchdfgplajkenomi,-4,4,1
9,10,4,10838,POP,1,bgchfpldnjiekaom
9,10,0,10839,DEL_EXPLORED,1
9,10,1,10839,POP,-4,bchdjfgeaklipnom
9,10,2,10839,DEL_EXPLORED,1
9,10,4,10839,DEL_EXPLORED,-4
9,10,0,10840,PUSH,-4,bchdfgleaoimjnpk,-4,4,1
9,10,1,10840,POP,-1,bchdjfgepklianom
9,10,2,10840,DEL_CUTOFF,4
9,10,4,10840,POP,4,bgchfpldnjieakom
9,10,0,10841,DEL_CUTOFF,1
9,10,1,10841,DEL_EXPLORED,-4
9,10,2,10841,DEL_CUTOFF,-4
9,10,4,10841,PUSH,-4,bgchapldfjienkom,-4,4,1
9,10,0,10842,DEL_EXPLORED,4
9,10,1,10842,POP,4,bchdjfgepklinaom
9,10,2,10842,POP,-1,bchdfgplajkenomi
9,10,4,10842,PUSH,1,bgchpaldfjienkom,-4,4,-1,1
9,10,0,10843,DEL_CUTOFF,-4
9,10,1,10843,PUSH,-4,bchdjagepflinkom,-4,4,-1,1
9,10,2,10843,PUSH,4,bchdfgpljokenami,-4,-1,1
9,10,4,10843,DEL_CUTOFF,1
9,10,0,10844,POP,-4,bchdfgleaoimjnpk
9,10,1,10844,PUSH,1,bchdjgaepflinkom,-4,4,-1,1
9,10,2,10844,DEL_CUTOFF,1
9,10,4,10844,DEL_EXPLORED,-1
9,10,0,10845,POP,-1,bchdfglejoimanpk
9,10,1,10845,PUSH,1,bchdjgeapflinkom,-4,4,-1
9,10,2,10845,DEL_CUTOFF,-1
9,10,4,10845,DEL_CUTOFF,4
9,10,0,10846,PUSH,-4,bchdfglejaimnopk,-4,4,-1,1
9,10,1,10846,DEL_EXPLORED,-1
9,10,2,10846,DEL_EXPLORED,-4
9,10,4,10846,DEL_CUTOFF,-4
9,10,0,10847,PUSH,1,bchdfglejiamnopk,-4,4,-1,1
9,10,1,10847,PUSH,4,bchdjgeipflankom,-4,4,-1
9,10,2,10847,POP,4,bchdfgpljokenami
9,10,4,10847,POP,1,bgchpaldfjienkom
9,10,0,10848,DEL_CUTOFF,1
9,10,1,10848,PUSH,-1,bchdjgeipfalnkom,-4,4,-1,1
9,10,2,10848,PUSH,-4,bchdfapljgkenomi,-4,4,-1,1
9,10,4,10848,DEL_EXPLORED,4
9,10,0,10849,DEL_EXPLORED,-1
9,10,1,10849,DEL_EXPLORED,1
9,10,2,10849,DEL_CUTOFF,1
9,10,4,10849,PUSH,-4,agchbpldfjienkom,4,1
9,10,0,10850,DEL_CUTOFF,4
9,10,1,10850,DEL_CUTOFF,-1
9,10,2,10850,DEL_CUTOFF,-1
9,10,4,10850,DEL_CUTOFF,1
9,10,0,10851,DEL_CUTOFF,-4
9,10,1,10851,DEL_CUTOFF,4
9,10,2,10851,DEL_EXPLORED,4
9,10,4,10851,DEL_EXPLORED,4
9,10,0,10852,POP,1,bchdfglejiamnopk
9,10,1,10852,DEL_CUTOFF,-4
9,10,2,10852,DEL_CUTOFF,-4
9,10,4,10852,POP,-4,agchbpldfjienkom
9,10,0,10853,PUSH,-1,bchdfgleajimnopk,-4,4,1
9,10,1,10853,POP,-1,bchdjgeipfalnkom
9,10,2,10853,POP,-4,bchdfapljgkenomi
9,10,4,10853,POP,-4,bgchapldfjienkom
9,10,0,10854,DEL_EXPLORED,1
9,10,1,10854,PUSH,4,bchdjgeipflmnkoa,-4,-1
9,10,2,10854,POP,-1,bchdfgpljakenomi
9,10,4,10854,POP,-1,bgchfpldajienkom
9,10,0,10855,DEL_CUTOFF,4
9,10,1,10855,DEL_CUTOFF,-1
9,10,2,10855,PUSH,4,bchdfgpljkmenoai,-4,-1,1
9,10,4,10855,PUSH,4,bgchfpldjkienaom,-4,-1,1
9,10,0,10856,DEL_CUTOFF,-4
9,10,1,10856,DEL_EXPLORED,-4
9,10,2,10856,PUSH,1,bchdfgpljkmenoia,-4,-1
9,10,4,10856,PUSH,1,bgchfpldjkienoam,-4,-1,1
9,10,0,10857,POP,-1,bchdfgleajimnopk
9,10,1,10857,POP,4,bchdjgeipflmnkoa
9,10,2,10857,DEL_EXPLORED,-1
9,10,4,10857,PUSH,1,bgchfpldjkienoma,-4,-1
9,10,0,10858,DEL_EXPLORED,4
9,10,1,10858,DEL_EXPLORED,-4
9,10,2,10858,DEL_CUTOFF,-4
9,10,4,10858,DEL_EXPLORED,-1
9,10,0,10859,PUSH,-4,bchdfalejgimnopk,-4,4,-1,1
9,10,1,10859,POP,4,bchdjgeipflankom
9,10,2,10859,POP,1,bchdfgpljkmenoia
9,10,4,10859,DEL_CUTOFF,-4
9,10,0,10860,DEL_CUTOFF,1
9,10,1,10860,PUSH,-4,bchajgedpflinkom,4,-1
9,10,2,10860,PUSH,-1,bchdfgpljkmenaoi,-4,-1,1
9,10,4,10860,POP,1,bgchfpldjkienoma
9,10,0,10861,DEL_CUTOFF,-1
9,10,1,10861,PUSH,-1,bcahjgedpflinkom,4,-1,1
9,10,2,10861,DEL_EXPLORED,1
9,10,4,10861,DEL_EXPLORED,-1
9,10,0,10862,DEL_EXPLORED,4
9,10,1,10862,DEL_EXPLORED,1
9,10,2,10862,DEL_CUTOFF,-1
9,10,4,10862,PUSH,-4,bgchfpldjkaenoim,-4,4,-1,1
9,10,0,10863,DEL_CUTOFF,-4
9,10,1,10863,DEL_CUTOFF,-1
9,10,2,10863,DEL_CUTOFF,-4
9,10,4,10863,DEL_CUTOFF,1
9,10,0,10864,POP,-4,bchdfalejgimnopk
9,10,1,10864,DEL_CUTOFF,4
9,10,2,10864,POP,-1,bchdfgpljkmenaoi
9,10,4,10864,DEL_CUTOFF,-1
9,10,0,10865,POP,-4,bchdfglejaimnopk
9,10,1,10865,POP,-1,bcahjgedpflinkom
9,10,2,10865,DEL_EXPLORED,-4
9,10,4,10865,DEL_EXPLORED,4
9,10,0,10866,POP,-1,bchdfglejoimnapk
9,10,1,10866,DEL_EXPLORED,4
9,10,2,10866,POP,4,bchdfgpljkmenoai
9,10,4,10866,DEL_CUTOFF,-4
9,10,0,10867,PUSH,-4,bchdfglejoamnpik,-4,4,-1,1
9,10,1,10867,POP,-4,bchajgedpflinkom
9,10,2,10867,DEL_EXPLORED,-4
9,10,4,10867,POP,-4,bgchfpldjkaenoim
9,10,0,10868,PUSH,1,bchdfglejomanpik,-4,4,-1
9,10,1,10868,POP,1,bchdjgeapflinkom
9,10,2,10868,POP,4,bchdfgpljkaenomi
9,10,4,10868,POP,1,bgchfpldjkienoam
9,10,0,10869,DEL_EXPLORED,-1
9,10,1,10869,DEL_EXPLORED,-1
9,10,2,10869,PUSH,-4,bcadfghljkpenomi,4,-1,1
9,10,4,10869,PUSH,-1,bgchfpldjkieanom,-4,1
9,10,0,10870,PUSH,4,bchdfglejomknpia,-4,-1
9,10,1,10870,PUSH,4,bchdjglepfainkom,-4,4,-1,1
9,10,2,10870,PUSH,1,bcdafghljkpenomi,4,-1
9,10,4,10870,DEL_EXPLORED,1
9,10,0,10871,DEL_CUTOFF,-1
9,10,1,10871,PUSH,1,bchdjglepfiankom,-4,4,-1
9,10,2,10871,DEL_EXPLORED,-1
9,10,4,10871,PUSH,-4,bgchfpldakiejnom,-4,4,1
9,10,0,10872,DEL_EXPLORED,-4
9,10,1,10872,DEL_EXPLORED,-1
9,10,2,10872,PUSH,4,bcdlfghajkpenomi,-4,4,-1
9,10,4,10872,DEL_CUTOFF,1
9,10,0,10873,POP,4,bchdfglejomknpia
9,10,1,10873,PUSH,4,bchdjglepfimnkoa,-4,-1
9,10,2,10873,DEL_CUTOFF,-1
9,10,4,10873,DEL_EXPLORED,4
9,10,0,10874,PUSH,-4,bchdfglajomenpik,-4,4,-1
9,10,1,10874,DEL_CUTOFF,-1
9,10,2,10874,DEL_CUTOFF,4
9,10,4,10874,DEL_CUTOFF,-4
9,10,0,10875,DEL_CUTOFF,-1
9,10,1,10875,DEL_EXPLORED,-4
9,10,2,10875,DEL_EXPLORED,-4
9,10,4,10875,POP,-4,bgchfpldakiejnom
9,10,0,10876,DEL_EXPLORED,4
9,10,1,10876,POP,4,bchdjglepfimnkoa
9,10,2,10876,POP,4,bcdlfghajkpenomi
9,10,4,10876,POP,-1,bgchfpldjkieanom
9,10,0,10877,DEL_CUTOFF,-4
9,10,1,10877,PUSH,-4,bchdjglapfienkom,-4,4,-1
9,10,2,10877,POP,1,bcdafghljkpenomi
9,10,4,10877,DEL_EXPLORED,-4
9,10,0,10878,POP,-4,bchdfglajomenpik
9,10,1,10878,DEL_CUTOFF,-1
9,10,2,10878,PUSH,-1,bacdfghljkpenomi,4,-1,1
9,10,4,10878,POP,4,bgchfpldjkienaom
9,10,0,10879,POP,1,bchdfglejomanpik
9,10,1,10879,DEL_EXPLORED,4
9,10,2,10879,DEL_EXPLORED,1
9,10,4,10879,DEL_EXPLORED,-4
9,10,0,10880,PUSH,-1,bchdfglejaomnpik,-4,4,-1,1
9,10,1,10880,DEL_CUTOFF,-4
9,10,2,10880,PUSH,-1,abcdfghljkpenomi,4,1
9,10,4,10880,POP,4,bgchfpldjaienkom
9,10,0,10881,DEL_EXPLORED,1
9,10,1,10881,POP,-4,bchdjglapfienkom
9,10,2,10881,DEL_EXPLORED,1
9,10,4,10881,DEL_EXPLORED,-4
9,10,0,10882,PUSH,-1,bchdfgleajomnpik,-4,4,1
9,10,1,10882,POP,1,bchdjglepfiankom
9,10,2,10882,DEL_CUTOFF,4
9,10,4,10882,POP,4,bgchfaldjpienkom
9,10,0,10883,DEL_EXPLORED,1
9,10,1,10883,PUSH,-1,bchdjglepafinkom,-4,4,-1,1
9,10,2,10883,POP,-1,abcdfghljkpenomi
9,10,4,10883,POP,-1,bachfgldjpienkom
9,10,0,10884,DEL_CUTOFF,4
9,10,1,10884,DEL_EXPLORED,1
9,10,2,10884,PUSH,4,bgcdfahljkpenomi,-4,4,-1,1
9,10,4,10884,PUSH,4,bclhfgadjpienkom,-4,4,-1,1
9,10,0,10885,DEL_CUTOFF,-4
9,10,1,10885,PUSH,-1,bchdjgleapfinkom,-4,4,1
9,10,2,10885,DEL_CUTOFF,1
9,10,4,10885,PUSH,1,bclhfgdajpienkom,-4,4,-1
9,10,0,10886,POP,-1,bchdfgleajomnpik
9,10,1,10886,DEL_EXPLORED,1
9,10,2,10886,DEL_CUTOFF,-1
9,10,4,10886,DEL_EXPLORED,-1
9,10,0,10887,PUSH,4,bchdfglejpomnaik,-4,-1,1
9,10,1,10887,DEL_CUTOFF,4
9,10,2,10887,DEL_CUTOFF,4
9,10,4,10887,PUSH,4,bclhfgdejpiankom,-4,4,-1
9,10,0,10888,DEL_CUTOFF,1
9,10,1,10888,DEL_CUTOFF,-4
9,10,2,10888,DEL_EXPLORED,-4
9,10,4,10888,PUSH,-1,bclhfgdejpainkom,-4,4,-1,1
9,10,0,10889,DEL_CUTOFF,-1
9,10,1,10889,POP,-1,bchdjgleapfinkom
9,10,2,10889,POP,4,bgcdfahljkpenomi
9,10,4,10889,DEL_EXPLORED,1
9,10,0,10890,DEL_EXPLORED,-4
9,10,1,10890,PUSH,4,bchdjglepkfinaom,-4,-1,1
9,10,2,10890,POP,-1,bacdfghljkpenomi
9,10,4,10890,PUSH,-1,bclhfgdejapinkom,-4,4,-1,1
9,10,0,10891,POP,4,bchdfglejpomnaik
9,10,1,10891,DEL_CUTOFF,1
9,10,2,10891,DEL_EXPLORED,4
9,10,4,10891,DEL_EXPLORED,1
9,10,0,10892,PUSH,-4,bchdfalejgomnpik,-4,4,-1,1
9,10,1,10892,DEL_CUTOFF,-1
9,10,2,10892,POP,-4,bcadfghljkpenomi
9,10,4,10892,PUSH,-1,bclhfgdeajpinkom,-4,4,1
9,10,0,10893,DEL_CUTOFF,1
9,10,1,10893,DEL_EXPLORED,-4
9,10,2,10893,POP,-1,bchdfgaljkpenomi
9,10,4,10893,DEL_EXPLORED,1
9,10,0,10894,DEL_CUTOFF,-1
9,10,1,10894,POP,4,bchdjglepkfinaom
9,10,2,10894,DEL_EXPLORED,4
9,10,4,10894,DEL_CUTOFF,4
9,10,0,10895,DEL_EXPLORED,4
9,10,1,10895,PUSH,-4,bchdjalepgfinkom,-4,4,-1,1
9,10,2,10895,PUSH,-4,bchafgldjkpenomi,4,-1
9,10,4,10895,DEL_CUTOFF,-4
9,10,0,10896,DEL_CUTOFF,-4
9,10,1,10896,DEL_CUTOFF,1
9,10,2,10896,PUSH,-1,bcahfgldjkpenomi,4,-1,1
9,10,4,10896,POP,-1,bclhfgdeajpinkom
9,10,0,10897,POP,-4,bchdfalejgomnpik
9,10,1,10897,DEL_CUTOFF,-1
9,10,2,10897,DEL_EXPLORED,1
9,10,4,10897,PUSH,4,bclhfgdejkpinaom,-4,-1,1
9,10,0,10898,POP,-1,bchdfglejaomnpik
9,10,1,10898,DEL_EXPLORED,4
9,10,2,10898,PUSH,-1,bachfgldjkpenomi,4,-1,1
9,10,4,10898,DEL_CUTOFF,1
9,10,0,10899,DEL_EXPLORED,4
9,10,1,10899,DEL_CUTOFF,-4
9,10,2,10899,DEL_EXPLORED,1
9,10,4,10899,DEL_CUTOFF,-1
9,10,0,10900,PUSH,-4,bchdfgaejolmnpik,-4,4,-1,1
9,10,1,10900,POP,-4,bchdjalepgfinkom
9,10,2,10900,PUSH,-1,abchfgldjkpenomi,4,1
9,10,4,10900,DEL_EXPLORED,-4
9,10,0,10901,PUSH,1,bchdfgeajolmnpik,-4,4,-1
9,10,1,10901,POP,-1,bchdjglepafinkom
9,10,2,10901,DEL_EXPLORED,1
9,10,4,10901,POP,4,bclhfgdejkpinaom
9,10,0,10902,DEL_EXPLORED,-1
9,10,1,10902,PUSH,4,bchdjglepfoinkam,-4,-1,1
9,10,2,10902,DEL_CUTOFF,4
9,10,4,10902,PUSH,-4,bclhfadejgpinkom,-4,4,-1,1
9,10,0,10903,DEL_CUTOFF,4
9,10,1,10903,PUSH,1,bchdjglepfoinkma,-4,-1
9,10,2,10903,POP,-1,abchfgldjkpenomi
9,10,4,10903,DEL_CUTOFF,1
9,10,0,10904,DEL_CUTOFF,-4
9,10,1,10904,DEL_EXPLORED,-1
9,10,2,10904,PUSH,4,bgchfaldjkpenomi,-4,4,-1,1
9,10,4,10904,DEL_CUTOFF,-1
9,10,0,10905,POP,1,bchdfgeajolmnpik
9,10,1,10905,DEL_CUTOFF,-4
9,10,2,10905,DEL_CUTOFF,1
9,10,4,10905,DEL_EXPLORED,4
9,10,0,10906,PUSH,-1,bchdfagejolmnpik,-4,4,-1,1
9,10,1,10906,POP,1,bchdjglepfoinkma
9,10,2,10906,DEL_CUTOFF,-1
9,10,4,10906,DEL_CUTOFF,-4
9,10,0,10907,DEL_EXPLORED,1
9,10,1,10907,PUSH,-1,bchdjglepfoinakm,-4,-1,1
9,10,2,10907,DEL_CUTOFF,4
9,10,4,10907,POP,-4,bclhfadejgpinkom
9,10,0,10908,DEL_CUTOFF,-1
9,10,1,10908,DEL_EXPLORED,1
9,10,2,10908,DEL_EXPLORED,-4
9,10,4,10908,POP,-1,bclhfgdejapinkom
9,10,0,10909,DEL_CUTOFF,4
9,10,1,10909,DEL_CUTOFF,-1
9,10,2,10909,POP,4,bgchfaldjkpenomi
9,10,4,10909,PUSH,4,bclhfgdejpoinkam,-4,-1,1
9,10,0,10910,DEL_CUTOFF,-4
9,10,1,10910,DEL_CUTOFF,-4
9,10,2,10910,POP,-1,bachfgldjkpenomi
9,10,4,10910,PUSH,1,bclhfgdejpoinkma,-4,-1
9,10,0,10911,POP,-1,bchdfagejolmnpik
9,10,1,10911,POP,-1,bchdjglepfoinakm
9,10,2,10911,PUSH,4,bclhfgadjkpenomi,-4,4,-1,1
9,10,4,10911,DEL_EXPLORED,-1
9,10,0,10912,DEL_EXPLORED,4
9,10,1,10912,DEL_EXPLORED,-4
9,10,2,10912,PUSH,1,bclhfgdajkpenomi,-4,4,-1
9,10,4,10912,DEL_CUTOFF,-4
9,10,0,10913,PUSH,-4,bcadfghejolmnpik,4,-1,1
9,10,1,10913,POP,4,bchdjglepfoinkam
9,10,2,10913,DEL_EXPLORED,-1
9,10,4,10913,POP,1,bclhfgdejpoinkma
9,10,0,10914,DEL_CUTOFF,1
9,10,1,10914,DEL_EXPLORED,-4
9,10,2,10914,DEL_CUTOFF,4
9,10,4,10914,PUSH,-1,bclhfgdejpoinakm,-4,-1,1
9,10,0,10915,DEL_CUTOFF,-1
9,10,1,10915,POP,4,bchdjglepfainkom
9,10,2,10915,DEL_CUTOFF,-4
9,10,4,10915,DEL_EXPLORED,1
9,10,0,10916,DEL_EXPLORED,4
9,10,1,10916,PUSH,-4,bcadjghepflinkom,4,-1,1
9,10,2,10916,POP,1,bclhfgdajkpenomi
9,10,4,10916,DEL_CUTOFF,-1
9,10,0,10917,POP,-4,bcadfghejolmnpik
9,10,1,10917,PUSH,1,bcdajghepflinkom,4,-1
9,10,2,10917,PUSH,-1,bclhfagdjkpenomi,-4,4,-1,1
9,10,4,10917,DEL_CUTOFF,-4
9,10,0,10918,POP,-4,bchdfgaejolmnpik
9,10,1,10918,DEL_EXPLORED,-1
9,10,2,10918,DEL_EXPLORED,1
9,10,4,10918,POP,-1,bclhfgdejpoinakm
9,10,0,10919,POP,-4,bchdfglejoamnpik
9,10,1,10919,PUSH,4,bcdejghapflinkom,-4,4,-1
9,10,2,10919,DEL_CUTOFF,-1
9,10,4,10919,DEL_EXPLORED,-4
9,10,0,10920,POP,-1,bchdfglejoimnpak
9,10,1,10920,DEL_CUTOFF,-1
9,10,2,10920,DEL_CUTOFF,4
9,10,4,10920,POP,4,bclhfgdejpoinkam
9,10,0,10921,DEL_EXPLORED,-4
9,10,1,10921,DEL_CUTOFF,4
9,10,2,10921,DEL_CUTOFF,-4
9,10,4,10921,PUSH,-4,bclhfgaejpdinkom,-4,4,-1,1
9,10,0,10922,POP,4,bchdfglejoimnpka
9,10,1,10922,DEL_EXPLORED,-4
9,10,2,10922,POP,-1,bclhfagdjkpenomi
9,10,4,10922,PUSH,1,bclhfgeajpdinkom,-4,4,-1
9,10,0,10923,PUSH,-4,bchdfglajoienpkm,-4,4,-1
9,10,1,10923,POP,4,bcdejghapflinkom
9,10,2,10923,PUSH,4,bclhfgpdjkaenomi,-4,4,-1,1
9,10,4,10923,DEL_EXPLORED,-1
9,10,0,10924,PUSH,-1,bchdfgaljoienpkm,-4,4,-1,1
9,10,1,10924,POP,1,bcdajghepflinkom
9,10,2,10924,DEL_CUTOFF,1
9,10,4,10924,DEL_CUTOFF,4
9,10,0,10925,DEL_EXPLORED,1
9,10,1,10925,PUSH,-1,bacdjghepflinkom,4,-1,1
9,10,2,10925,DEL_CUTOFF,-1
9,10,4,10925,DEL_CUTOFF,-4
9,10,0,10926,PUSH,-1,bchdfagljoienpkm,-4,4,-1,1
9,10,1,10926,DEL_EXPLORED,1
9,10,2,10926,DEL_CUTOFF,4
9,10,4,10926,POP,1,bclhfgeajpdinkom
9,10,0,10927,DEL_EXPLORED,1
9,10,1,10927,PUSH,-1,abcdjghepflinkom,4,1
9,10,2,10927,DEL_EXPLORED,-4
9,10,4,10927,PUSH,-1,bclhfagejpdinkom,-4,4,-1,1
9,10,0,10928,PUSH,-1,bchdafgljoienpkm,-4,4,1
9,10,1,10928,DEL_EXPLORED,1
9,10,2,10928,POP,4,bclhfgpdjkaenomi
9,10,4,10928,DEL_EXPLORED,1
9,10,0,10929,DEL_EXPLORED,1
9,10,1,10929,DEL_CUTOFF,4
9,10,2,10929,DEL_EXPLORED,-4
9,10,4,10929,DEL_CUTOFF,-1
9,10,0,10930,PUSH,4,bchdjfglaoienpkm,-4,4,1
9,10,1,10930,POP,-1,abcdjghepflinkom
9,10,2,10930,POP,4,bclhfgadjkpenomi
9,10,4,10930,DEL_CUTOFF,4
9,10,0,10931,DEL_CUTOFF,1
9,10,1,10931,PUSH,4,bgcdjahepflinkom,-4,4,-1,1
9,10,2,10931,POP,-1,bcahfgldjkpenomi
9,10,4,10931,DEL_CUTOFF,-4
9,10,0,10932,DEL_CUTOFF,4
9,10,1,10932,DEL_CUTOFF,1
9,10,2,10932,DEL_EXPLORED,4
9,10,4,10932,POP,-1,bclhfagejpdinkom
9,10,0,10933,DEL_EXPLORED,-4
9,10,1,10933,DEL_CUTOFF,-1
9,10,2,10933,POP,-4,bchafgldjkpenomi
9,10,4,10933,DEL_EXPLORED,4
9,10,0,10934,POP,4,bchdjfglaoienpkm
9,10,1,10934,DEL_CUTOFF,4
9,10,2,10934,POP,-4,bchdfglajkpenomi
9,10,4,10934,PUSH,-4,bcahfglejpdinkom,4,-1,1
9,10,0,10935,PUSH,-4,achdbfgljoienpkm,4,1
9,10,1,10935,DEL_EXPLORED,-4
9,10,2,10935,POP,-4,bchdfglejkpanomi
9,10,4,10935,DEL_CUTOFF,1
9,10,0,10936,DEL_CUTOFF,1
9,10,1,10936,POP,4,bgcdjahepflinkom
9,10,2,10936,POP,1,bchdfglejkpinoma
9,10,4,10936,DEL_CUTOFF,-1
9,10,0,10937,DEL_EXPLORED,4
9,10,1,10937,POP,-1,bacdjghepflinkom
9,10,2,10937,DEL_EXPLORED,-1
9,10,4,10937,DEL_EXPLORED,4
9,10,0,10938,POP,-4,achdbfgljoienpkm
9,10,1,10938,DEL_EXPLORED,4
9,10,2,10938,PUSH,-4,bchdfglejkainopm,-4,4,-1,1
9,10,4,10938,POP,-4,bcahfglejpdinkom
9,10,0,10939,POP,-1,bchdafgljoienpkm
9,10,1,10939,POP,-4,bcadjghepflinkom
9,10,2,10939,PUSH,1,bchdfglejkianopm,-4,4,-1
9,10,4,10939,POP,-4,bclhfgaejpdinkom
9,10,0,10940,PUSH,4,bchdfogljaienpkm,-4,4,-1,1
9,10,1,10940,POP,1,bchdjgaepflinkom
9,10,2,10940,DEL_EXPLORED,-1
9,10,4,10940,POP,-1,bclhfgdejpainkom
9,10,0,10941,PUSH,1,bchdfogljiaenpkm,-4,4,-1,1
9,10,1,10941,PUSH,-1,bchdajgepflinkom,-4,4,1
9,10,2,10941,PUSH,4,bchdfglejkimnopa,-4,-1
9,10,4,10941,PUSH,4,bclhfgdejpimnkoa,-4,-1
9,10,0,10942,DEL_CUTOFF,1
9,10,1,10942,DEL_EXPLORED,1
9,10,2,10942,PUSH,-1,bchdfglejkimnoap,-4,-1,1
9,10,4,10942,PUSH,-1,bclhfgdejpimnkao,-4,-1,1
9,10,0,10943,DEL_EXPLORED,-1
9,10,1,10943,PUSH,4,bchdpjgeaflinkom,-4,4,1
9,10,2,10943,DEL_EXPLORED,1
9,10,4,10943,DEL_EXPLORED,1
9,10,0,10944,DEL_CUTOFF,4
9,10,1,10944,PUSH,1,bchdpjgefalinkom,-4,4,-1,1
9,10,2,10944,PUSH,-1,bchdfglejkimnaop,-4,-1,1
9,10,4,10944,PUSH,-1,bclhfgdejpimnako,-4,-1,1
9,10,0,10945,DEL_CUTOFF,-4
9,10,1,10945,PUSH,1,bchdpjgeflainkom,-4,4,-1,1
9,10,2,10945,DEL_EXPLORED,1
9,10,4,10945,DEL_EXPLORED,1
9,10,0,10946,POP,1,bchdfogljiaenpkm
9,10,1,10946,DEL_CUTOFF,1
9,10,2,10946,PUSH,-1,bchdfglejkimanop,-4,1
9,10,4,10946,DEL_CUTOFF,-1
9,10,0,10947,PUSH,-1,bchdfoglajienpkm,-4,4,1
9,10,1,10947,DEL_EXPLORED,-1
9,10,2,10947,DEL_EXPLORED,1
9,10,4,10947,DEL_CUTOFF,-4
9,10,0,10948,DEL_EXPLORED,1
9,10,1,10948,DEL_CUTOFF,4
9,10,2,10948,PUSH,-4,bchdfgleakimjnop,-4,4,1
9,10,4,10948,POP,-1,bclhfgdejpimnako
9,10,0,10949,DEL_CUTOFF,4
9,10,1,10949,DEL_CUTOFF,-4
9,10,2,10949,DEL_CUTOFF,1
9,10,4,10949,PUSH,-4,bclhfgdejpamnkio,-4,4,-1,1
9,10,0,10950,DEL_CUTOFF,-4
9,10,1,10950,POP,1,bchdpjgeflainkom
9,10,2,10950,DEL_EXPLORED,4
9,10,4,10950,DEL_CUTOFF,1
9,10,0,10951,POP,-1,bchdfoglajienpkm
9,10,1,10951,DEL_EXPLORED,-1
9,10,2,10951,DEL_CUTOFF,-4
9,10,4,10951,DEL_CUTOFF,-1
9,10,0,10952,PUSH,4,bchdfogljpienakm,-4,-1,1
9,10,1,10952,PUSH,4,bchdpjgefklinaom,-4,-1,1
9,10,2,10952,POP,-4,bchdfgleakimjnop
9,10,4,10952,DEL_EXPLORED,4
9,10,0,10953,DEL_CUTOFF,1
9,10,1,10953,DEL_CUTOFF,1
9,10,2,10953,POP,-1,bchdfglejkimanop
9,10,4,10953,DEL_CUTOFF,-4
9,10,0,10954,DEL_CUTOFF,-1
9,10,1,10954,DEL_CUTOFF,-1
9,10,2,10954,PUSH,-4,bchdfglejaimnkop,-4,4,-1,1
9,10,4,10954,POP,-4,bclhfgdejpamnkio
9,10,0,10955,DEL_EXPLORED,-4
9,10,1,10955,DEL_EXPLORED,-4
9,10,2,10955,PUSH,1,bchdfglejiamnkop,-4,4,-1,1
9,10,4,10955,POP,-1,bclhfgdejpimnkao
9,10,0,10956,POP,4,bchdfogljpienakm
9,10,1,10956,POP,4,bchdpjgefklinaom
9,10,2,10956,DEL_CUTOFF,1
9,10,4,10956,DEL_EXPLORED,-4
9,10,0,10957,DEL_EXPLORED,-4
9,10,1,10957,PUSH,-4,bchdpagefjlinkom,-4,4,-1,1
9,10,2,10957,DEL_EXPLORED,-1
9,10,4,10957,POP,4,bclhfgdejpimnkoa
9,10,0,10958,POP,4,bchdfogljaienpkm
9,10,1,10958,DEL_CUTOFF,1
9,10,2,10958,DEL_CUTOFF,4
9,10,4,10958,DEL_EXPLORED,-4
9,10,0,10959,PUSH,-4,bahdfcgljoienpkm,4,-1,1
9,10,1,10959,DEL_CUTOFF,-1
9,10,2,10959,DEL_CUTOFF,-4
9,10,4,10959,POP,4,bclhfgdejpiankom
9,10,0,10960,PUSH,1,bhadfcgljoienpkm,4,-1,1
9,10,1,10960,DEL_EXPLORED,4
9,10,2,10960,POP,1,bchdfglejiamnkop
9,10,4,10960,PUSH,-4,bclafgdhjpienkom,4,-1
9,10,0,10961,DEL_CUTOFF,1
9,10,1,10961,DEL_CUTOFF,-4
9,10,2,10961,PUSH,-1,bchdfgleajimnkop,-4,4,1
9,10,4,10961,PUSH,-1,bcalfgdhjpienkom,4,-1,1
9,10,0,10962,DEL_EXPLORED,-1
9,10,1,10962,POP,-4,bchdpagefjlinkom
9,10,2,10962,DEL_EXPLORED,1
9,10,4,10962,DEL_EXPLORED,1
9,10,0,10963,DEL_CUTOFF,4
9,10,1,10963,POP,1,bchdpjgefalinkom
9,10,2,10963,DEL_CUTOFF,4
9,10,4,10963,PUSH,-1,baclfgdhjpienkom,4,-1,1
9,10,0,10964,POP,1,bhadfcgljoienpkm
9,10,1,10964,PUSH,4,bchdpjgenfliakom,-4,1
9,10,2,10964,DEL_CUTOFF,-4
9,10,4,10964,DEL_EXPLORED,1
9,10,0,10965,PUSH,-1,abhdfcgljoienpkm,4,1
9,10,1,10965,PUSH,1,bchdpjgenflikaom,-4,-1,1
9,10,2,10965,POP,-1,bchdfgleajimnkop
9,10,4,10965,PUSH,-1,abclfgdhjpienkom,4,1
9,10,0,10966,DEL_EXPLORED,1
9,10,1,10966,DEL_CUTOFF,1
9,10,2,10966,DEL_EXPLORED,4
9,10,4,10966,DEL_EXPLORED,1
9,10,0,10967,DEL_CUTOFF,4
9,10,1,10967,DEL_EXPLORED,-1
9,10,2,10967,PUSH,-4,bchdfalejgimnkop,-4,4,-1,1
9,10,4,10967,DEL_CUTOFF,4
9,10,0,10968,POP,-1,abhdfcgljoienpkm
9,10,1,10968,DEL_CUTOFF,-4
9,10,2,10968,DEL_CUTOFF,1
9,10,4,10968,POP,-1,abclfgdhjpienkom
9,10,0,10969,DEL_EXPLORED,4
9,10,1,10969,POP,1,bchdpjgenflikaom
9,10,2,10969,DEL_CUTOFF,-1
9,10,4,10969,PUSH,4,bgclfadhjpienkom,-4,4,-1,1
9,10,0,10970,POP,-4,bahdfcgljoienpkm
9,10,1,10970,DEL_EXPLORED,-4
9,10,2,10970,DEL_EXPLORED,4
9,10,4,10970,DEL_CUTOFF,1
9,10,0,10971,POP,-1,bchdfagljoienpkm
9,10,1,10971,POP,4,bchdpjgenfliakom
9,10,2,10971,DEL_CUTOFF,-4
9,10,4,10971,DEL_CUTOFF,-1
9,10,0,10972,PUSH,4,bchdfgiljoaenpkm,-4,4,-1,1
9,10,1,10972,DEL_EXPLORED,-4
9,10,2,10972,POP,-4,bchdfalejgimnkop
9,10,4,10972,DEL_CUTOFF,4
9,10,0,10973,PUSH,1,bchdfgiljoeanpkm,-4,4,-1
9,10,1,10973,POP,4,bchdpjgeaflinkom
9,10,2,10973,POP,-4,bchdfglejaimnkop
9,10,4,10973,DEL_EXPLORED,-4
9,10,0,10974,DEL_EXPLORED,-1
9,10,1,10974,PUSH,-4,achdbjgepflinkom,4,1
9,10,2,10974,POP,-1,bchdfglejkimnaop
9,10,4,10974,POP,4,bgclfadhjpienkom
9,10,0,10975,PUSH,4,bchdfgiljoemnpka,-4,-1
9,10,1,10975,PUSH,1,cahdbjgepflinkom,4,-1,1
9,10,2,10975,PUSH,-4,bchdfglejkamnoip,-4,4,-1,1
9,10,4,10975,POP,-1,baclfgdhjpienkom
9,10,0,10976,DEL_CUTOFF,-1
9,10,1,10976,PUSH,1,chadbjgepflinkom,4,-1,1
9,10,2,10976,PUSH,1,bchdfglejkmanoip,-4,4,-1
9,10,4,10976,PUSH,4,bcdlfgahjpienkom,-4,4,-1,1
9,10,0,10977,DEL_EXPLORED,-4
9,10,1,10977,DEL_CUTOFF,1
9,10,2,10977,DEL_EXPLORED,-1
9,10,4,10977,PUSH,1,bcdlfghajpienkom,-4,4,-1
9,10,0,10978,POP,4,bchdfgiljoemnpka
9,10,1,10978,DEL_EXPLORED,-1
9,10,2,10978,PUSH,4,bchdfglejkmpnoia,-4,-1
9,10,4,10978,DEL_EXPLORED,-1
9,10,0,10979,PUSH,-4,bchdfgiajoelnpkm,-4,4,-1
9,10,1,10979,DEL_CUTOFF,4
9,10,2,10979,DEL_CUTOFF,-1
9,10,4,10979,DEL_CUTOFF,4
9,10,0,10980,DEL_CUTOFF,-1
9,10,1,10980,POP,1,chadbjgepflinkom
9,10,2,10980,DEL_EXPLORED,-4
9,10,4,10980,DEL_CUTOFF,-4
9,10,0,10981,DEL_EXPLORED,4
9,10,1,10981,DEL_EXPLORED,-1
9,10,2,10981,POP,4,bchdfglejkmpnoia
9,10,4,10981,POP,1,bcdlfghajpienkom
9,10,0,10982,DEL_CUTOFF,-4
9,10,1,10982,PUSH,4,cjhdbagepflinkom,-4,4,-1,1
9,10,2,10982,PUSH,-4,bchdfglajkmenoip,-4,4,-1
9,10,4,10982,PUSH,-1,bcdlfaghjpienkom,-4,4,-1,1
9,10,0,10983,POP,-4,bchdfgiajoelnpkm
9,10,1,10983,DEL_CUTOFF,1
9,10,2,10983,DEL_CUTOFF,-1
9,10,4,10983,DEL_EXPLORED,1
9,10,0,10984,POP,1,bchdfgiljoeanpkm
9,10,1,10984,DEL_CUTOFF,-1
9,10,2,10984,DEL_EXPLORED,4
9,10,4,10984,DEL_CUTOFF,-1
9,10,0,10985,PUSH,-1,bchdfgiljaoenpkm,-4,4,-1,1
9,10,1,10985,DEL_CUTOFF,4
9,10,2,10985,DEL_CUTOFF,-4
9,10,4,10985,DEL_CUTOFF,4
9,10,0,10986,DEL_EXPLORED,1
9,10,1,10986,DEL_EXPLORED,-4
9,10,2,10986,POP,-4,bchdfglajkmenoip
9,10,4,10986,DEL_CUTOFF,-4
9,10,0,10987,PUSH,-1,bchdfgilajoenpkm,-4,4,1
9,10,1,10987,POP,4,cjhdbagepflinkom
9,10,2,10987,POP,1,bchdfglejkmanoip
9,10,4,10987,POP,-1,bcdlfaghjpienkom
9,10,0,10988,DEL_EXPLORED,1
9,10,1,10988,POP,1,cahdbjgepflinkom
9,10,2,10988,PUSH,-1,bchdfglejakmnoip,-4,4,-1,1
9,10,4,10988,PUSH,4,bcdlfgihjpaenkom,-4,4,-1,1
9,10,0,10989,DEL_CUTOFF,4
9,10,1,10989,DEL_EXPLORED,4
9,10,2,10989,DEL_EXPLORED,1
9,10,4,10989,DEL_CUTOFF,1
9,10,0,10990,DEL_CUTOFF,-4
9,10,1,10990,POP,-4,achdbjgepflinkom
9,10,2,10990,PUSH,-1,bchdfgleajkmnoip,-4,4,1
9,10,4,10990,DEL_CUTOFF,-1
9,10,0,10991,POP,-1,bchdfgilajoenpkm
9,10,1,10991,POP,-1,bchdajgepflinkom
9,10,2,10991,DEL_EXPLORED,1
9,10,4,10991,DEL_CUTOFF,4
9,10,0,10992,PUSH,4,bchdfgiljpoenakm,-4,-1,1
9,10,1,10992,DEL_EXPLORED,4
9,10,2,10992,DEL_CUTOFF,4
9,10,4,10992,DEL_EXPLORED,-4
9,10,0,10993,DEL_CUTOFF,1
9,10,1,10993,PUSH,-4,bahdjcgepflinkom,4,-1,1
9,10,2,10993,DEL_CUTOFF,-4
9,10,4,10993,POP,4,bcdlfgihjpaenkom
9,10,0,10994,DEL_CUTOFF,-1
9,10,1,10994,PUSH,1,bhadjcgepflinkom,4,-1,1
9,10,2,10994,POP,-1,bchdfgleajkmnoip
9,10,4,10994,DEL_EXPLORED,-4
9,10,0,10995,DEL_EXPLORED,-4
9,10,1,10995,PUSH,1,bhdajcgepflinkom,4,-1
9,10,2,10995,PUSH,4,bchdfglejokmnaip,-4,-1,1
9,10,4,10995,POP,4,bcdlfgahjpienkom
9,10,0,10996,POP,4,bchdfgiljpoenakm
9,10,1,10996,DEL_EXPLORED,-1
9,10,2,10996,DEL_CUTOFF,1
9,10,4,10996,POP,-1,bcalfgdhjpienkom
9,10,0,10997,PUSH,-4,bchdfailjgoenpkm,-4,4,-1,1
9,10,1,10997,PUSH,4,bhdejcgapflinkom,-4,4,-1
9,10,2,10997,DEL_CUTOFF,-1
9,10,4,10997,DEL_EXPLORED,4
9,10,0,10998,DEL_CUTOFF,1
9,10,1,10998,DEL_CUTOFF,-1
9,10,2,10998,DEL_EXPLORED,-4
9,10,4,10998,POP,-4,bclafgdhjpienkom
9,10,0,10999,DEL_CUTOFF,-1
9,10,1,10999,DEL_CUTOFF,4
9,10,2,10999,POP,4,bchdfglejokmnaip
9,10,4,10999,POP,1,bclhfgdajpienkom
9,10,0,11000,DEL_EXPLORED,4
9,10,1,11000,DEL_EXPLORED,-4
9,10,2,11000,PUSH,-4,bchdfalejgkmnoip,-4,4,-1,1
9,10,4,11000,PUSH,-1,bclhfagdjpienkom,-4,4,-1,1
9,10,0,11001,DEL_CUTOFF,-4
9,10,1,11001,POP,4,bhdejcgapflinkom
9,10,2,11001,DEL_CUTOFF,1
9,10,4,11001,DEL_EXPLORED,1
9,10,0,11002,POP,-4,bchdfailjgoenpkm
9,10,1,11002,POP,1,bhdajcgepflinkom
9,10,2,11002,DEL_CUTOFF,-1
9,10,4,11002,PUSH,-1,bclhafgdjpienkom,-4,4,1
9,10,0,11003,POP,-1,bchdfgiljaoenpkm
9,10,1,11003,DEL_EXPLORED,-1
9,10,2,11003,DEL_EXPLORED,4
9,10,4,11003,DEL_EXPLORED,1
9,10,0,11004,PUSH,4,bchdfgiljokenpam,-4,-1,1
9,10,1,11004,PUSH,4,bhgdjcaepflinkom,-4,4,-1,1
9,10,2,11004,DEL_CUTOFF,-4
9,10,4,11004,PUSH,4,bclhjfgdapienkom,-4,4,1
9,10,0,11005,PUSH,1,bchdfgiljokenpma,-4,-1
9,10,1,11005,PUSH,1,bhgdjceapflinkom,-4,4,-1
9,10,2,11005,POP,-4,bchdfalejgkmnoip
9,10,4,11005,PUSH,1,bclhjfgdpaienkom,-4,4,-1,1
9,10,0,11006,DEL_EXPLORED,-1
9,10,1,11006,DEL_EXPLORED,-1
9,10,2,11006,POP,-1,bchdfglejakmnoip
9,10,4,11006,PUSH,1,bclhjfgdpiaenkom,-4,4,-1,1
9,10,0,11007,DEL_CUTOFF,-4
9,10,1,11007,DEL_CUTOFF,4
9,10,2,11007,DEL_EXPLORED,4
9,10,4,11007,DEL_CUTOFF,1
9,10,0,11008,POP,1,bchdfgiljokenpma
9,10,1,11008,DEL_CUTOFF,-4
9,10,2,11008,PUSH,-4,bchdfgaejklmnoip,-4,4,-1,1
9,10,4,11008,DEL_EXPLORED,-1
9,10,0,11009,PUSH,-1,bchdfgiljokenapm,-4,-1,1
9,10,1,11009,POP,1,bhgdjceapflinkom
9,10,2,11009,PUSH,1,bchdfgeajklmnoip,-4,4,-1
9,10,4,11009,DEL_CUTOFF,4
9,10,0,11010,DEL_EXPLORED,1
9,10,1,11010,PUSH,-1,bhgdjacepflinkom,-4,4,-1,1
9,10,2,11010,DEL_EXPLORED,-1
9,10,4,11010,DEL_CUTOFF,-4
9,10,0,11011,DEL_CUTOFF,-1
9,10,1,11011,DEL_EXPLORED,1
9,10,2,11011,DEL_CUTOFF,4
9,10,4,11011,POP,1,bclhjfgdpiaenkom
9,10,0,11012,DEL_CUTOFF,-4
9,10,1,11012,DEL_CUTOFF,-1
9,10,2,11012,DEL_CUTOFF,-4
9,10,4,11012,DEL_EXPLORED,-1
9,10,0,11013,POP,-1,bchdfgiljokenapm
9,10,1,11013,DEL_CUTOFF,4
9,10,2,11013,POP,1,bchdfgeajklmnoip
9,10,4,11013,PUSH,4,bclhjfgdpkienaom,-4,-1,1
9,10,0,11014,DEL_EXPLORED,-4
9,10,1,11014,DEL_CUTOFF,-4
9,10,2,11014,PUSH,-1,bchdfagejklmnoip,-4,4,-1,1
9,10,4,11014,DEL_CUTOFF,1
9,10,0,11015,POP,4,bchdfgiljokenpam
9,10,1,11015,POP,-1,bhgdjacepflinkom
9,10,2,11015,DEL_EXPLORED,1
9,10,4,11015,DEL_CUTOFF,-1
9,10,0,11016,DEL_EXPLORED,-4
9,10,1,11016,PUSH,4,bhgdjclepfainkom,-4,4,-1,1
9,10,2,11016,DEL_CUTOFF,-1
9,10,4,11016,DEL_EXPLORED,-4
9,10,0,11017,POP,4,bchdfgiljoaenpkm
9,10,1,11017,DEL_CUTOFF,1
9,10,2,11017,DEL_CUTOFF,4
9,10,4,11017,POP,4,bclhjfgdpkienaom
9,10,0,11018,PUSH,-4,bcadfghljoienpkm,4,-1,1
9,10,1,11018,DEL_CUTOFF,-1
9,10,2,11018,DEL_CUTOFF,-4
9,10,4,11018,PUSH,-4,bclhjagdpfienkom,-4,4,-1,1
9,10,0,11019,PUSH,1,bcdafghljoienpkm,4,-1
9,10,1,11019,DEL_CUTOFF,4
9,10,2,11019,POP,-1,bchdfagejklmnoip
9,10,4,11019,DEL_CUTOFF,1
9,10,0,11020,DEL_EXPLORED,-1
9,10,1,11020,DEL_EXPLORED,-4
9,10,2,11020,DEL_EXPLORED,4
9,10,4,11020,DEL_CUTOFF,-1
9,10,0,11021,PUSH,4,bcdlfghajoienpkm,-4,4,-1
9,10,1,11021,POP,4,bhgdjclepfainkom
9,10,2,11021,PUSH,-4,bcadfghejklmnoip,4,-1,1
9,10,4,11021,DEL_EXPLORED,4
9,10,0,11022,DEL_CUTOFF,-1
9,10,1,11022,DEL_EXPLORED,-4
9,10,2,11022,DEL_CUTOFF,1
9,10,4,11022,DEL_CUTOFF,-4
9,10,0,11023,DEL_CUTOFF,4
9,10,1,11023,POP,4,bhgdjcaepflinkom
9,10,2,11023,DEL_CUTOFF,-1
9,10,4,11023,POP,-4,bclhjagdpfienkom
9,10,0,11024,DEL_EXPLORED,-4
9,10,1,11024,POP,1,bhadjcgepflinkom
9,10,2,11024,DEL_EXPLORED,4
9,10,4,11024,POP,1,bclhjfgdpaienkom
9,10,0,11025,POP,4,bcdlfghajoienpkm
9,10,1,11025,PUSH,-1,abhdjcgepflinkom,4,1
9,10,2,11025,POP,-4,bcadfghejklmnoip
9,10,4,11025,PUSH,4,bclhjfgdnpieakom,-4,1
9,10,0,11026,POP,1,bcdafghljoienpkm
9,10,1,11026,DEL_EXPLORED,1
9,10,2,11026,POP,-4,bchdfgaejklmnoip
9,10,4,11026,PUSH,1,bclhjfgdnpiekaom,-4,-1,1
9,10,0,11027,PUSH,-1,bacdfghljoienpkm,4,-1,1
9,10,1,11027,PUSH,4,jbhdacgepflinkom,-4,4,1
9,10,2,11027,POP,-4,bchdfglejkamnoip
9,10,4,11027,DEL_CUTOFF,1
9,10,0,11028,DEL_EXPLORED,1
9,10,1,11028,PUSH,1,jbhdcagepflinkom,-4,4,-1,1
9,10,2,11028,POP,-1,bchdfglejkimnoap
9,10,4,11028,DEL_EXPLORED,-1
9,10,0,11029,PUSH,-1,abcdfghljoienpkm,4,1
9,10,1,11029,DEL_CUTOFF,1
9,10,2,11029,DEL_EXPLORED,-4
9,10,4,11029,DEL_CUTOFF,-4
9,10,0,11030,DEL_EXPLORED,1
9,10,1,11030,DEL_EXPLORED,-1
9,10,2,11030,POP,4,bchdfglejkimnopa
9,10,4,11030,POP,1,bclhjfgdnpiekaom
9,10,0,11031,DEL_CUTOFF,4
9,10,1,11031,DEL_CUTOFF,4
9,10,2,11031,PUSH,-4,bchdfglajkienopm,-4,4,-1
9,10,4,11031,DEL_EXPLORED,-4
9,10,0,11032,POP,-1,abcdfghljoienpkm
9,10,1,11032,DEL_CUTOFF,-4
9,10,2,11032,PUSH,-1,bchdfgaljkienopm,-4,4,-1,1
9,10,4,11032,POP,4,bclhjfgdnpieakom
9,10,0,11033,PUSH,4,bgcdfahljoienpkm,-4,4,-1,1
9,10,1,11033,POP,1,jbhdcagepflinkom
9,10,2,11033,DEL_EXPLORED,1
9,10,4,11033,DEL_EXPLORED,-4
9,10,0,11034,DEL_CUTOFF,1
9,10,1,11034,PUSH,4,jbhdpcgeaflinkom,-4,4,1
9,10,2,11034,PUSH,-1,bchdfagljkienopm,-4,4,-1,1
9,10,4,11034,POP,4,bclhjfgdapienkom
9,10,0,11035,DEL_CUTOFF,-1
9,10,1,11035,DEL_CUTOFF,1
9,10,2,11035,DEL_EXPLORED,1
9,10,4,11035,PUSH,-4,aclhbfgdjpienkom,4,1
9,10,0,11036,DEL_CUTOFF,4
9,10,1,11036,DEL_CUTOFF,4
9,10,2,11036,PUSH,-1,bchdafgljkienopm,-4,4,1
9,10,4,11036,PUSH,1,calhbfgdjpienkom,4,-1,1
9,10,0,11037,DEL_EXPLORED,-4
9,10,1,11037,DEL_EXPLORED,-4
9,10,2,11037,DEL_EXPLORED,1
9,10,4,11037,PUSH,1,clahbfgdjpienkom,4,-1,1
9,10,0,11038,POP,4,bgcdfahljoienpkm
9,10,1,11038,POP,4,jbhdpcgeaflinkom
9,10,2,11038,PUSH,4,bchdjfglakienopm,-4,4,1
9,10,4,11038,DEL_CUTOFF,1
9,10,0,11039,POP,-1,bacdfghljoienpkm
9,10,1,11039,DEL_EXPLORED,-4
9,10,2,11039,DEL_CUTOFF,1
9,10,4,11039,DEL_EXPLORED,-1
9,10,0,11040,DEL_EXPLORED,4
9,10,1,11040,POP,4,jbhdacgepflinkom
9,10,2,11040,DEL_CUTOFF,4
9,10,4,11040,DEL_CUTOFF,4
9,10,0,11041,POP,-4,bcadfghljoienpkm
9,10,1,11041,POP,-1,abhdjcgepflinkom
9,10,2,11041,DEL_EXPLORED,-4
9,10,4,11041,POP,1,clahbfgdjpienkom
9,10,0,11042,POP,-1,bchdfgaljoienpkm
9,10,1,11042,DEL_EXPLORED,4
9,10,2,11042,POP,4,bchdjfglakienopm
9,10,4,11042,DEL_EXPLORED,-1
9,10,0,11043,DEL_EXPLORED,4
9,10,1,11043,POP,-4,bahdjcgepflinkom
9,10,2,11043,PUSH,-4,achdbfgljkienopm,4,1
9,10,4,11043,PUSH,4,cflhbagdjpienkom,-4,4,-1,1
9,10,0,11044,PUSH,-4,bchafgldjoienpkm,4,-1
9,10,1,11044,POP,-4,bchdjagepflinkom
9,10,2,11044,DEL_CUTOFF,1
9,10,4,11044,DEL_CUTOFF,1
9,10,0,11045,PUSH,-1,bcahfgldjoienpkm,4,-1,1
9,10,1,11045,POP,1,bchdjfgepalinkom
9,10,2,11045,DEL_EXPLORED,4
9,10,4,11045,DEL_CUTOFF,-1
9,10,0,11046,DEL_EXPLORED,1
9,10,1,11046,PUSH,4,bchdjfgenpliakom,-4,1
9,10,2,11046,POP,-4,achdbfgljkienopm
9,10,4,11046,DEL_CUTOFF,4
9,10,0,11047,PUSH,-1,bachfgldjoienpkm,4,-1,1
9,10,1,11047,PUSH,1,bchdjfgenplikaom,-4,-1,1
9,10,2,11047,POP,-1,bchdafgljkienopm
9,10,4,11047,DEL_EXPLORED,-4
9,10,0,11048,DEL_EXPLORED,1
9,10,1,11048,PUSH,1,bchdjfgenplikoam,-4,-1,1
9,10,2,11048,PUSH,4,bchdfkgljaienopm,-4,4,-1,1
9,10,4,11048,POP,4,cflhbagdjpienkom
9,10,0,11049,PUSH,-1,abchfgldjoienpkm,4,1
9,10,1,11049,PUSH,1,bchdjfgenplikoma,-4,-1
9,10,2,11049,PUSH,1,bchdfkgljiaenopm,-4,4,-1,1
9,10,4,11049,POP,1,calhbfgdjpienkom
9,10,0,11050,DEL_EXPLORED,1
9,10,1,11050,DEL_EXPLORED,-1
9,10,2,11050,DEL_CUTOFF,1
9,10,4,11050,DEL_EXPLORED,4
9,10,0,11051,DEL_CUTOFF,4
9,10,1,11051,PUSH,-4,bchdjfgenplakomi,-4,4,-1
9,10,2,11051,DEL_EXPLORED,-1
9,10,4,11051,POP,-4,aclhbfgdjpienkom
9,10,0,11052,POP,-1,abchfgldjoienpkm
9,10,1,11052,PUSH,-1,bchdjfgenpalkomi,-4,4,-1,1
9,10,2,11052,DEL_CUTOFF,4
9,10,4,11052,POP,-1,bclhafgdjpienkom
9,10,0,11053,PUSH,4,bgchfaldjoienpkm,-4,4,-1,1
9,10,1,11053,DEL_EXPLORED,1
9,10,2,11053,DEL_CUTOFF,-4
9,10,4,11053,PUSH,4,bclhfpgdjaienkom,-4,4,-1,1
9,10,0,11054,DEL_CUTOFF,1
9,10,1,11054,DEL_CUTOFF,-1
9,10,2,11054,POP,1,bchdfkgljiaenopm
9,10,4,11054,PUSH,1,bclhfpgdjiaenkom,-4,4,-1,1
9,10,0,11055,DEL_CUTOFF,-1
9,10,1,11055,DEL_CUTOFF,4
9,10,2,11055,PUSH,-1,bchdfkglajienopm,-4,4,1
9,10,4,11055,PUSH,1,bclhfpgdjieankom,-4,4,-1
9,10,0,11056,DEL_CUTOFF,4
9,10,1,11056,DEL_CUTOFF,-4
9,10,2,11056,DEL_EXPLORED,1
9,10,4,11056,DEL_EXPLORED,-1
9,10,0,11057,DEL_EXPLORED,-4
9,10,1,11057,POP,-1,bchdjfgenpalkomi
9,10,2,11057,DEL_CUTOFF,4
9,10,4,11057,PUSH,4,bclhfpgdjiemnkoa,-4,-1
9,10,0,11058,POP,4,bgchfaldjoienpkm
9,10,1,11058,DEL_EXPLORED,4
9,10,2,11058,DEL_CUTOFF,-4
9,10,4,11058,DEL_CUTOFF,-1
9,10,0,11059,POP,-1,bachfgldjoienpkm
9,10,1,11059,PUSH,-4,bchdjfganplekomi,-4,4,-1
9,10,2,11059,POP,-1,bchdfkglajienopm
9,10,4,11059,DEL_EXPLORED,-4
9,10,0,11060,PUSH,4,bclhfgadjoienpkm,-4,4,-1,1
9,10,1,11060,DEL_CUTOFF,-1
9,10,2,11060,PUSH,4,bchdfkgljoienapm,-4,-1,1
9,10,4,11060,POP,4,bclhfpgdjiemnkoa
9,10,0,11061,PUSH,1,bclhfgdajoienpkm,-4,4,-1
9,10,1,11061,DEL_EXPLORED,4
9,10,2,11061,DEL_CUTOFF,1
9,10,4,11061,PUSH,-4,bclhfpgajiednkom,-4,4,-1
9,10,0,11062,DEL_EXPLORED,-1
9,10,1,11062,DEL_CUTOFF,-4
9,10,2,11062,DEL_CUTOFF,-1
9,10,4,11062,DEL_CUTOFF,-1
9,10,0,11063,DEL_CUTOFF,4
9,10,1,11063,POP,-4,bchdjfganplekomi
9,10,2,11063,DEL_EXPLORED,-4
9,10,4,11063,DEL_EXPLORED,4
9,10,0,11064,DEL_CUTOFF,-4
9,10,1,11064,POP,-4,bchdjfgenplakomi
9,10,2,11064,POP,4,bchdfkgljoienapm
9,10,4,11064,DEL_CUTOFF,-4
9,10,0,11065,POP,1,bclhfgdajoienpkm
9,10,1,11065,POP,1,bchdjfgenplikoma
9,10,2,11065,DEL_EXPLORED,-4
9,10,4,11065,POP,-4,bclhfpgajiednkom
9,10,0,11066,PUSH,-1,bclhfagdjoienpkm,-4,4,-1,1
9,10,1,11066,DEL_EXPLORED,-1
9,10,2,11066,POP,4,bchdfkgljaienopm
9,10,4,11066,POP,1,bclhfpgdjieankom
9,10,0,11067,DEL_EXPLORED,1
9,10,1,11067,PUSH,-4,bchdjfgenpaikolm,-4,4,-1,1
9,10,2,11067,PUSH,-4,bahdfcgljkienopm,4,-1,1
9,10,4,11067,DEL_EXPLORED,-1
9,10,0,11068,DEL_CUTOFF,-1
9,10,1,11068,PUSH,1,bchdjfgenpiakolm,-4,4,-1
9,10,2,11068,PUSH,1,bhadfcgljkienopm,4,-1,1
9,10,4,11068,PUSH,4,bclhfpgdjioenkam,-4,-1,1
9,10,0,11069,DEL_CUTOFF,4
9,10,1,11069,DEL_EXPLORED,-1
9,10,2,11069,DEL_CUTOFF,1
9,10,4,11069,PUSH,1,bclhfpgdjioenkma,-4,-1
9,10,0,11070,DEL_CUTOFF,-4
9,10,1,11070,PUSH,4,bchdjfgenpimkola,-4,-1
9,10,2,11070,DEL_EXPLORED,-1
9,10,4,11070,DEL_EXPLORED,-1
9,10,0,11071,POP,-1,bclhfagdjoienpkm
9,10,1,11071,DEL_CUTOFF,-1
9,10,2,11071,DEL_CUTOFF,4
9,10,4,11071,DEL_CUTOFF,-4
9,10,0,11072,PUSH,4,bclhfgidjoaenpkm,-4,4,-1,1
9,10,1,11072,DEL_EXPLORED,-4
9,10,2,11072,POP,1,bhadfcgljkienopm
9,10,4,11072,POP,1,bclhfpgdjioenkma
9,10,0,11073,DEL_CUTOFF,1
9,10,1,11073,POP,4,bchdjfgenpimkola
9,10,2,11073,PUSH,-1,abhdfcgljkienopm,4,1
9,10,4,11073,PUSH,-1,bclhfpgdjioenakm,-4,-1,1
9,10,0,11074,DEL_CUTOFF,-1
9,10,1,11074,PUSH,-4,bchdjfganpiekolm,-4,4,-1
9,10,2,11074,DEL_EXPLORED,1
9,10,4,11074,DEL_EXPLORED,1
9,10,0,11075,DEL_CUTOFF,4
9,10,1,11075,DEL_CUTOFF,-1
9,10,2,11075,DEL_CUTOFF,4
9,10,4,11075,DEL_CUTOFF,-1
9,10,0,11076,DEL_EXPLORED,-4
9,10,1,11076,DEL_EXPLORED,4
9,10,2,11076,POP,-1,abhdfcgljkienopm
9,10,4,11076,DEL_CUTOFF,-4
9,10,0,11077,POP,4,bclhfgidjoaenpkm
9,10,1,11077,DEL_CUTOFF,-4
9,10,2,11077,DEL_EXPLORED,4
9,10,4,11077,POP,-1,bclhfpgdjioenakm
9,10,0,11078,DEL_EXPLORED,-4
9,10,1,11078,POP,-4,bchdjfganpiekolm
9,10,2,11078,POP,-4,bahdfcgljkienopm
9,10,4,11078,DEL_EXPLORED,-4
9,10,0,11079,POP,4,bclhfgadjoienpkm
9,10,1,11079,POP,1,bchdjfgenpiakolm
9,10,2,11079,POP,-1,bchdfagljkienopm
9,10,4,11079,POP,4,bclhfpgdjioenkam
9,10,0,11080,POP,-1,bcahfgldjoienpkm
9,10,1,11080,PUSH,-1,bchdjfgenapikolm,-4,4,-1,1
9,10,2,11080,PUSH,4,bchdfgiljkaenopm,-4,4,-1,1
9,10,4,11080,PUSH,-4,bclhfpadjigenkom,-4,4,-1,1
9,10,0,11081,DEL_EXPLORED,4
9,10,1,11081,DEL_EXPLORED,1
9,10,2,11081,PUSH,1,bchdfgiljkeanopm,-4,4,-1
9,10,4,11081,PUSH,1,bclhfpdajigenkom,-4,4,-1
9,10,0,11082,POP,-4,bchafgldjoienpkm
9,10,1,11082,PUSH,-1,bchdjfgeanpikolm,-4,4,1
9,10,2,11082,DEL_EXPLORED,-1
9,10,4,11082,DEL_EXPLORED,-1
9,10,0,11083,POP,-4,bchdfglajoienpkm
9,10,1,11083,DEL_EXPLORED,1
9,10,2,11083,PUSH,4,bchdfgiljkemnopa,-4,-1
9,10,4,11083,DEL_CUTOFF,4
9,10,0,11084,POP,1,bchdfglejoianpkm
9,10,1,11084,DEL_CUTOFF,4
9,10,2,11084,DEL_CUTOFF,-1
9,10,4,11084,DEL_CUTOFF,-4
9,10,0,11085,DEL_EXPLORED,-1
9,10,1,11085,DEL_CUTOFF,-4
9,10,2,11085,DEL_EXPLORED,-4
9,10,4,11085,POP,1,bclhfpdajigenkom
9,10,0,11086,PUSH,4,bchdfglejokinpam,-4,-1,1
9,10,1,11086,POP,-1,bchdjfgeanpikolm
9,10,2,11086,POP,4,bchdfgiljkemnopa
9,10,4,11086,PUSH,-1,bclhfapdjigenkom,-4,4,-1,1
9,10,0,11087,PUSH,1,bchdfglejokinpma,-4,-1
9,10,1,11087,PUSH,4,bchdjfgenopikalm,-4,-1,1
9,10,2,11087,PUSH,-4,bchdfgiajkelnopm,-4,4,-1
9,10,4,11087,DEL_EXPLORED,1
9,10,0,11088,DEL_EXPLORED,-1
9,10,1,11088,DEL_CUTOFF,1
9,10,2,11088,DEL_CUTOFF,-1
9,10,4,11088,DEL_CUTOFF,-1
9,10,0,11089,PUSH,-4,bchdfglejokanpmi,-4,4,-1
9,10,1,11089,DEL_CUTOFF,-1
9,10,2,11089,DEL_EXPLORED,4
9,10,4,11089,DEL_CUTOFF,4
9,10,0,11090,PUSH,-1,bchdfglejoaknpmi,-4,4,-1,1
9,10,1,11090,DEL_EXPLORED,-4
9,10,2,11090,DEL_CUTOFF,-4
9,10,4,11090,DEL_CUTOFF,-4
9,10,0,11091,DEL_EXPLORED,1
9,10,1,11091,POP,4,bchdjfgenopikalm
9,10,2,11091,POP,-4,bchdfgiajkelnopm
9,10,4,11091,POP,-1,bclhfapdjigenkom
9,10,0,11092,PUSH,-1,bchdfglejaoknpmi,-4,4,-1,1
9,10,1,11092,PUSH,-4,bchdjagenfpikolm,-4,4,-1,1
9,10,2,11092,POP,1,bchdfgiljkeanopm
9,10,4,11092,DEL_EXPLORED,4
9,10,0,11093,DEL_EXPLORED,1
9,10,1,11093,DEL_CUTOFF,1
9,10,2,11093,PUSH,-1,bchdfgiljakenopm,-4,4,-1,1
9,10,4,11093,PUSH,-4,bcahfpldjigenkom,4,-1,1
9,10,0,11094,PUSH,-1,bchdfgleajoknpmi,-4,4,1
9,10,1,11094,DEL_CUTOFF,-1
9,10,2,11094,DEL_EXPLORED,1
9,10,4,11094,DEL_CUTOFF,1
9,10,0,11095,DEL_EXPLORED,1
9,10,1,11095,DEL_EXPLORED,4
9,10,2,11095,PUSH,-1,bchdfgilajkenopm,-4,4,1
9,10,4,11095,DEL_CUTOFF,-1
9,10,0,11096,DEL_CUTOFF,4
9,10,1,11096,DEL_CUTOFF,-4
9,10,2,11096,DEL_EXPLORED,1
9,10,4,11096,DEL_EXPLORED,4
9,10,0,11097,DEL_CUTOFF,-4
9,10,1,11097,POP,-4,bchdjagenfpikolm
9,10,2,11097,DEL_CUTOFF,4
9,10,4,11097,POP,-4,bcahfpldjigenkom
9,10,0,11098,POP,-1,bchdfgleajoknpmi
9,10,1,11098,POP,-1,bchdjfgenapikolm
9,10,2,11098,DEL_CUTOFF,-4
9,10,4,11098,POP,-4,bclhfpadjigenkom
9,10,0,11099,PUSH,4,bchdfglejpoknami,-4,-1,1
9,10,1,11099,DEL_EXPLORED,4
9,10,2,11099,POP,-1,bchdfgilajkenopm
9,10,4,11099,POP,1,bclhfpgdjiaenkom
9,10,0,11100,DEL_CUTOFF,1
9,10,1,11100,PUSH,-4,bchdjfaenpgikolm,-4,4,-1,1
9,10,2,11100,PUSH,4,bchdfgiljokenapm,-4,-1,1
9,10,4,11100,PUSH,-1,bclhfpgdajienkom,-4,4,1
9,10,0,11101,DEL_CUTOFF,-1
9,10,1,11101,PUSH,1,bchdjfeanpgikolm,-4,4,-1
9,10,2,11101,DEL_CUTOFF,1
9,10,4,11101,DEL_EXPLORED,1
9,10,0,11102,DEL_EXPLORED,-4
9,10,1,11102,DEL_EXPLORED,-1
9,10,2,11102,DEL_CUTOFF,-1
9,10,4,11102,PUSH,4,bclhfpgdnjieakom,-4,1
9,10,0,11103,POP,4,bchdfglejpoknami
9,10,1,11103,DEL_CUTOFF,4
9,10,2,11103,DEL_EXPLORED,-4
9,10,4,11103,PUSH,1,bclhfpgdnjiekaom,-4,-1,1
9,10,0,11104,PUSH,-4,bchdfalejgoknpmi,-4,4,-1,1
9,10,1,11104,DEL_CUTOFF,-4
9,10,2,11104,POP,4,bchdfgiljokenapm
9,10,4,11104,DEL_CUTOFF,1
9,10,0,11105,DEL_CUTOFF,1
9,10,1,11105,POP,1,bchdjfeanpgikolm
9,10,2,11105,PUSH,-4,bchdfailjgkenopm,-4,4,-1,1
9,10,4,11105,DEL_EXPLORED,-1
9,10,0,11106,DEL_CUTOFF,-1
9,10,1,11106,PUSH,-1,bchdjafenpgikolm,-4,4,-1,1
9,10,2,11106,DEL_CUTOFF,1
9,10,4,11106,DEL_CUTOFF,-4
9,10,0,11107,DEL_EXPLORED,4
9,10,1,11107,DEL_EXPLORED,1
9,10,2,11107,DEL_CUTOFF,-1
9,10,4,11107,POP,1,bclhfpgdnjiekaom
9,10,0,11108,DEL_CUTOFF,-4
9,10,1,11108,DEL_CUTOFF,-1
9,10,2,11108,DEL_EXPLORED,4
9,10,4,11108,DEL_EXPLORED,-4
9,10,0,11109,POP,-4,bchdfalejgoknpmi
9,10,1,11109,DEL_CUTOFF,4
9,10,2,11109,DEL_CUTOFF,-4
9,10,4,11109,POP,4,bclhfpgdnjieakom
9,10,0,11110,POP,-1,bchdfglejaoknpmi
9,10,1,11110,DEL_CUTOFF,-4
9,10,2,11110,POP,-4,bchdfailjgkenopm
9,10,4,11110,PUSH,-4,bclhapgdfjienkom,-4,4,1
9,10,0,11111,PUSH,4,bchdfglejomknpai,-4,-1,1
9,10,1,11111,POP,-1,bchdjafenpgikolm
9,10,2,11111,POP,-1,bchdfgiljakenopm
9,10,4,11111,PUSH,1,bclhpagdfjienkom,-4,4,-1,1
9,10,0,11112,PUSH,1,bchdfglejomknpia,-4,-1
9,10,1,11112,DEL_EXPLORED,4
9,10,2,11112,PUSH,4,bchdfgiljkpenoam,-4,-1,1
9,10,4,11112,DEL_CUTOFF,1
9,10,0,11113,DEL_EXPLORED,-1
9,10,1,11113,PUSH,-4,bcadjfhenpgikolm,4,-1,1
9,10,2,11113,PUSH,1,bchdfgiljkpenoma,-4,-1
9,10,4,11113,DEL_EXPLORED,-1
9,10,0,11114,DEL_CUTOFF,-4
9,10,1,11114,DEL_CUTOFF,1
9,10,2,11114,DEL_EXPLORED,-1
9,10,4,11114,DEL_CUTOFF,4
9,10,0,11115,POP,1,bchdfglejomknpia
9,10,1,11115,DEL_CUTOFF,-1
9,10,2,11115,DEL_CUTOFF,-4
9,10,4,11115,DEL_CUTOFF,-4
9,10,0,11116,PUSH,-1,bchdfglejomknapi,-4,-1,1
9,10,1,11116,DEL_EXPLORED,4
9,10,2,11116,POP,1,bchdfgiljkpenoma
9,10,4,11116,POP,1,bclhpagdfjienkom
9,10,0,11117,DEL_EXPLORED,1
9,10,1,11117,POP,-4,bcadjfhenpgikolm
9,10,2,11117,PUSH,-1,bchdfgiljkpenaom,-4,-1,1
9,10,4,11117,DEL_EXPLORED,4
9,10,0,11118,DEL_CUTOFF,-1
9,10,1,11118,POP,-4,bchdjfaenpgikolm
9,10,2,11118,DEL_EXPLORED,1
9,10,4,11118,PUSH,-4,aclhbpgdfjienkom,4,1
9,10,0,11119,DEL_CUTOFF,-4
9,10,1,11119,POP,-4,bchdjfgenpaikolm
9,10,2,11119,DEL_CUTOFF,-1
9,10,4,11119,DEL_CUTOFF,1
9,10,0,11120,POP,-1,bchdfglejomknapi
9,10,1,11120,POP,1,bchdjfgenplikoam
9,10,2,11120,DEL_CUTOFF,-4
9,10,4,11120,DEL_EXPLORED,4
9,10,0,11121,DEL_EXPLORED,-4
9,10,1,11121,DEL_EXPLORED,-1
9,10,2,11121,POP,-1,bchdfgiljkpenaom
9,10,4,11121,POP,-4,aclhbpgdfjienkom
9,10,0,11122,POP,4,bchdfglejomknpai
9,10,1,11122,PUSH,-4,bchdjfgenalikpom,-4,4,-1,1
9,10,2,11122,DEL_EXPLORED,-4
9,10,4,11122,POP,-4,bclhapgdfjienkom
9,10,0,11123,PUSH,-4,bchdfgaejolknpmi,-4,4,-1,1
9,10,1,11123,PUSH,1,bchdjfgenlaikpom,-4,4,-1,1
9,10,2,11123,POP,4,bchdfgiljkpenoam
9,10,4,11123,POP,-1,bclhfpgdajienkom
9,10,0,11124,PUSH,1,bchdfgeajolknpmi,-4,4,-1
9,10,1,11124,PUSH,1,bchdjfgenliakpom,-4,4,-1
9,10,2,11124,DEL_EXPLORED,-4
9,10,4,11124,PUSH,4,bclhfpgdjkienaom,-4,-1,1
9,10,0,11125,DEL_EXPLORED,-1
9,10,1,11125,DEL_EXPLORED,-1
9,10,2,11125,POP,4,bchdfgiljkaenopm
9,10,4,11125,PUSH,1,bclhfpgdjkienoam,-4,-1,1
9,10,0,11126,DEL_CUTOFF,4
9,10,1,11126,PUSH,4,bchdjfgenlimkpoa,-4,-1
9,10,2,11126,PUSH,-4,bcadfghljkienopm,4,-1,1
9,10,4,11126,PUSH,1,bclhfpgdjkienoma,-4,-1
9,10,0,11127,DEL_CUTOFF,-4
9,10,1,11127,DEL_CUTOFF,-1
9,10,2,11127,PUSH,1,bcdafghljkienopm,4,-1
9,10,4,11127,DEL_EXPLORED,-1
9,10,0,11128,POP,1,bchdfgeajolknpmi
9,10,1,11128,DEL_EXPLORED,-4
9,10,2,11128,DEL_EXPLORED,-1
9,10,4,11128,DEL_CUTOFF,-4
9,10,0,11129,PUSH,-1,bchdfagejolknpmi,-4,4,-1,1
9,10,1,11129,POP,4,bchdjfgenlimkpoa
9,10,2,11129,PUSH,4,bcdlfghajkienopm,-4,4,-1
9,10,4,11129,POP,1,bclhfpgdjkienoma
9,10,0,11130,DEL_EXPLORED,1
9,10,1,11130,PUSH,-4,bchdjfganliekpom,-4,4,-1
9,10,2,11130,DEL_CUTOFF,-1
9,10,4,11130,DEL_EXPLORED,-1
9,10,0,11131,DEL_CUTOFF,-1
9,10,1,11131,DEL_CUTOFF,-1
9,10,2,11131,DEL_CUTOFF,4
9,10,4,11131,PUSH,-4,bclhfpgdjkaenoim,-4,4,-1,1
9,10,0,11132,DEL_CUTOFF,4
9,10,1,11132,DEL_EXPLORED,4
9,10,2,11132,DEL_EXPLORED,-4
9,10,4,11132,DEL_CUTOFF,1
9,10,0,11133,DEL_CUTOFF,-4
9,10,1,11133,DEL_CUTOFF,-4
9,10,2,11133,POP,4,bcdlfghajkienopm
9,10,4,11133,DEL_CUTOFF,-1
9,10,0,11134,POP,-1,bchdfagejolknpmi
9,10,1,11134,POP,-4,bchdjfganliekpom
9,10,2,11134,POP,1,bcdafghljkienopm
9,10,4,11134,DEL_EXPLORED,4
9,10,0,11135,DEL_EXPLORED,4
9,10,1,11135,POP,1,bchdjfgenliakpom
9,10,2,11135,PUSH,-1,bacdfghljkienopm,4,-1,1
9,10,4,11135,DEL_CUTOFF,-4
9,10,0,11136,PUSH,-4,bcadfghejolknpmi,4,-1,1
9,10,1,11136,DEL_EXPLORED,-1
9,10,2,11136,DEL_EXPLORED,1
9,10,4,11136,POP,-4,bclhfpgdjkaenoim
9,10,0,11137,DEL_CUTOFF,1
9,10,1,11137,PUSH,4,bchdjfgenloikpam,-4,-1,1
9,10,2,11137,PUSH,-1,abcdfghljkienopm,4,1
9,10,4,11137,POP,1,bclhfpgdjkienoam
9,10,0,11138,DEL_CUTOFF,-1
9,10,1,11138,PUSH,1,bchdjfgenloikpma,-4,-1
9,10,2,11138,DEL_EXPLORED,1
9,10,4,11138,PUSH,-1,bclhfpgdjkieanom,-4,1
9,10,0,11139,DEL_EXPLORED,4
9,10,1,11139,DEL_EXPLORED,-1
9,10,2,11139,DEL_CUTOFF,4
9,10,4,11139,DEL_EXPLORED,1
9,10,0,11140,POP,-4,bcadfghejolknpmi
9,10,1,11140,DEL_CUTOFF,-4
9,10,2,11140,POP,-1,abcdfghljkienopm
9,10,4,11140,PUSH,-4,bclhfpgdakiejnom,-4,4,1
9,10,0,11141,POP,-4,bchdfgaejolknpmi
9,10,1,11141,POP,1,bchdjfgenloikpma
9,10,2,11141,PUSH,4,bgcdfahljkienopm,-4,4,-1,1
9,10,4,11141,DEL_CUTOFF,1
9,10,0,11142,POP,-1,bchdfglejoaknpmi
9,10,1,11142,PUSH,-1,bchdjfgenloikapm,-4,-1,1
9,10,2,11142,DEL_CUTOFF,1
9,10,4,11142,DEL_EXPLORED,4
9,10,0,11143,DEL_EXPLORED,4
9,10,1,11143,DEL_EXPLORED,1
9,10,2,11143,DEL_CUTOFF,-1
9,10,4,11143,DEL_CUTOFF,-4
9,10,0,11144,PUSH,-4,bchdfglajokenpmi,-4,4,-1
9,10,1,11144,DEL_CUTOFF,-1
9,10,2,11144,DEL_CUTOFF,4
9,10,4,11144,POP,-4,bclhfpgdakiejnom
9,10,0,11145,PUSH,-1,bchdfgaljokenpmi,-4,4,-1,1
9,10,1,11145,DEL_CUTOFF,-4
9,10,2,11145,DEL_EXPLORED,-4
9,10,4,11145,POP,-1,bclhfpgdjkieanom
9,10,0,11146,DEL_EXPLORED,1
9,10,1,11146,POP,-1,bchdjfgenloikapm
9,10,2,11146,POP,4,bgcdfahljkienopm
9,10,4,11146,DEL_EXPLORED,-4
9,10,0,11147,PUSH,-1,bchdfagljokenpmi,-4,4,-1,1
9,10,1,11147,DEL_EXPLORED,-4
9,10,2,11147,POP,-1,bacdfghljkienopm
9,10,4,11147,POP,4,bclhfpgdjkienaom
9,10,0,11148,DEL_EXPLORED,1
9,10,1,11148,POP,4,bchdjfgenloikpam
9,10,2,11148,DEL_EXPLORED,4
9,10,4,11148,DEL_EXPLORED,-4
9,10,0,11149,DEL_CUTOFF,-1
9,10,1,11149,PUSH,-4,bchdjfaenlgikpom,-4,4,-1,1
9,10,2,11149,POP,-4,bcadfghljkienopm
9,10,4,11149,POP,4,bclhfpgdjaienkom
9,10,0,11150,DEL_CUTOFF,4
9,10,1,11150,PUSH,1,bchdjfeanlgikpom,-4,4,-1
9,10,2,11150,POP,-1,bchdfgaljkienopm
9,10,4,11150,PUSH,-4,balhfcgdjpienkom,4,-1,1
9,10,0,11151,DEL_CUTOFF,-4
9,10,1,11151,DEL_EXPLORED,-1
9,10,2,11151,DEL_EXPLORED,4
9,10,4,11151,PUSH,1,blahfcgdjpienkom,4,-1,1
9,10,0,11152,POP,-1,bchdfagljokenpmi
9,10,1,11152,DEL_CUTOFF,4
9,10,2,11152,PUSH,-4,bchafgldjkienopm,4,-1
9,10,4,11152,PUSH,1,blhafcgdjpienkom,4,-1
9,10,0,11153,PUSH,4,bchdfgkljoaenpmi,-4,4,-1,1
9,10,1,11153,DEL_CUTOFF,-4
9,10,2,11153,PUSH,-1,bcahfgldjkienopm,4,-1,1
9,10,4,11153,DEL_EXPLORED,-1
9,10,0,11154,DEL_CUTOFF,1
9,10,1,11154,POP,1,bchdjfeanlgikpom
9,10,2,11154,DEL_EXPLORED,1
9,10,4,11154,PUSH,4,blhdfcgajpienkom,-4,4,-1
9,10,0,11155,DEL_CUTOFF,-1
9,10,1,11155,PUSH,-1,bchdjafenlgikpom,-4,4,-1,1
9,10,2,11155,PUSH,-1,bachfgldjkienopm,4,-1,1
9,10,4,11155,DEL_CUTOFF,-1
9,10,0,11156,DEL_CUTOFF,4
9,10,1,11156,DEL_EXPLORED,1
9,10,2,11156,DEL_EXPLORED,1
9,10,4,11156,DEL_CUTOFF,4
9,10,0,11157,DEL_EXPLORED,-4
9,10,1,11157,DEL_CUTOFF,-1
9,10,2,11157,PUSH,-1,abchfgldjkienopm,4,1
9,10,4,11157,DEL_EXPLORED,-4
9,10,0,11158,POP,4,bchdfgkljoaenpmi
9,10,1,11158,DEL_CUTOFF,4
9,10,2,11158,DEL_EXPLORED,1
9,10,4,11158,POP,4,blhdfcgajpienkom
9,10,0,11159,PUSH,-4,bcadfghljokenpmi,4,-1,1
9,10,1,11159,DEL_CUTOFF,-4
9,10,2,11159,DEL_CUTOFF,4
9,10,4,11159,POP,1,blhafcgdjpienkom
9,10,0,11160,DEL_CUTOFF,1
9,10,1,11160,POP,-1,bchdjafenlgikpom
9,10,2,11160,POP,-1,abchfgldjkienopm
9,10,4,11160,DEL_EXPLORED,-1
9,10,0,11161,DEL_CUTOFF,-1
9,10,1,11161,DEL_EXPLORED,4
9,10,2,11161,PUSH,4,bgchfaldjkienopm,-4,4,-1,1
9,10,4,11161,PUSH,4,blghfcadjpienkom,-4,4,-1,1
9,10,0,11162,DEL_EXPLORED,4
9,10,1,11162,PUSH,-4,bcadjfhenlgikpom,4,-1,1
9,10,2,11162,DEL_CUTOFF,1
9,10,4,11162,PUSH,1,blghfcdajpienkom,-4,4,-1
9,10,0,11163,POP,-4,bcadfghljokenpmi
9,10,1,11163,DEL_CUTOFF,1
9,10,2,11163,DEL_CUTOFF,-1
9,10,4,11163,DEL_EXPLORED,-1
9,10,0,11164,POP,-1,bchdfgaljokenpmi
9,10,1,11164,DEL_CUTOFF,-1
9,10,2,11164,DEL_CUTOFF,4
9,10,4,11164,DEL_CUTOFF,4
9,10,0,11165,DEL_EXPLORED,4
9,10,1,11165,DEL_EXPLORED,4
9,10,2,11165,DEL_EXPLORED,-4
9,10,4,11165,DEL_CUTOFF,-4
9,10,0,11166,PUSH,-4,bchafgldjokenpmi,4,-1
9,10,1,11166,POP,-4,bcadjfhenlgikpom
9,10,2,11166,POP,4,bgchfaldjkienopm
9,10,4,11166,POP,1,blghfcdajpienkom
9,10,0,11167,PUSH,-1,bcahfgldjokenpmi,4,-1,1
9,10,1,11167,POP,-4,bchdjfaenlgikpom
9,10,2,11167,POP,-1,bachfgldjkienopm
9,10,4,11167,PUSH,-1,blghfacdjpienkom,-4,4,-1,1
9,10,0,11168,DEL_EXPLORED,1
9,10,1,11168,POP,1,bchdjfgenlaikpom
9,10,2,11168,PUSH,4,bclhfgadjkienopm,-4,4,-1,1
9,10,4,11168,DEL_EXPLORED,1
9,10,0,11169,DEL_CUTOFF,-1
9,10,1,11169,PUSH,-1,bchdjfgeanlikpom,-4,4,1
9,10,2,11169,PUSH,1,bclhfgdajkienopm,-4,4,-1
9,10,4,11169,DEL_CUTOFF,-1
9,10,0,11170,DEL_CUTOFF,4
9,10,1,11170,DEL_EXPLORED,1
9,10,2,11170,DEL_EXPLORED,-1
9,10,4,11170,DEL_CUTOFF,4
9,10,0,11171,POP,-1,bcahfgldjokenpmi
9,10,1,11171,PUSH,4,bchdjfgeknliapom,-4,1
9,10,2,11171,DEL_CUTOFF,4
9,10,4,11171,DEL_CUTOFF,-4
9,10,0,11172,DEL_EXPLORED,4
9,10,1,11172,PUSH,1,bchdjfgeknlipaom,-4,-1,1
9,10,2,11172,DEL_CUTOFF,-4
9,10,4,11172,POP,-1,blghfacdjpienkom
9,10,0,11173,POP,-4,bchafgldjokenpmi
9,10,1,11173,DEL_CUTOFF,1
9,10,2,11173,POP,1,bclhfgdajkienopm
9,10,4,11173,PUSH,4,blghfcidjpaenkom,-4,4,-1,1
9,10,0,11174,POP,-4,bchdfglajokenpmi
9,10,1,11174,DEL_EXPLORED,-1
9,10,2,11174,PUSH,-1,bclhfagdjkienopm,-4,4,-1,1
9,10,4,11174,DEL_CUTOFF,1
9,10,0,11175,POP,-4,bchdfglejokanpmi
9,10,1,11175,DEL_CUTOFF,-4
9,10,2,11175,DEL_EXPLORED,1
9,10,4,11175,DEL_CUTOFF,-1
9,10,0,11176,POP,1,bchdfglejokinpma
9,10,1,11176,POP,1,bchdjfgeknlipaom
9,10,2,11176,DEL_CUTOFF,-1
9,10,4,11176,DEL_CUTOFF,4
9,10,0,11177,PUSH,-1,bchdfglejokinapm,-4,-1,1
9,10,1,11177,DEL_EXPLORED,-4
9,10,2,11177,DEL_CUTOFF,4
9,10,4,11177,DEL_EXPLORED,-4
9,10,0,11178,DEL_EXPLORED,1
9,10,1,11178,POP,4,bchdjfgeknliapom
9,10,2,11178,DEL_CUTOFF,-4
9,10,4,11178,POP,4,blghfcidjpaenkom
9,10,0,11179,PUSH,-1,bchdfglejokianpm,-4,1
9,10,1,11179,PUSH,-4,bchdafgejnlikpom,-4,4,1
9,10,2,11179,POP,-1,bclhfagdjkienopm
9,10,4,11179,DEL_EXPLORED,-4
9,10,0,11180,DEL_EXPLORED,1
9,10,1,11180,PUSH,1,bchdfagejnlikpom,-4,4,-1,1
9,10,2,11180,PUSH,4,bclhfgidjkaenopm,-4,4,-1,1
9,10,4,11180,POP,4,blghfcadjpienkom
9,10,0,11181,PUSH,-4,bchdfgleaokijnpm,-4,4,1
9,10,1,11181,DEL_CUTOFF,1
9,10,2,11181,DEL_CUTOFF,1
9,10,4,11181,POP,1,blahfcgdjpienkom
9,10,0,11182,PUSH,1,bchdfgleoakijnpm,-4,4,-1,1
9,10,1,11182,DEL_EXPLORED,-1
9,10,2,11182,DEL_CUTOFF,-1
9,10,4,11182,PUSH,-1,ablhfcgdjpienkom,4,1
9,10,0,11183,PUSH,1,bchdfgleokaijnpm,-4,4,-1,1
9,10,1,11183,DEL_CUTOFF,4
9,10,2,11183,DEL_CUTOFF,4
9,10,4,11183,DEL_EXPLORED,1
9,10,0,11184,DEL_CUTOFF,1
9,10,1,11184,DEL_CUTOFF,-4
9,10,2,11184,DEL_EXPLORED,-4
9,10,4,11184,PUSH,4,fblhacgdjpienkom,-4,4,1
9,10,0,11185,DEL_EXPLORED,-1
9,10,1,11185,POP,1,bchdfagejnlikpom
9,10,2,11185,POP,4,bclhfgidjkaenopm
9,10,4,11185,PUSH,1,fblhcagdjpienkom,-4,4,-1,1
9,10,0,11186,DEL_CUTOFF,4
9,10,1,11186,DEL_EXPLORED,4
9,10,2,11186,DEL_EXPLORED,-4
9,10,4,11186,DEL_CUTOFF,1
9,10,0,11187,DEL_CUTOFF,-4
9,10,1,11187,PUSH,-4,achdbfgejnlikpom,4,1
9,10,2,11187,POP,4,bclhfgadjkienopm
9,10,4,11187,DEL_EXPLORED,-1
9,10,0,11188,POP,1,bchdfgleokaijnpm
9,10,1,11188,DEL_CUTOFF,1
9,10,2,11188,POP,-1,bcahfgldjkienopm
9,10,4,11188,DEL_CUTOFF,4
9,10,0,11189,DEL_EXPLORED,-1
9,10,1,11189,DEL_EXPLORED,4
9,10,2,11189,DEL_EXPLORED,4
9,10,4,11189,DEL_CUTOFF,-4
9,10,0,11190,PUSH,4,bchdfgleonkijapm,-4,-1,1
9,10,1,11190,POP,-4,achdbfgejnlikpom
9,10,2,11190,POP,-4,bchafgldjkienopm
9,10,4,11190,POP,1,fblhcagdjpienkom
9,10,0,11191,DEL_CUTOFF,1
9,10,1,11191,POP,-4,bchdafgejnlikpom
9,10,2,11191,POP,-4,bchdfglajkienopm
9,10,4,11191,PUSH,4,fblhjcgdapienkom,-4,4,1
9,10,0,11192,DEL_CUTOFF,-1
9,10,1,11192,POP,-1,bchdjfgeanlikpom
9,10,2,11192,POP,1,bchdfglejkianopm
9,10,4,11192,DEL_CUTOFF,1
9,10,0,11193,DEL_EXPLORED,-4
9,10,1,11193,DEL_EXPLORED,4
9,10,2,11193,PUSH,-1,bchdfglejakinopm,-4,4,-1,1
9,10,4,11193,DEL_CUTOFF,4
9,10,0,11194,POP,4,bchdfgleonkijapm
9,10,1,11194,PUSH,-4,bchdjagenflikpom,-4,4,-1,1
9,10,2,11194,DEL_EXPLORED,1
9,10,4,11194,DEL_EXPLORED,-4
9,10,0,11195,PUSH,-4,bchdfaleogkijnpm,-4,4,-1,1
9,10,1,11195,PUSH,1,bchdjgaenflikpom,-4,4,-1,1
9,10,2,11195,PUSH,-1,bchdfgleajkinopm,-4,4,1
9,10,4,11195,POP,4,fblhjcgdapienkom
9,10,0,11196,DEL_CUTOFF,1
9,10,1,11196,PUSH,1,bchdjgeanflikpom,-4,4,-1
9,10,2,11196,DEL_EXPLORED,1
9,10,4,11196,DEL_EXPLORED,-4
9,10,0,11197,DEL_CUTOFF,-1
9,10,1,11197,DEL_EXPLORED,-1
9,10,2,11197,PUSH,4,bchdfglenjkiaopm,-4,1
9,10,4,11197,POP,4,fblhacgdjpienkom
9,10,0,11198,DEL_EXPLORED,4
9,10,1,11198,DEL_CUTOFF,4
9,10,2,11198,PUSH,1,bchdfglenjkioapm,-4,-1,1
9,10,4,11198,POP,-1,ablhfcgdjpienkom
9,10,0,11199,DEL_CUTOFF,-4
9,10,1,11199,DEL_CUTOFF,-4
9,10,2,11199,PUSH,1,bchdfglenjkiopam,-4,-1,1
9,10,4,11199,DEL_EXPLORED,4
9,10,0,11200,POP,-4,bchdfaleogkijnpm
9,10,1,11200,POP,1,bchdjgeanflikpom
9,10,2,11200,PUSH,1,bchdfglenjkiopma,-4,-1
9,10,4,11200,POP,-4,balhfcgdjpienkom
9,10,0,11201,POP,1,bchdfgleoakijnpm
9,10,1,11201,DEL_EXPLORED,-1
9,10,2,11201,DEL_EXPLORED,-1
9,10,4,11201,POP,-1,bclhfagdjpienkom
9,10,0,11202,DEL_EXPLORED,4
9,10,1,11202,PUSH,4,bchdjglenfaikpom,-4,4,-1,1
9,10,2,11202,DEL_CUTOFF,-4
9,10,4,11202,PUSH,4,bclhfgidjpaenkom,-4,4,-1,1
9,10,0,11203,PUSH,-4,bchdaglefokijnpm,-4,4,1
9,10,1,11203,DEL_CUTOFF,1
9,10,2,11203,POP,1,bchdfglenjkiopma
9,10,4,11203,PUSH,1,bclhfgidjpeankom,-4,4,-1
9,10,0,11204,PUSH,1,bchdgalefokijnpm,-4,4,-1,1
9,10,1,11204,DEL_CUTOFF,-1
9,10,2,11204,DEL_EXPLORED,-1
9,10,4,11204,DEL_EXPLORED,-1
9,10,0,11205,DEL_CUTOFF,1
9,10,1,11205,DEL_CUTOFF,4
9,10,2,11205,PUSH,-4,bchdfglenjaiopkm,-4,4,-1,1
9,10,4,11205,PUSH,4,bclhfgidjpemnkoa,-4,-1
9,10,0,11206,DEL_EXPLORED,-1
9,10,1,11206,DEL_EXPLORED,-4
9,10,2,11206,DEL_CUTOFF,1
9,10,4,11206,PUSH,-1,bclhfgidjpemnkao,-4,-1,1
9,10,0,11207,DEL_CUTOFF,4
9,10,1,11207,POP,4,bchdjglenfaikpom
9,10,2,11207,DEL_CUTOFF,-1
9,10,4,11207,DEL_EXPLORED,1
9,10,0,11208,DEL_CUTOFF,-4
9,10,1,11208,PUSH,-4,bcadjghenflikpom,4,-1,1
9,10,2,11208,DEL_EXPLORED,4
9,10,4,11208,PUSH,-1,bclhfgidjpemnako,-4,-1,1
9,10,0,11209,POP,1,bchdgalefokijnpm
9,10,1,11209,DEL_CUTOFF,1
9,10,2,11209,DEL_CUTOFF,-4
9,10,4,11209,DEL_EXPLORED,1
9,10,0,11210,DEL_EXPLORED,4
9,10,1,11210,DEL_CUTOFF,-1
9,10,2,11210,POP,-4,bchdfglenjaiopkm
9,10,4,11210,DEL_CUTOFF,-1
9,10,0,11211,PUSH,-4,achdbglefokijnpm,4,1
9,10,1,11211,DEL_EXPLORED,4
9,10,2,11211,POP,1,bchdfglenjkiopam
9,10,4,11211,DEL_CUTOFF,-4
9,10,0,11212,DEL_CUTOFF,1
9,10,1,11212,POP,-4,bcadjghenflikpom
9,10,2,11212,DEL_EXPLORED,-1
9,10,4,11212,POP,-1,bclhfgidjpemnako
9,10,0,11213,DEL_EXPLORED,4
9,10,1,11213,POP,1,bchdjgaenflikpom
9,10,2,11213,PUSH,-4,bchdfglenakiojpm,-4,4,-1,1
9,10,4,11213,PUSH,-4,bclhfgidjpamnkeo,-4,4,-1,1
9,10,0,11214,POP,-4,achdbglefokijnpm
9,10,1,11214,PUSH,-1,bchdajgenflikpom,-4,4,1
9,10,2,11214,PUSH,1,bchdfglenkaiojpm,-4,4,-1,1
9,10,4,11214,DEL_CUTOFF,1
9,10,0,11215,POP,-4,bchdaglefokijnpm
9,10,1,11215,DEL_EXPLORED,1
9,10,2,11215,DEL_CUTOFF,1
9,10,4,11215,DEL_CUTOFF,-1
9,10,0,11216,POP,-4,bchdfgleaokijnpm
9,10,1,11216,PUSH,4,bchdnjgeaflikpom,-4,4,1
9,10,2,11216,DEL_EXPLORED,-1
9,10,4,11216,DEL_EXPLORED,4
9,10,0,11217,POP,-1,bchdfglejokianpm
9,10,1,11217,DEL_CUTOFF,1
9,10,2,11217,DEL_CUTOFF,4
9,10,4,11217,DEL_CUTOFF,-4
9,10,0,11218,PUSH,-4,bchdfglejakinopm,-4,4,-1,1
9,10,1,11218,DEL_CUTOFF,4
9,10,2,11218,DEL_CUTOFF,-4
9,10,4,11218,POP,-4,bclhfgidjpamnkeo
9,10,0,11219,PUSH,1,bchdfglejkainopm,-4,4,-1,1
9,10,1,11219,DEL_EXPLORED,-4
9,10,2,11219,POP,1,bchdfglenkaiojpm
9,10,4,11219,POP,-1,bclhfgidjpemnkao
9,10,0,11220,PUSH,1,bchdfglejkianopm,-4,4,-1
9,10,1,11220,POP,4,bchdnjgeaflikpom
9,10,2,11220,PUSH,-1,bchdfgleankiojpm,-4,4,1
9,10,4,11220,DEL_EXPLORED,-4
9,10,0,11221,DEL_EXPLORED,-1
9,10,1,11221,PUSH,-4,achdbjgenflikpom,4,1
9,10,2,11221,DEL_EXPLORED,1
9,10,4,11221,POP,4,bclhfgidjpemnkoa
9,10,0,11222,PUSH,4,bchdfglejkimnopa,-4,-1
9,10,1,11222,DEL_CUTOFF,1
9,10,2,11222,DEL_CUTOFF,4
9,10,4,11222,PUSH,-4,bclhfgiajpednkom,-4,4,-1
9,10,0,11223,DEL_CUTOFF,-1
9,10,1,11223,DEL_EXPLORED,4
9,10,2,11223,DEL_CUTOFF,-4
9,10,4,11223,PUSH,-1,bclhfgaijpednkom,-4,4,-1,1
9,10,0,11224,DEL_EXPLORED,-4
9,10,1,11224,POP,-4,achdbjgenflikpom
9,10,2,11224,POP,-1,bchdfgleankiojpm
9,10,4,11224,DEL_EXPLORED,1
9,10,0,11225,POP,4,bchdfglejkimnopa
9,10,1,11225,POP,-1,bchdajgenflikpom
9,10,2,11225,DEL_EXPLORED,4
9,10,4,11225,PUSH,-1,bclhfagijpednkom,-4,4,-1,1
9,10,0,11226,PUSH,-4,bchdfglajkienopm,-4,4,-1
9,10,1,11226,DEL_EXPLORED,4
9,10,2,11226,PUSH,-4,bchdfalengkiojpm,-4,4,-1,1
9,10,4,11226,DEL_EXPLORED,1
9,10,0,11227,DEL_CUTOFF,-1
9,10,1,11227,PUSH,-4,bahdjcgenflikpom,4,-1,1
9,10,2,11227,DEL_CUTOFF,1
9,10,4,11227,DEL_CUTOFF,-1
9,10,0,11228,DEL_EXPLORED,4
9,10,1,11228,PUSH,1,bhadjcgenflikpom,4,-1,1
9,10,2,11228,DEL_CUTOFF,-1
9,10,4,11228,DEL_CUTOFF,4
9,10,0,11229,DEL_CUTOFF,-4
9,10,1,11229,DEL_CUTOFF,1
9,10,2,11229,DEL_EXPLORED,4
9,10,4,11229,DEL_CUTOFF,-4
9,10,0,11230,POP,-4,bchdfglajkienopm
9,10,1,11230,DEL_EXPLORED,-1
9,10,2,11230,DEL_CUTOFF,-4
9,10,4,11230,POP,-1,bclhfagijpednkom
9,10,0,11231,POP,1,bchdfglejkianopm
9,10,1,11231,DEL_CUTOFF,4
9,10,2,11231,POP,-4,bchdfalengkiojpm
9,10,4,11231,PUSH,4,bclhfgeijpadnkom,-4,4,-1,1
9,10,0,11232,DEL_EXPLORED,-1
9,10,1,11232,POP,1,bhadjcgenflikpom
9,10,2,11232,POP,-4,bchdfglenakiojpm
9,10,4,11232,DEL_CUTOFF,1
9,10,0,11233,PUSH,4,bchdfglejkpinoam,-4,-1,1
9,10,1,11233,PUSH,-1,abhdjcgenflikpom,4,1
9,10,2,11233,POP,1,bchdfglenjkioapm
9,10,4,11233,DEL_CUTOFF,-1
9,10,0,11234,PUSH,1,bchdfglejkpinoma,-4,-1
9,10,1,11234,DEL_EXPLORED,1
9,10,2,11234,DEL_EXPLORED,-4
9,10,4,11234,DEL_CUTOFF,4
9,10,0,11235,DEL_EXPLORED,-1
9,10,1,11235,DEL_CUTOFF,4
9,10,2,11235,POP,4,bchdfglenjkiaopm
9,10,4,11235,DEL_EXPLORED,-4
9,10,0,11236,DEL_CUTOFF,-4
9,10,1,11236,POP,-1,abhdjcgenflikpom
9,10,2,11236,PUSH,-4,bchdaglefjkinopm,-4,4,1
9,10,4,11236,POP,4,bclhfgeijpadnkom
9,10,0,11237,POP,1,bchdfglejkpinoma
9,10,1,11237,DEL_EXPLORED,4
9,10,2,11237,PUSH,1,bchdgalefjkinopm,-4,4,-1,1
9,10,4,11237,PUSH,-4,bcahfglijpednkom,4,-1,1
9,10,0,11238,PUSH,-1,bchdfglejkpinaom,-4,-1,1
9,10,1,11238,POP,-4,bahdjcgenflikpom
9,10,2,11238,PUSH,1,bchdglaefjkinopm,-4,4,-1,1
9,10,4,11238,DEL_CUTOFF,1
9,10,0,11239,DEL_EXPLORED,1
9,10,1,11239,POP,-4,bchdjagenflikpom
9,10,2,11239,PUSH,1,bchdgleafjkinopm,-4,4,-1
9,10,4,11239,DEL_CUTOFF,-1
9,10,0,11240,DEL_CUTOFF,-1
9,10,1,11240,POP,-4,bchdjfgenalikpom
9,10,2,11240,DEL_EXPLORED,-1
9,10,4,11240,DEL_EXPLORED,4
9,10,0,11241,DEL_CUTOFF,-4
9,10,1,11241,POP,1,bchdjfgenplikaom
9,10,2,11241,DEL_CUTOFF,4
9,10,4,11241,POP,-4,bcahfglijpednkom
9,10,0,11242,POP,-1,bchdfglejkpinaom
9,10,1,11242,DEL_EXPLORED,-4
9,10,2,11242,DEL_CUTOFF,-4
9,10,4,11242,POP,-1,bclhfgaijpednkom
9,10,0,11243,DEL_EXPLORED,-4
9,10,1,11243,POP,4,bchdjfgenpliakom
9,10,2,11243,POP,1,bchdgleafjkinopm
9,10,4,11243,DEL_EXPLORED,4
9,10,0,11244,POP,4,bchdfglejkpinoam
9,10,1,11244,DEL_EXPLORED,-4
9,10,2,11244,DEL_EXPLORED,-1
9,10,4,11244,PUSH,-4,bclafgihjpednkom,4,-1
9,10,0,11245,PUSH,-4,bchdfgaejklinopm,-4,4,-1,1
9,10,1,11245,POP,4,bchdjfgeaplinkom
9,10,2,11245,PUSH,4,bchdglkefjainopm,-4,4,-1,1
9,10,4,11245,PUSH,-1,bcalfgihjpednkom,4,-1,1
9,10,0,11246,PUSH,1,bchdfgeajklinopm,-4,4,-1
9,10,1,11246,PUSH,-4,achdbfgejplinkom,4,1
9,10,2,11246,DEL_CUTOFF,1
9,10,4,11246,DEL_EXPLORED,1
9,10,0,11247,DEL_EXPLORED,-1
9,10,1,11247,PUSH,1,cahdbfgejplinkom,4,-1,1
9,10,2,11247,DEL_CUTOFF,-1
9,10,4,11247,DEL_CUTOFF,-1
9,10,0,11248,DEL_CUTOFF,4
9,10,1,11248,PUSH,1,chadbfgejplinkom,4,-1,1
9,10,2,11248,DEL_CUTOFF,4
9,10,4,11248,DEL_CUTOFF,4
9,10,0,11249,DEL_CUTOFF,-4
9,10,1,11249,PUSH,1,chdabfgejplinkom,4,-1
9,10,2,11249,DEL_EXPLORED,-4
9,10,4,11249,POP,-1,bcalfgihjpednkom
9,10,0,11250,POP,1,bchdfgeajklinopm
9,10,1,11250,DEL_EXPLORED,-1
9,10,2,11250,POP,4,bchdglkefjainopm
9,10,4,11250,DEL_EXPLORED,4
9,10,0,11251,PUSH,-1,bchdfagejklinopm,-4,4,-1,1
9,10,1,11251,PUSH,4,chdebfgajplinkom,-4,4,-1
9,10,2,11251,PUSH,-4,bcadglhefjkinopm,4,-1,1
9,10,4,11251,POP,-4,bclafgihjpednkom
9,10,0,11252,DEL_EXPLORED,1
9,10,1,11252,PUSH,-1,chdebfagjplinkom,-4,4,-1,1
9,10,2,11252,DEL_CUTOFF,1
9,10,4,11252,POP,-4,bclhfgiajpednkom
9,10,0,11253,DEL_CUTOFF,-1
9,10,1,11253,DEL_EXPLORED,1
9,10,2,11253,DEL_CUTOFF,-1
9,10,4,11253,POP,1,bclhfgidjpeankom
9,10,0,11254,DEL_CUTOFF,4
9,10,1,11254,PUSH,-1,chdebafgjplinkom,-4,4,-1,1
9,10,2,11254,DEL_EXPLORED,4
9,10,4,11254,PUSH,-1,bclhfgidjapenkom,-4,4,-1,1
9,10,0,11255,DEL_CUTOFF,-4
9,10,1,11255,DEL_EXPLORED,1
9,10,2,11255,POP,-4,bcadglhefjkinopm
9,10,4,11255,DEL_EXPLORED,1
9,10,0,11256,POP,-1,bchdfagejklinopm
9,10,1,11256,DEL_CUTOFF,-1
9,10,2,11256,POP,1,bchdglaefjkinopm
9,10,4,11256,PUSH,-1,bclhfgidajpenkom,-4,4,1
9,10,0,11257,DEL_EXPLORED,4
9,10,1,11257,DEL_CUTOFF,4
9,10,2,11257,DEL_EXPLORED,-1
9,10,4,11257,DEL_EXPLORED,1
9,10,0,11258,PUSH,-4,bcadfghejklinopm,4,-1,1
9,10,1,11258,DEL_CUTOFF,-4
9,10,2,11258,PUSH,4,bchdgjlefakinopm,-4,4,-1,1
9,10,4,11258,PUSH,4,bclhfgidnjpeakom,-4,1
9,10,0,11259,DEL_CUTOFF,1
9,10,1,11259,POP,-1,chdebafgjplinkom
9,10,2,11259,PUSH,1,bchdgjlefkainopm,-4,4,-1,1
9,10,4,11259,PUSH,1,bclhfgidnjpekaom,-4,-1,1
9,10,0,11260,DEL_CUTOFF,-1
9,10,1,11260,PUSH,4,chdebflgjpainkom,-4,4,-1,1
9,10,2,11260,DEL_CUTOFF,1
9,10,4,11260,DEL_CUTOFF,1
9,10,0,11261,DEL_EXPLORED,4
9,10,1,11261,DEL_CUTOFF,1
9,10,2,11261,DEL_EXPLORED,-1
9,10,4,11261,DEL_EXPLORED,-1
9,10,0,11262,POP,-4,bcadfghejklinopm
9,10,1,11262,DEL_CUTOFF,-1
9,10,2,11262,DEL_CUTOFF,4
9,10,4,11262,DEL_CUTOFF,-4
9,10,0,11263,POP,-4,bchdfgaejklinopm
9,10,1,11263,DEL_CUTOFF,4
9,10,2,11263,DEL_CUTOFF,-4
9,10,4,11263,POP,1,bclhfgidnjpekaom
9,10,0,11264,POP,1,bchdfglejkainopm
9,10,1,11264,DEL_EXPLORED,-4
9,10,2,11264,POP,1,bchdgjlefkainopm
9,10,4,11264,DEL_EXPLORED,-4
9,10,0,11265,PUSH,-1,bchdfgleajkinopm,-4,4,1
9,10,1,11265,POP,4,chdebflgjpainkom
9,10,2,11265,PUSH,-1,bchdgjleafkinopm,-4,4,1
9,10,4,11265,POP,4,bclhfgidnjpeakom
9,10,0,11266,DEL_EXPLORED,1
9,10,1,11266,PUSH,-4,chaebfdgjplinkom,4,-1,1
9,10,2,11266,DEL_EXPLORED,1
9,10,4,11266,PUSH,-4,bclhagidfjpenkom,-4,4,1
9,10,0,11267,PUSH,4,bchdfglenjkiaopm,-4,1
9,10,1,11267,DEL_CUTOFF,1
9,10,2,11267,DEL_CUTOFF,4
9,10,4,11267,PUSH,1,bclhgaidfjpenkom,-4,4,-1,1
9,10,0,11268,PUSH,1,bchdfglenjkioapm,-4,-1,1
9,10,1,11268,DEL_CUTOFF,-1
9,10,2,11268,DEL_CUTOFF,-4
9,10,4,11268,DEL_CUTOFF,1
9,10,0,11269,DEL_CUTOFF,1
9,10,1,11269,DEL_EXPLORED,4
9,10,2,11269,POP,-1,bchdgjleafkinopm
9,10,4,11269,DEL_EXPLORED,-1
9,10,0,11270,DEL_EXPLORED,-1
9,10,1,11270,POP,-4,chaebfdgjplinkom
9,10,2,11270,PUSH,4,bchdgjlefokinapm,-4,-1,1
9,10,4,11270,DEL_CUTOFF,4
9,10,0,11271,DEL_CUTOFF,-4
9,10,1,11271,POP,-1,chdebfagjplinkom
9,10,2,11271,DEL_CUTOFF,1
9,10,4,11271,DEL_CUTOFF,-4
9,10,0,11272,POP,1,bchdfglenjkioapm
9,10,1,11272,PUSH,4,chdebfgijplankom,-4,4,-1
9,10,2,11272,DEL_CUTOFF,-1
9,10,4,11272,POP,1,bclhgaidfjpenkom
9,10,0,11273,DEL_EXPLORED,-4
9,10,1,11273,PUSH,-1,chdebfgijpalnkom,-4,4,-1,1
9,10,2,11273,DEL_EXPLORED,-4
9,10,4,11273,DEL_EXPLORED,4
9,10,0,11274,POP,4,bchdfglenjkiaopm
9,10,1,11274,DEL_EXPLORED,1
9,10,2,11274,POP,4,bchdgjlefokinapm
9,10,4,11274,PUSH,-4,aclhbgidfjpenkom,4,1
9,10,0,11275,PUSH,-4,bchdaglefjkinopm,-4,4,1
9,10,1,11275,DEL_CUTOFF,-1
9,10,2,11275,DEL_EXPLORED,-4
9,10,4,11275,DEL_CUTOFF,1
9,10,0,11276,PUSH,1,bchdgalefjkinopm,-4,4,-1,1
9,10,1,11276,DEL_CUTOFF,4
9,10,2,11276,POP,4,bchdgjlefakinopm
9,10,4,11276,DEL_EXPLORED,4
9,10,0,11277,DEL_CUTOFF,1
9,10,1,11277,DEL_CUTOFF,-4
9,10,2,11277,PUSH,-4,bahdgclefjkinopm,4,-1,1
9,10,4,11277,POP,-4,aclhbgidfjpenkom
9,10,0,11278,DEL_EXPLORED,-1
9,10,1,11278,POP,-1,chdebfgijpalnkom
9,10,2,11278,PUSH,1,bhadgclefjkinopm,4,-1,1
9,10,4,11278,POP,-4,bclhagidfjpenkom
9,10,0,11279,DEL_CUTOFF,4
9,10,1,11279,PUSH,4,chdebfgijplmnkoa,-4,-1
9,10,2,11279,DEL_CUTOFF,1
9,10,4,11279,POP,-1,bclhfgidajpenkom
9,10,0,11280,DEL_CUTOFF,-4
9,10,1,11280,DEL_CUTOFF,-1
9,10,2,11280,DEL_EXPLORED,-1
9,10,4,11280,PUSH,4,bclhfgidjkpenaom,-4,-1,1
9,10,0,11281,POP,1,bchdgalefjkinopm
9,10,1,11281,DEL_EXPLORED,-4
9,10,2,11281,DEL_CUTOFF,4
9,10,4,11281,PUSH,1,bclhfgidjkpenoam,-4,-1,1
9,10,0,11282,DEL_EXPLORED,4
9,10,1,11282,POP,4,chdebfgijplmnkoa
9,10,2,11282,POP,1,bhadgclefjkinopm
9,10,4,11282,PUSH,1,bclhfgidjkpenoma,-4,-1
9,10,0,11283,PUSH,-4,achdbglefjkinopm,4,1
9,10,1,11283,DEL_EXPLORED,-4
9,10,2,11283,PUSH,-1,abhdgclefjkinopm,4,1
9,10,4,11283,DEL_EXPLORED,-1
9,10,0,11284,DEL_CUTOFF,1
9,10,1,11284,POP,4,chdebfgijplankom
9,10,2,11284,DEL_EXPLORED,1
9,10,4,11284,DEL_CUTOFF,-4
9,10,0,11285,DEL_EXPLORED,4
9,10,1,11285,DEL_EXPLORED,-4
9,10,2,11285,DEL_CUTOFF,4
9,10,4,11285,POP,1,bclhfgidjkpenoma
9,10,0,11286,POP,-4,achdbglefjkinopm
9,10,1,11286,POP,4,chdebfgajplinkom
9,10,2,11286,POP,-1,abhdgclefjkinopm
9,10,4,11286,DEL_EXPLORED,-1
9,10,0,11287,POP,-4,bchdaglefjkinopm
9,10,1,11287,POP,1,chdabfgejplinkom
9,10,2,11287,DEL_EXPLORED,4
9,10,4,11287,PUSH,-4,bclhfgidjkaenopm,-4,4,-1,1
9,10,0,11288,POP,-1,bchdfgleajkinopm
9,10,1,11288,DEL_EXPLORED,-1
9,10,2,11288,POP,-4,bahdgclefjkinopm
9,10,4,11288,DEL_CUTOFF,1
9,10,0,11289,DEL_EXPLORED,4
9,10,1,11289,PUSH,4,chgdbfaejplinkom,-4,4,-1,1
9,10,2,11289,POP,1,bchdgalefjkinopm
9,10,4,11289,DEL_CUTOFF,-1
9,10,0,11290,PUSH,-4,bchdfalejgkinopm,-4,4,-1,1
9,10,1,11290,PUSH,1,chgdbfeajplinkom,-4,4,-1
9,10,2,11290,DEL_EXPLORED,4
9,10,4,11290,DEL_EXPLORED,4
9,10,0,11291,PUSH,1,bchdflaejgkinopm,-4,4,-1,1
9,10,1,11291,DEL_EXPLORED,-1
9,10,2,11291,PUSH,-4,achdbglefjkinopm,4,1
9,10,4,11291,DEL_CUTOFF,-4
9,10,0,11292,PUSH,1,bchdfleajgkinopm,-4,4,-1
9,10,1,11292,PUSH,4,chgdbfeijplankom,-4,4,-1
9,10,2,11292,PUSH,1,cahdbglefjkinopm,4,-1,1
9,10,4,11292,POP,-4,bclhfgidjkaenopm
9,10,0,11293,DEL_EXPLORED,-1
9,10,1,11293,PUSH,-1,chgdbfeijpalnkom,-4,4,-1,1
9,10,2,11293,PUSH,1,chadbglefjkinopm,4,-1,1
9,10,4,11293,POP,1,bclhfgidjkpenoam
9,10,0,11294,DEL_CUTOFF,4
9,10,1,11294,DEL_EXPLORED,1
9,10,2,11294,DEL_CUTOFF,1
9,10,4,11294,PUSH,-1,bclhfgidjkpeanom,-4,1
9,10,0,11295,DEL_CUTOFF,-4
9,10,1,11295,DEL_CUTOFF,-1
9,10,2,11295,DEL_EXPLORED,-1
9,10,4,11295,DEL_EXPLORED,1
9,10,0,11296,POP,1,bchdfleajgkinopm
9,10,1,11296,DEL_CUTOFF,4
9,10,2,11296,DEL_CUTOFF,4
9,10,4,11296,PUSH,-4,bclhfgidakpejnom,-4,4,1
9,10,0,11297,DEL_EXPLORED,-1
9,10,1,11297,DEL_CUTOFF,-4
9,10,2,11297,POP,1,chadbglefjkinopm
9,10,4,11297,DEL_CUTOFF,1
9,10,0,11298,PUSH,4,bchdflkejgainopm,-4,4,-1,1
9,10,1,11298,POP,-1,chgdbfeijpalnkom
9,10,2,11298,DEL_EXPLORED,-1
9,10,4,11298,DEL_EXPLORED,4
9,10,0,11299,DEL_CUTOFF,1
9,10,1,11299,PUSH,4,chgdbfeijplmnkoa,-4,-1
9,10,2,11299,PUSH,4,cghdbalefjkinopm,-4,4,-1,1
9,10,4,11299,DEL_CUTOFF,-4
9,10,0,11300,DEL_CUTOFF,-1
9,10,1,11300,DEL_CUTOFF,-1
9,10,2,11300,DEL_CUTOFF,1
9,10,4,11300,POP,-4,bclhfgidakpejnom
9,10,0,11301,DEL_CUTOFF,4
9,10,1,11301,DEL_EXPLORED,-4
9,10,2,11301,DEL_CUTOFF,-1
9,10,4,11301,POP,-1,bclhfgidjkpeanom
9,10,0,11302,DEL_EXPLORED,-4
9,10,1,11302,POP,4,chgdbfeijplmnkoa
9,10,2,11302,DEL_CUTOFF,4
9,10,4,11302,DEL_EXPLORED,-4
9,10,0,11303,POP,4,bchdflkejgainopm
9,10,1,11303,DEL_EXPLORED,-4
9,10,2,11303,DEL_EXPLORED,-4
9,10,4,11303,POP,4,bclhfgidjkpenaom
9,10,0,11304,PUSH,-4,bcadflhejgkinopm,4,-1,1
9,10,1,11304,POP,4,chgdbfeijplankom
9,10,2,11304,POP,4,cghdbalefjkinopm
9,10,4,11304,PUSH,-4,bclhfaidjgpenkom,-4,4,-1,1
9,10,0,11305,DEL_CUTOFF,1
9,10,1,11305,PUSH,-4,chgabfedjplinkom,4,-1
9,10,2,11305,POP,1,cahdbglefjkinopm
9,10,4,11305,PUSH,1,bclhfiadjgpenkom,-4,4,-1,1
9,10,0,11306,DEL_CUTOFF,-1
9,10,1,11306,PUSH,-1,chagbfedjplinkom,4,-1,1
9,10,2,11306,DEL_EXPLORED,4
9,10,4,11306,PUSH,1,bclhfidajgpenkom,-4,4,-1
9,10,0,11307,DEL_EXPLORED,4
9,10,1,11307,DEL_EXPLORED,1
9,10,2,11307,POP,-4,achdbglefjkinopm
9,10,4,11307,DEL_EXPLORED,-1
9,10,0,11308,POP,-4,bcadflhejgkinopm
9,10,1,11308,DEL_CUTOFF,-1
9,10,2,11308,POP,-4,bchdaglefjkinopm
9,10,4,11308,DEL_CUTOFF,4
9,10,0,11309,POP,1,bchdflaejgkinopm
9,10,1,11309,DEL_CUTOFF,4
9,10,2,11309,POP,-1,bchdfgleajkinopm
9,10,4,11309,DEL_CUTOFF,-4
9,10,0,11310,PUSH,-1,bchdaflejgkinopm,-4,4,1
9,10,1,11310,POP,-1,chagbfedjplinkom
9,10,2,11310,PUSH,4,bchdfglejokinapm,-4,-1,1
9,10,4,11310,POP,1,bclhfidajgpenkom
9,10,0,11311,DEL_EXPLORED,1
9,10,1,11311,DEL_EXPLORED,4
9,10,2,11311,PUSH,1,bchdfglejokinpam,-4,-1,1
9,10,4,11311,DEL_EXPLORED,-1
9,10,0,11312,PUSH,4,bchdjfleagkinopm,-4,4,1
9,10,1,11312,POP,-4,chgabfedjplinkom
9,10,2,11312,PUSH,1,bchdfglejokinpma,-4,-1
9,10,4,11312,PUSH,4,bclhfipdjgaenkom,-4,4,-1,1
9,10,0,11313,DEL_CUTOFF,1
9,10,1,11313,POP,1,chgdbfeajplinkom
9,10,2,11313,DEL_EXPLORED,-1
9,10,4,11313,DEL_CUTOFF,1
9,10,0,11314,DEL_CUTOFF,4
9,10,1,11314,PUSH,-1,chgdbafejplinkom,-4,4,-1,1
9,10,2,11314,PUSH,-4,bchdfglejokanpmi,-4,4,-1
9,10,4,11314,DEL_CUTOFF,-1
9,10,0,11315,DEL_EXPLORED,-4
9,10,1,11315,DEL_EXPLORED,1
9,10,2,11315,PUSH,-1,bchdfglejoaknpmi,-4,4,-1,1
9,10,4,11315,DEL_CUTOFF,4
9,10,0,11316,POP,4,bchdjfleagkinopm
9,10,1,11316,PUSH,-1,chgdabfejplinkom,-4,4,1
9,10,2,11316,DEL_EXPLORED,1
9,10,4,11316,DEL_EXPLORED,-4
9,10,0,11317,PUSH,-4,achdbflejgkinopm,4,1
9,10,1,11317,DEL_EXPLORED,1
9,10,2,11317,DEL_CUTOFF,-1
9,10,4,11317,POP,4,bclhfipdjgaenkom
9,10,0,11318,DEL_CUTOFF,1
9,10,1,11318,PUSH,4,chgdjbfeaplinkom,-4,4,1
9,10,2,11318,DEL_CUTOFF,4
9,10,4,11318,PUSH,-4,bcahfildjgpenkom,4,-1,1
9,10,0,11319,DEL_EXPLORED,4
9,10,1,11319,DEL_CUTOFF,1
9,10,2,11319,DEL_CUTOFF,-4
9,10,4,11319,DEL_CUTOFF,1
9,10,0,11320,POP,-4,achdbflejgkinopm
9,10,1,11320,DEL_CUTOFF,4
9,10,2,11320,POP,-1,bchdfglejoaknpmi
9,10,4,11320,DEL_CUTOFF,-1
9,10,0,11321,POP,-1,bchdaflejgkinopm
9,10,1,11321,DEL_EXPLORED,-4
9,10,2,11321,DEL_EXPLORED,4
9,10,4,11321,DEL_EXPLORED,4
9,10,0,11322,DEL_EXPLORED,4
9,10,1,11322,POP,4,chgdjbfeaplinkom
9,10,2,11322,PUSH,-4,bchdfglajokenpmi,-4,4,-1
9,10,4,11322,POP,-4,bcahfildjgpenkom
9,10,0,11323,PUSH,-4,bahdfclejgkinopm,4,-1,1
9,10,1,11323,PUSH,-4,ahgdcbfejplinkom,4,1
9,10,2,11323,DEL_CUTOFF,-1
9,10,4,11323,POP,1,bclhfiadjgpenkom
9,10,0,11324,PUSH,1,bhadfclejgkinopm,4,-1,1
9,10,1,11324,DEL_CUTOFF,1
9,10,2,11324,DEL_EXPLORED,4
9,10,4,11324,PUSH,-1,bclhafidjgpenkom,-4,4,1
9,10,0,11325,DEL_CUTOFF,1
9,10,1,11325,DEL_EXPLORED,4
9,10,2,11325,DEL_CUTOFF,-4
9,10,4,11325,DEL_EXPLORED,1
9,10,0,11326,DEL_EXPLORED,-1
9,10,1,11326,POP,-4,ahgdcbfejplinkom
9,10,2,11326,POP,-4,bchdfglajokenpmi
9,10,4,11326,PUSH,4,bclhjfidagpenkom,-4,4,1
9,10,0,11327,DEL_CUTOFF,4
9,10,1,11327,POP,-1,chgdabfejplinkom
9,10,2,11327,POP,-4,bchdfglejokanpmi
9,10,4,11327,DEL_CUTOFF,1
9,10,0,11328,POP,1,bhadfclejgkinopm
9,10,1,11328,PUSH,4,chgdbpfejalinkom,-4,4,-1,1
9,10,2,11328,POP,1,bchdfglejokinpma
9,10,4,11328,DEL_CUTOFF,4
9,10,0,11329,PUSH,-1,abhdfclejgkinopm,4,1
9,10,1,11329,PUSH,1,chgdbpfejlainkom,-4,4,-1,1
9,10,2,11329,DEL_EXPLORED,-1
9,10,4,11329,DEL_EXPLORED,-4
9,10,0,11330,DEL_EXPLORED,1
9,10,1,11330,DEL_CUTOFF,1
9,10,2,11330,PUSH,-4,bchdfglejoainpkm,-4,4,-1,1
9,10,4,11330,POP,4,bclhjfidagpenkom
9,10,0,11331,DEL_CUTOFF,4
9,10,1,11331,DEL_EXPLORED,-1
9,10,2,11331,PUSH,1,bchdfglejoianpkm,-4,4,-1
9,10,4,11331,PUSH,-4,aclhbfidjgpenkom,4,1
9,10,0,11332,POP,-1,abhdfclejgkinopm
9,10,1,11332,DEL_CUTOFF,4
9,10,2,11332,DEL_EXPLORED,-1
9,10,4,11332,DEL_CUTOFF,1
9,10,0,11333,DEL_EXPLORED,4
9,10,1,11333,DEL_CUTOFF,-4
9,10,2,11333,PUSH,4,bchdfglejoimnpka,-4,-1
9,10,4,11333,DEL_EXPLORED,4
9,10,0,11334,POP,-4,bahdfclejgkinopm
9,10,1,11334,POP,1,chgdbpfejlainkom
9,10,2,11334,DEL_CUTOFF,-1
9,10,4,11334,POP,-4,aclhbfidjgpenkom
9,10,0,11335,POP,-4,bchdfalejgkinopm
9,10,1,11335,PUSH,-1,chgdbpfeajlinkom,-4,4,1
9,10,2,11335,DEL_EXPLORED,-4
9,10,4,11335,POP,-1,bclhafidjgpenkom
9,10,0,11336,POP,-4,bchdfglejakinopm
9,10,1,11336,DEL_EXPLORED,1
9,10,2,11336,POP,4,bchdfglejoimnpka
9,10,4,11336,DEL_EXPLORED,4
9,10,0,11337,POP,-1,bchdfglejokinapm
9,10,1,11337,DEL_CUTOFF,4
9,10,2,11337,PUSH,-4,bchdfglajoienpkm,-4,4,-1
9,10,4,11337,PUSH,-4,balhfcidjgpenkom,4,-1,1
9,10,0,11338,DEL_EXPLORED,-4
9,10,1,11338,DEL_CUTOFF,-4
9,10,2,11338,DEL_CUTOFF,-1
9,10,4,11338,PUSH,1,blahfcidjgpenkom,4,-1,1
9,10,0,11339,POP,4,bchdfglejokinpam
9,10,1,11339,POP,-1,chgdbpfeajlinkom
9,10,2,11339,DEL_EXPLORED,4
9,10,4,11339,DEL_CUTOFF,1
9,10,0,11340,PUSH,-4,bchdfgaejolinpkm,-4,4,-1,1
9,10,1,11340,PUSH,4,chgdbpfejklinaom,-4,-1,1
9,10,2,11340,DEL_CUTOFF,-4
9,10,4,11340,DEL_EXPLORED,-1
9,10,0,11341,PUSH,1,bchdfgeajolinpkm,-4,4,-1
9,10,1,11341,DEL_CUTOFF,1
9,10,2,11341,POP,-4,bchdfglajoienpkm
9,10,4,11341,DEL_CUTOFF,4
9,10,0,11342,DEL_EXPLORED,-1
9,10,1,11342,DEL_CUTOFF,-1
9,10,2,11342,POP,1,bchdfglejoianpkm
9,10,4,11342,POP,1,blahfcidjgpenkom
9,10,0,11343,PUSH,4,bchdfgeijolanpkm,-4,4,-1
9,10,1,11343,DEL_EXPLORED,-4
9,10,2,11343,PUSH,-1,bchdfglejaoinpkm,-4,4,-1,1
9,10,4,11343,PUSH,-1,ablhfcidjgpenkom,4,1
9,10,0,11344,PUSH,-1,bchdfgeijoalnpkm,-4,4,-1,1
9,10,1,11344,POP,4,chgdbpfejklinaom
9,10,2,11344,DEL_EXPLORED,1
9,10,4,11344,DEL_EXPLORED,1
9,10,0,11345,DEL_EXPLORED,1
9,10,1,11345,DEL_EXPLORED,-4
9,10,2,11345,PUSH,-1,bchdfgleajoinpkm,-4,4,1
9,10,4,11345,DEL_CUTOFF,4
9,10,0,11346,PUSH,-1,bchdfgeijaolnpkm,-4,4,-1,1
9,10,1,11346,POP,4,chgdbpfejalinkom
9,10,2,11346,DEL_EXPLORED,1
9,10,4,11346,POP,-1,ablhfcidjgpenkom
9,10,0,11347,DEL_EXPLORED,1
9,10,1,11347,PUSH,-4,cagdbhfejplinkom,4,-1,1
9,10,2,11347,DEL_CUTOFF,4
9,10,4,11347,DEL_EXPLORED,4
9,10,0,11348,PUSH,-1,bchdfgeiajolnpkm,-4,4,1
9,10,1,11348,PUSH,1,cgadbhfejplinkom,4,-1,1
9,10,2,11348,DEL_CUTOFF,-4
9,10,4,11348,POP,-4,balhfcidjgpenkom
9,10,0,11349,DEL_EXPLORED,1
9,10,1,11349,DEL_CUTOFF,1
9,10,2,11349,POP,-1,bchdfgleajoinpkm
9,10,4,11349,POP,-4,bclhfaidjgpenkom
9,10,0,11350,DEL_CUTOFF,4
9,10,1,11350,DEL_EXPLORED,-1
9,10,2,11350,PUSH,4,bchdfglejpoinakm,-4,-1,1
9,10,4,11350,POP,-1,bclhfgidjapenkom
9,10,0,11351,DEL_CUTOFF,-4
9,10,1,11351,DEL_CUTOFF,4
9,10,2,11351,DEL_CUTOFF,1
9,10,4,11351,PUSH,4,bclhfgidjpoenkam,-4,-1,1
9,10,0,11352,POP,-1,bchdfgeiajolnpkm
9,10,1,11352,POP,1,cgadbhfejplinkom
9,10,2,11352,DEL_CUTOFF,-1
9,10,4,11352,PUSH,1,bclhfgidjpoenkma,-4,-1
9,10,0,11353,PUSH,4,bchdfgeijpolnakm,-4,-1,1
9,10,1,11353,PUSH,-1,acgdbhfejplinkom,4,1
9,10,2,11353,DEL_EXPLORED,-4
9,10,4,11353,DEL_EXPLORED,-1
9,10,0,11354,DEL_CUTOFF,1
9,10,1,11354,DEL_EXPLORED,1
9,10,2,11354,POP,4,bchdfglejpoinakm
9,10,4,11354,PUSH,-4,bclhfgidjpoankme,-4,4,-1
9,10,0,11355,DEL_CUTOFF,-1
9,10,1,11355,DEL_CUTOFF,4
9,10,2,11355,PUSH,-4,bchdfalejgoinpkm,-4,4,-1,1
9,10,4,11355,PUSH,-1,bclhfgidjpaonkme,-4,4,-1,1
9,10,0,11356,DEL_EXPLORED,-4
9,10,1,11356,POP,-1,acgdbhfejplinkom
9,10,2,11356,DEL_CUTOFF,1
9,10,4,11356,DEL_EXPLORED,1
9,10,0,11357,POP,4,bchdfgeijpolnakm
9,10,1,11357,DEL_EXPLORED,4
9,10,2,11357,DEL_CUTOFF,-1
9,10,4,11357,DEL_CUTOFF,-1
9,10,0,11358,PUSH,-4,bchdfaeijgolnpkm,-4,4,-1,1
9,10,1,11358,POP,-4,cagdbhfejplinkom
9,10,2,11358,DEL_EXPLORED,4
9,10,4,11358,DEL_CUTOFF,4
9,10,0,11359,DEL_CUTOFF,1
9,10,1,11359,POP,-1,chgdbafejplinkom
9,10,2,11359,DEL_CUTOFF,-4
9,10,4,11359,DEL_CUTOFF,-4
9,10,0,11360,DEL_CUTOFF,-1
9,10,1,11360,PUSH,4,chgdbflejpainkom,-4,4,-1,1
9,10,2,11360,POP,-4,bchdfalejgoinpkm
9,10,4,11360,POP,-1,bclhfgidjpaonkme
9,10,0,11361,DEL_EXPLORED,4
9,10,1,11361,PUSH,1,chgdbflejpiankom,-4,4,-1
9,10,2,11361,POP,-1,bchdfglejaoinpkm
9,10,4,11361,DEL_EXPLORED,4
9,10,0,11362,DEL_CUTOFF,-4
9,10,1,11362,DEL_EXPLORED,-1
9,10,2,11362,DEL_EXPLORED,4
9,10,4,11362,PUSH,-4,bclhfgiajpodnkme,-4,4,-1
9,10,0,11363,POP,-4,bchdfaeijgolnpkm
9,10,1,11363,PUSH,4,chgdbflejpimnkoa,-4,-1
9,10,2,11363,PUSH,-4,bchdfgaejolinpkm,-4,4,-1,1
9,10,4,11363,DEL_CUTOFF,-1
9,10,0,11364,POP,-1,bchdfgeijaolnpkm
9,10,1,11364,DEL_CUTOFF,-1
9,10,2,11364,PUSH,1,bchdfgeajolinpkm,-4,4,-1
9,10,4,11364,DEL_EXPLORED,4
9,10,0,11365,PUSH,4,bchdfgeijoklnpam,-4,-1,1
9,10,1,11365,DEL_EXPLORED,-4
9,10,2,11365,DEL_EXPLORED,-1
9,10,4,11365,DEL_CUTOFF,-4
9,10,0,11366,PUSH,1,bchdfgeijoklnpma,-4,-1
9,10,1,11366,POP,4,chgdbflejpimnkoa
9,10,2,11366,DEL_CUTOFF,4
9,10,4,11366,POP,-4,bclhfgiajpodnkme
9,10,0,11367,DEL_EXPLORED,-1
9,10,1,11367,PUSH,-4,chgdbflajpienkom,-4,4,-1
9,10,2,11367,DEL_CUTOFF,-4
9,10,4,11367,POP,-4,bclhfgidjpoankme
9,10,0,11368,DEL_CUTOFF,-4
9,10,1,11368,DEL_CUTOFF,-1
9,10,2,11368,POP,1,bchdfgeajolinpkm
9,10,4,11368,POP,1,bclhfgidjpoenkma
9,10,0,11369,POP,1,bchdfgeijoklnpma
9,10,1,11369,DEL_EXPLORED,4
9,10,2,11369,PUSH,-1,bchdfagejolinpkm,-4,4,-1,1
9,10,4,11369,PUSH,-1,bclhfgidjpoenakm,-4,-1,1
9,10,0,11370,PUSH,-1,bchdfgeijoklnapm,-4,-1,1
9,10,1,11370,DEL_CUTOFF,-4
9,10,2,11370,DEL_EXPLORED,1
9,10,4,11370,DEL_EXPLORED,1
9,10,0,11371,DEL_EXPLORED,1
9,10,1,11371,POP,-4,chgdbflajpienkom
9,10,2,11371,DEL_CUTOFF,-1
9,10,4,11371,PUSH,-1,bclhfgidjpoeankm,-4,1
9,10,0,11372,DEL_CUTOFF,-1
9,10,1,11372,POP,1,chgdbflejpiankom
9,10,2,11372,DEL_CUTOFF,4
9,10,4,11372,DEL_EXPLORED,1
9,10,0,11373,DEL_CUTOFF,-4
9,10,1,11373,PUSH,-1,chgdbflejapinkom,-4,4,-1,1
9,10,2,11373,DEL_CUTOFF,-4
9,10,4,11373,PUSH,-4,bclhfgidapoejnkm,-4,4,1
9,10,0,11374,POP,-1,bchdfgeijoklnapm
9,10,1,11374,DEL_EXPLORED,1
9,10,2,11374,POP,-1,bchdfagejolinpkm
9,10,4,11374,DEL_CUTOFF,1
9,10,0,11375,DEL_EXPLORED,-4
9,10,1,11375,PUSH,-1,chgdbfleajpinkom,-4,4,1
9,10,2,11375,DEL_EXPLORED,4
9,10,4,11375,DEL_EXPLORED,4
9,10,0,11376,POP,4,bchdfgeijoklnpam
9,10,1,11376,DEL_EXPLORED,1
9,10,2,11376,PUSH,-4,bcadfghejolinpkm,4,-1,1
9,10,4,11376,DEL_CUTOFF,-4
9,10,0,11377,PUSH,-4,bchdfgaijoelnpkm,-4,4,-1,1
9,10,1,11377,DEL_CUTOFF,4
9,10,2,11377,DEL_CUTOFF,1
9,10,4,11377,POP,-4,bclhfgidapoejnkm
9,10,0,11378,PUSH,1,bchdfgiajoelnpkm,-4,4,-1
9,10,1,11378,DEL_CUTOFF,-4
9,10,2,11378,DEL_CUTOFF,-1
9,10,4,11378,POP,-1,bclhfgidjpoeankm
9,10,0,11379,DEL_EXPLORED,-1
9,10,1,11379,POP,-1,chgdbfleajpinkom
9,10,2,11379,DEL_EXPLORED,4
9,10,4,11379,PUSH,-4,bclhfgidjaoenpkm,-4,4,-1,1
9,10,0,11380,DEL_CUTOFF,4
9,10,1,11380,PUSH,4,chgdbflejkpinaom,-4,-1,1
9,10,2,11380,POP,-4,bcadfghejolinpkm
9,10,4,11380,PUSH,1,bclhfgidjoaenpkm,-4,4,-1,1
9,10,0,11381,DEL_CUTOFF,-4
9,10,1,11381,DEL_CUTOFF,1
9,10,2,11381,POP,-4,bchdfgaejolinpkm
9,10,4,11381,DEL_CUTOFF,1
9,10,0,11382,POP,1,bchdfgiajoelnpkm
9,10,1,11382,DEL_CUTOFF,-1
9,10,2,11382,POP,-4,bchdfglejoainpkm
9,10,4,11382,DEL_EXPLORED,-1
9,10,0,11383,PUSH,-1,bchdfagijoelnpkm,-4,4,-1,1
9,10,1,11383,DEL_EXPLORED,-4
9,10,2,11383,POP,1,bchdfglejokinpam
9,10,4,11383,DEL_CUTOFF,4
9,10,0,11384,DEL_EXPLORED,1
9,10,1,11384,POP,4,chgdbflejkpinaom
9,10,2,11384,PUSH,-1,bchdfglejokianpm,-4,1
9,10,4,11384,DEL_CUTOFF,-4
9,10,0,11385,DEL_CUTOFF,-1
9,10,1,11385,PUSH,-4,chgdbalejfpinkom,-4,4,-1,1
9,10,2,11385,DEL_EXPLORED,1
9,10,4,11385,POP,1,bclhfgidjoaenpkm
9,10,0,11386,DEL_CUTOFF,4
9,10,1,11386,DEL_CUTOFF,1
9,10,2,11386,PUSH,-4,bchdfgleaokijnpm,-4,4,1
9,10,4,11386,PUSH,-1,bclhfgidajoenpkm,-4,4,1
9,10,0,11387,DEL_CUTOFF,-4
9,10,1,11387,DEL_CUTOFF,-1
9,10,2,11387,PUSH,1,bchdfgleoakijnpm,-4,4,-1,1
9,10,4,11387,DEL_EXPLORED,1
9,10,0,11388,POP,-1,bchdfagijoelnpkm
9,10,1,11388,DEL_EXPLORED,4
9,10,2,11388,PUSH,1,bchdfgleokaijnpm,-4,4,-1,1
9,10,4,11388,DEL_CUTOFF,4
9,10,0,11389,DEL_EXPLORED,4
9,10,1,11389,DEL_CUTOFF,-4
9,10,2,11389,DEL_CUTOFF,1
9,10,4,11389,DEL_CUTOFF,-4
9,10,0,11390,PUSH,-4,bcadfghijoelnpkm,4,-1,1
9,10,1,11390,POP,-4,chgdbalejfpinkom
9,10,2,11390,DEL_EXPLORED,-1
9,10,4,11390,POP,-1,bclhfgidajoenpkm
9,10,0,11391,DEL_CUTOFF,1
9,10,1,11391,POP,-1,chgdbflejapinkom
9,10,2,11391,DEL_CUTOFF,4
9,10,4,11391,DEL_EXPLORED,4
9,10,0,11392,DEL_CUTOFF,-1
9,10,1,11392,PUSH,4,chgdbflejpoinkam,-4,-1,1
9,10,2,11392,DEL_CUTOFF,-4
9,10,4,11392,PUSH,-4,bclhfaidjgoenpkm,-4,4,-1,1
9,10,0,11393,DEL_EXPLORED,4
9,10,1,11393,PUSH,1,chgdbflejpoinkma,-4,-1
9,10,2,11393,POP,1,bchdfgleokaijnpm
9,10,4,11393,DEL_CUTOFF,1
9,10,0,11394,POP,-4,bcadfghijoelnpkm
9,10,1,11394,DEL_EXPLORED,-1
9,10,2,11394,DEL_EXPLORED,-1
9,10,4,11394,DEL_CUTOFF,-1
9,10,0,11395,POP,-4,bchdfgaijoelnpkm
9,10,1,11395,DEL_CUTOFF,-4
9,10,2,11395,PUSH,4,bchdfgleonkijapm,-4,-1,1
9,10,4,11395,DEL_EXPLORED,4
9,10,0,11396,POP,-1,bchdfgeijoalnpkm
9,10,1,11396,POP,1,chgdbflejpoinkma
9,10,2,11396,DEL_CUTOFF,1
9,10,4,11396,DEL_CUTOFF,-4
9,10,0,11397,PUSH,4,bchdfgeijolmnpka,-4,-1
9,10,1,11397,PUSH,-1,chgdbflejpoinakm,-4,-1,1
9,10,2,11397,DEL_CUTOFF,-1
9,10,4,11397,POP,-4,bclhfaidjgoenpkm
9,10,0,11398,PUSH,-1,bchdfgeijolmnpak,-4,-1,1
9,10,1,11398,DEL_EXPLORED,1
9,10,2,11398,DEL_EXPLORED,-4
9,10,4,11398,POP,-4,bclhfgidjaoenpkm
9,10,0,11399,DEL_EXPLORED,1
9,10,1,11399,DEL_CUTOFF,-1
9,10,2,11399,POP,4,bchdfgleonkijapm
9,10,4,11399,POP,-1,bclhfgidjpoenakm
9,10,0,11400,PUSH,-1,bchdfgeijolmnapk,-4,-1,1
9,10,1,11400,DEL_CUTOFF,-4
9,10,2,11400,PUSH,-4,bchdfaleogkijnpm,-4,4,-1,1
9,10,4,11400,DEL_EXPLORED,-4
9,10,0,11401,DEL_EXPLORED,1
9,10,1,11401,POP,-1,chgdbflejpoinakm
9,10,2,11401,DEL_CUTOFF,1
9,10,4,11401,POP,4,bclhfgidjpoenkam
9,10,0,11402,DEL_CUTOFF,-1
9,10,1,11402,DEL_EXPLORED,-4
9,10,2,11402,DEL_CUTOFF,-1
9,10,4,11402,DEL_EXPLORED,-4
9,10,0,11403,DEL_CUTOFF,-4
9,10,1,11403,POP,4,chgdbflejpoinkam
9,10,2,11403,DEL_EXPLORED,4
9,10,4,11403,POP,4,bclhfgidjpaenkom
9,10,0,11404,POP,-1,bchdfgeijolmnapk
9,10,1,11404,DEL_EXPLORED,-4
9,10,2,11404,DEL_CUTOFF,-4
9,10,4,11404,DEL_EXPLORED,-4
9,10,0,11405,PUSH,-4,bchdfgeijoamnplk,-4,4,-1,1
9,10,1,11405,POP,4,chgdbflejpainkom
9,10,2,11405,POP,-4,bchdfaleogkijnpm
9,10,4,11405,POP,4,bclhfgadjpienkom
9,10,0,11406,DEL_CUTOFF,1
9,10,1,11406,DEL_EXPLORED,-4
9,10,2,11406,POP,1,bchdfgleoakijnpm
9,10,4,11406,POP,-1,bcahfgldjpienkom
9,10,0,11407,DEL_CUTOFF,-1
9,10,1,11407,POP,4,chgdbfaejplinkom
9,10,2,11407,DEL_EXPLORED,4
9,10,4,11407,DEL_EXPLORED,4
9,10,0,11408,DEL_EXPLORED,4
9,10,1,11408,POP,1,chadbfgejplinkom
9,10,2,11408,PUSH,-4,bchdaglefokijnpm,-4,4,1
9,10,4,11408,POP,-4,bchafgldjpienkom
9,10,0,11409,DEL_CUTOFF,-4
9,10,1,11409,DEL_EXPLORED,-1
9,10,2,11409,PUSH,1,bchdgalefokijnpm,-4,4,-1,1
9,10,4,11409,POP,-4,bchdfglajpienkom
9,10,0,11410,POP,-4,bchdfgeijoamnplk
9,10,1,11410,PUSH,4,cfhdbagejplinkom,-4,4,-1,1
9,10,2,11410,DEL_CUTOFF,1
9,10,4,11410,POP,1,bchdfglejpiankom
9,10,0,11411,POP,-1,bchdfgeijolmnpak
9,10,1,11411,PUSH,1,cfhdbgaejplinkom,-4,4,-1,1
9,10,2,11411,DEL_EXPLORED,-1
9,10,4,11411,POP,0,bchdfglejpainkom
9,10,0,11412,DEL_EXPLORED,-4
9,10,1,11412,PUSH,1,cfhdbgeajplinkom,-4,4,-1
9,10,2,11412,DEL_CUTOFF,4
9,10,0,11413,POP,4,bchdfgeijolmnpka
9,10,1,11413,DEL_EXPLORED,-1
9,10,2,11413,DEL_CUTOFF,-4
9,10,0,11414,DEL_EXPLORED,-4
9,10,1,11414,PUSH,4,cfhdbgeijplankom,-4,4,-1
9,10,2,11414,POP,1,bchdgalefokijnpm
9,10,0,11415,POP,4,bchdfgeijolanpkm
9,10,1,11415,PUSH,-1,cfhdbgeijpalnkom,-4,4,-1,1
9,10,2,11415,DEL_EXPLORED,4
9,10,0,11416,PUSH,-4,bchafgedjolinpkm,4,-1
9,10,1,11416,DEL_EXPLORED,1
9,10,2,11416,PUSH,-4,achdbglefokijnpm,4,1
9,10,0,11417,PUSH,-1,bcahfgedjolinpkm,4,-1,1
9,10,1,11417,DEL_CUTOFF,-1
9,10,2,11417,DEL_CUTOFF,1
9,10,0,11418,DEL_EXPLORED,1
9,10,1,11418,DEL_CUTOFF,4
9,10,2,11418,DEL_EXPLORED,4
9,10,0,11419,PUSH,-1,bachfgedjolinpkm,4,-1,1
9,10,1,11419,DEL_CUTOFF,-4
9,10,2,11419,POP,-4,achdbglefokijnpm
9,10,0,11420,DEL_EXPLORED,1
9,10,1,11420,POP,-1,cfhdbgeijpalnkom
9,10,2,11420,POP,-4,bchdaglefokijnpm
9,10,0,11421,PUSH,-1,abchfgedjolinpkm,4,1
9,10,1,11421,PUSH,4,cfhdbgeijplmnkoa,-4,-1
9,10,2,11421,POP,-4,bchdfgleaokijnpm
9,10,0,11422,DEL_EXPLORED,1
9,10,1,11422,DEL_CUTOFF,-1
9,10,2,11422,POP,-1,bchdfglejokianpm
9,10,0,11423,DEL_CUTOFF,4
9,10,1,11423,DEL_EXPLORED,-4
9,10,2,11423,DEL_EXPLORED,-4
9,10,0,11424,POP,-1,abchfgedjolinpkm
9,10,1,11424,POP,4,cfhdbgeijplmnkoa
9,10,2,11424,POP,4,bchdfglejokinapm
9,10,0,11425,PUSH,4,bgchfaedjolinpkm,-4,4,-1,1
9,10,1,11425,DEL_EXPLORED,-4
9,10,2,11425,PUSH,-4,bchdfalejgkinopm,-4,4,-1,1
9,10,0,11426,DEL_CUTOFF,1
9,10,1,11426,POP,4,cfhdbgeijplankom
9,10,2,11426,PUSH,1,bchdflaejgkinopm,-4,4,-1,1
9,10,0,11427,DEL_CUTOFF,-1
9,10,1,11427,PUSH,-4,cfhabgedjplinkom,4,-1
9,10,2,11427,PUSH,1,bchdfleajgkinopm,-4,4,-1
9,10,0,11428,DEL_CUTOFF,4
9,10,1,11428,PUSH,-1,cfahbgedjplinkom,4,-1,1
9,10,2,11428,DEL_EXPLORED,-1
9,10,0,11429,DEL_EXPLORED,-4
9,10,1,11429,DEL_EXPLORED,1
9,10,2,11429,PUSH,4,bchdfleijgkanopm,-4,4,-1
9,10,0,11430,POP,4,bgchfaedjolinpkm
9,10,1,11430,DEL_CUTOFF,-1
9,10,2,11430,PUSH,-1,bchdfleijgaknopm,-4,4,-1,1
9,10,0,11431,POP,-1,bachfgedjolinpkm
9,10,1,11431,DEL_CUTOFF,4
9,10,2,11431,DEL_EXPLORED,1
9,10,0,11432,PUSH,4,bcehfgadjolinpkm,-4,4,-1,1
9,10,1,11432,POP,-1,cfahbgedjplinkom
9,10,2,11432,DEL_CUTOFF,-1
9,10,0,11433,PUSH,1,bcehfgdajolinpkm,-4,4,-1
9,10,1,11433,DEL_EXPLORED,4
9,10,2,11433,DEL_CUTOFF,4
9,10,0,11434,DEL_EXPLORED,-1
9,10,1,11434,POP,-4,cfhabgedjplinkom
9,10,2,11434,DEL_CUTOFF,-4
9,10,0,11435,DEL_CUTOFF,4
9,10,1,11435,POP,1,cfhdbgeajplinkom
9,10,2,11435,POP,-1,bchdfleijgaknopm
9,10,0,11436,DEL_CUTOFF,-4
9,10,1,11436,DEL_EXPLORED,-1
9,10,2,11436,PUSH,4,bchdfleijgkmnopa,-4,-1
9,10,0,11437,POP,1,bcehfgdajolinpkm
9,10,1,11437,PUSH,4,cfhdbglejpainkom,-4,4,-1,1
9,10,2,11437,DEL_CUTOFF,-1
9,10,0,11438,PUSH,-1,bcehfagdjolinpkm,-4,4,-1,1
9,10,1,11438,PUSH,1,cfhdbglejpiankom,-4,4,-1
9,10,2,11438,DEL_EXPLORED,-4
9,10,0,11439,DEL_EXPLORED,1
9,10,1,11439,DEL_EXPLORED,-1
9,10,2,11439,POP,4,bchdfleijgkmnopa
9,10,0,11440,DEL_CUTOFF,-1
9,10,1,11440,PUSH,4,cfhdbglejpimnkoa,-4,-1
9,10,2,11440,DEL_EXPLORED,-4
9,10,0,11441,DEL_CUTOFF,4
9,10,1,11441,DEL_CUTOFF,-1
9,10,2,11441,POP,4,bchdfleijgkanopm
9,10,0,11442,DEL_CUTOFF,-4
9,10,1,11442,DEL_EXPLORED,-4
9,10,2,11442,PUSH,-4,bchafledjgkinopm,4,-1
9,10,0,11443,POP,-1,bcehfagdjolinpkm
9,10,1,11443,POP,4,cfhdbglejpimnkoa
9,10,2,11443,PUSH,-1,bcahfledjgkinopm,4,-1,1
9,10,0,11444,PUSH,4,bcehfgldjoainpkm,-4,4,-1,1
9,10,1,11444,PUSH,-4,cfhdbglajpienkom,-4,4,-1
9,10,2,11444,DEL_EXPLORED,1
9,10,0,11445,DEL_CUTOFF,1
9,10,1,11445,DEL_CUTOFF,-1
9,10,2,11445,DEL_CUTOFF,-1
9,10,0,11446,DEL_CUTOFF,-1
9,10,1,11446,DEL_EXPLORED,4
9,10,2,11446,DEL_CUTOFF,4
9,10,0,11447,DEL_CUTOFF,4
9,10,1,11447,DEL_CUTOFF,-4
9,10,2,11447,POP,-1,bcahfledjgkinopm
9,10,0,11448,DEL_EXPLORED,-4
9,10,1,11448,POP,-4,cfhdbglajpienkom
9,10,2,11448,DEL_EXPLORED,4
9,10,0,11449,POP,4,bcehfgldjoainpkm
9,10,1,11449,POP,1,cfhdbglejpiankom
9,10,2,11449,POP,-4,bchafledjgkinopm
9,10,0,11450,DEL_EXPLORED,-4
9,10,1,11450,PUSH,-1,cfhdbglejapinkom,-4,4,-1,1
9,10,2,11450,POP,1,bchdfleajgkinopm
9,10,0,11451,POP,4,bcehfgadjolinpkm
9,10,1,11451,DEL_EXPLORED,1
9,10,2,11451,DEL_EXPLORED,-1
9,10,0,11452,POP,-1,bcahfgedjolinpkm
9,10,1,11452,PUSH,-1,cfhdbgleajpinkom,-4,4,1
9,10,2,11452,PUSH,4,bchdflkejgainopm,-4,4,-1,1
9,10,0,11453,DEL_EXPLORED,4
9,10,1,11453,DEL_EXPLORED,1
9,10,2,11453,PUSH,1,bchdflkejgianopm,-4,4,-1
9,10,0,11454,POP,-4,bchafgedjolinpkm
9,10,1,11454,DEL_CUTOFF,4
9,10,2,11454,DEL_EXPLORED,-1
9,10,0,11455,POP,1,bchdfgeajolinpkm
9,10,1,11455,DEL_CUTOFF,-4
9,10,2,11455,PUSH,4,bchdflkejgimnopa,-4,-1
9,10,0,11456,PUSH,-1,bchdfagejolinpkm,-4,4,-1,1
9,10,1,11456,POP,-1,cfhdbgleajpinkom
9,10,2,11456,DEL_CUTOFF,-1
9,10,0,11457,DEL_EXPLORED,1
9,10,1,11457,PUSH,4,cfhdbglejkpinaom,-4,-1,1
9,10,2,11457,DEL_EXPLORED,-4
9,10,0,11458,PUSH,-1,bchdafgejolinpkm,-4,4,1
9,10,1,11458,DEL_CUTOFF,1
9,10,2,11458,POP,4,bchdflkejgimnopa
9,10,0,11459,DEL_EXPLORED,1
9,10,1,11459,DEL_CUTOFF,-1
9,10,2,11459,PUSH,-4,bchdflkajgienopm,-4,4,-1
9,10,0,11460,PUSH,4,bchdjfgeaolinpkm,-4,4,1
9,10,1,11460,DEL_EXPLORED,-4
9,10,2,11460,DEL_CUTOFF,-1
9,10,0,11461,PUSH,1,bchdjfgeoalinpkm,-4,4,-1,1
9,10,1,11461,POP,4,cfhdbglejkpinaom
9,10,2,11461,DEL_EXPLORED,4
9,10,0,11462,PUSH,1,bchdjfgeolainpkm,-4,4,-1,1
9,10,1,11462,PUSH,-4,cfhdbalejgpinkom,-4,4,-1,1
9,10,2,11462,DEL_CUTOFF,-4
9,10,0,11463,DEL_CUTOFF,1
9,10,1,11463,DEL_CUTOFF,1
9,10,2,11463,POP,-4,bchdflkajgienopm
9,10,0,11464,DEL_EXPLORED,-1
9,10,1,11464,DEL_CUTOFF,-1
9,10,2,11464,POP,1,bchdflkejgianopm
9,10,0,11465,DEL_CUTOFF,4
9,10,1,11465,DEL_EXPLORED,4
9,10,2,11465,PUSH,-1,bchdflkejaginopm,-4,4,-1,1
9,10,0,11466,DEL_CUTOFF,-4
9,10,1,11466,DEL_CUTOFF,-4
9,10,2,11466,DEL_EXPLORED,1
9,10,0,11467,POP,1,bchdjfgeolainpkm
9,10,1,11467,POP,-4,cfhdbalejgpinkom
9,10,2,11467,PUSH,-1,bchdflkeajginopm,-4,4,1
9,10,0,11468,DEL_EXPLORED,-1
9,10,1,11468,POP,-1,cfhdbglejapinkom
9,10,2,11468,DEL_EXPLORED,1
9,10,0,11469,PUSH,4,bchdjfgeoplinakm,-4,-1,1
9,10,1,11469,PUSH,4,cfhdbglejpoinkam,-4,-1,1
9,10,2,11469,DEL_CUTOFF,4
9,10,0,11470,DEL_CUTOFF,1
9,10,1,11470,PUSH,1,cfhdbglejpoinkma,-4,-1
9,10,2,11470,DEL_CUTOFF,-4
9,10,0,11471,DEL_CUTOFF,-1
9,10,1,11471,DEL_EXPLORED,-1
9,10,2,11471,POP,-1,bchdflkeajginopm
9,10,0,11472,DEL_EXPLORED,-4
9,10,1,11472,DEL_CUTOFF,-4
9,10,2,11472,PUSH,4,bchdflkejoginapm,-4,-1,1
9,10,0,11473,POP,4,bchdjfgeoplinakm
9,10,1,11473,POP,1,cfhdbglejpoinkma
9,10,2,11473,DEL_CUTOFF,1
9,10,0,11474,PUSH,-4,bchdjageoflinpkm,-4,4,-1,1
9,10,1,11474,PUSH,-1,cfhdbglejpoinakm,-4,-1,1
9,10,2,11474,DEL_CUTOFF,-1
9,10,0,11475,DEL_CUTOFF,1
9,10,1,11475,DEL_EXPLORED,1
9,10,2,11475,DEL_EXPLORED,-4
9,10,0,11476,DEL_CUTOFF,-1
9,10,1,11476,DEL_CUTOFF,-1
9,10,2,11476,POP,4,bchdflkejoginapm
9,10,0,11477,DEL_EXPLORED,4
9,10,1,11477,DEL_CUTOFF,-4
9,10,2,11477,PUSH,-4,bchdfakejlginopm,-4,4,-1,1
9,10,0,11478,DEL_CUTOFF,-4
9,10,1,11478,POP,-1,cfhdbglejpoinakm
9,10,2,11478,DEL_CUTOFF,1
9,10,0,11479,POP,-4,bchdjageoflinpkm
9,10,1,11479,DEL_EXPLORED,-4
9,10,2,11479,DEL_CUTOFF,-1
9,10,0,11480,POP,1,bchdjfgeoalinpkm
9,10,1,11480,POP,4,cfhdbglejpoinkam
9,10,2,11480,DEL_EXPLORED,4
9,10,0,11481,PUSH,4,bchdjfgenoliapkm,-4,1
9,10,1,11481,DEL_EXPLORED,-4
9,10,2,11481,DEL_CUTOFF,-4
9,10,0,11482,PUSH,1,bchdjfgenolipakm,-4,-1,1
9,10,1,11482,POP,4,cfhdbglejpainkom
9,10,2,11482,POP,-4,bchdfakejlginopm
9,10,0,11483,DEL_CUTOFF,1
9,10,1,11483,PUSH,-4,cfadbghejplinkom,4,-1,1
9,10,2,11483,POP,-1,bchdflkejaginopm
9,10,0,11484,DEL_EXPLORED,-1
9,10,1,11484,PUSH,1,cfdabghejplinkom,4,-1
9,10,2,11484,PUSH,4,bchdflkejgpinoam,-4,-1,1
9,10,0,11485,DEL_CUTOFF,-4
9,10,1,11485,DEL_EXPLORED,-1
9,10,2,11485,PUSH,1,bchdflkejgpinoma,-4,-1
9,10,0,11486,POP,1,bchdjfgenolipakm
9,10,1,11486,PUSH,4,cfdebghajplinkom,-4,4,-1
9,10,2,11486,DEL_EXPLORED,-1
9,10,0,11487,DEL_EXPLORED,-4
9,10,1,11487,DEL_CUTOFF,-1
9,10,2,11487,DEL_CUTOFF,-4
9,10,0,11488,POP,4,bchdjfgenoliapkm
9,10,1,11488,DEL_CUTOFF,4
9,10,2,11488,POP,1,bchdflkejgpinoma
9,10,0,11489,DEL_EXPLORED,-4
9,10,1,11489,DEL_EXPLORED,-4
9,10,2,11489,PUSH,-1,bchdflkejgpinaom,-4,-1,1
9,10,0,11490,POP,4,bchdjfgeaolinpkm
9,10,1,11490,POP,4,cfdebghajplinkom
9,10,2,11490,DEL_EXPLORED,1
9,10,0,11491,PUSH,-4,achdbfgejolinpkm,4,1
9,10,1,11491,POP,1,cfdabghejplinkom
9,10,2,11491,DEL_CUTOFF,-1
9,10,0,11492,PUSH,1,cahdbfgejolinpkm,4,-1,1
9,10,1,11492,PUSH,-1,cafdbghejplinkom,4,-1,1
9,10,2,11492,DEL_CUTOFF,-4
9,10,0,11493,PUSH,1,chadbfgejolinpkm,4,-1,1
9,10,1,11493,DEL_EXPLORED,1
9,10,2,11493,POP,-1,bchdflkejgpinaom
9,10,0,11494,DEL_CUTOFF,1
9,10,1,11494,PUSH,-1,acfdbghejplinkom,4,1
9,10,2,11494,DEL_EXPLORED,-4
9,10,0,11495,DEL_EXPLORED,-1
9,10,1,11495,DEL_EXPLORED,1
9,10,2,11495,POP,4,bchdflkejgpinoam
9,10,0,11496,DEL_CUTOFF,4
9,10,1,11496,DEL_CUTOFF,4
9,10,2,11496,DEL_EXPLORED,-4
9,10,0,11497,POP,1,chadbfgejolinpkm
9,10,1,11497,POP,-1,acfdbghejplinkom
9,10,2,11497,POP,4,bchdflkejgainopm
9,10,0,11498,DEL_EXPLORED,-1
9,10,1,11498,PUSH,4,cgfdbahejplinkom,-4,4,-1,1
9,10,2,11498,PUSH,-4,bcadflhejgkinopm,4,-1,1
9,10,0,11499,PUSH,4,cfhdbagejolinpkm,-4,4,-1,1
9,10,1,11499,DEL_CUTOFF,1
9,10,2,11499,PUSH,1,bcdaflhejgkinopm,4,-1
9,10,0,11500,DEL_CUTOFF,1
9,10,1,11500,DEL_CUTOFF,-1
9,10,2,11500,DEL_EXPLORED,-1
9,10,0,11501,DEL_CUTOFF,-1
9,10,1,11501,DEL_CUTOFF,4
9,10,2,11501,PUSH,4,bcdeflhajgkinopm,-4,4,-1
9,10,0,11502,DEL_CUTOFF,4
9,10,1,11502,DEL_EXPLORED,-4
9,10,2,11502,DEL_CUTOFF,-1
9,10,0,11503,DEL_EXPLORED,-4
9,10,1,11503,POP,4,cgfdbahejplinkom
9,10,2,11503,DEL_CUTOFF,4
9,10,0,11504,POP,4,cfhdbagejolinpkm
9,10,1,11504,POP,-1,cafdbghejplinkom
9,10,2,11504,DEL_EXPLORED,-4
9,10,0,11505,POP,1,cahdbfgejolinpkm
9,10,1,11505,DEL_EXPLORED,4
9,10,2,11505,POP,4,bcdeflhajgkinopm
9,10,0,11506,DEL_EXPLORED,4
9,10,1,11506,POP,-4,cfadbghejplinkom
9,10,2,11506,POP,1,bcdaflhejgkinopm
9,10,0,11507,POP,-4,achdbfgejolinpkm
9,10,1,11507,POP,1,cfhdbgaejplinkom
9,10,2,11507,PUSH,-1,bacdflhejgkinopm,4,-1,1
9,10,0,11508,POP,-1,bchdafgejolinpkm
9,10,1,11508,PUSH,-1,cfhdabgejplinkom,-4,4,1
9,10,2,11508,DEL_EXPLORED,1
9,10,0,11509,PUSH,4,bchdfogejalinpkm,-4,4,-1,1
9,10,1,11509,DEL_EXPLORED,1
9,10,2,11509,PUSH,-1,abcdflhejgkinopm,4,1
9,10,0,11510,PUSH,1,bchdfogejlainpkm,-4,4,-1,1
9,10,1,11510,PUSH,4,cfhdjbgeaplinkom,-4,4,1
9,10,2,11510,DEL_EXPLORED,1
9,10,0,11511,PUSH,1,bchdfogejlianpkm,-4,4,-1
9,10,1,11511,PUSH,1,cfhdjbgepalinkom,-4,4,-1,1
9,10,2,11511,DEL_CUTOFF,4
9,10,0,11512,DEL_EXPLORED,-1
9,10,1,11512,PUSH,1,cfhdjbgeplainkom,-4,4,-1,1
9,10,2,11512,POP,-1,abcdflhejgkinopm
9,10,0,11513,PUSH,4,bchdfogejlimnpka,-4,-1
9,10,1,11513,DEL_CUTOFF,1
9,10,2,11513,PUSH,4,blcdfahejgkinopm,-4,4,-1,1
9,10,0,11514,DEL_CUTOFF,-1
9,10,1,11514,DEL_EXPLORED,-1
9,10,2,11514,DEL_CUTOFF,1
9,10,0,11515,DEL_EXPLORED,-4
9,10,1,11515,DEL_CUTOFF,4
9,10,2,11515,DEL_CUTOFF,-1
9,10,0,11516,POP,4,bchdfogejlimnpka
9,10,1,11516,DEL_CUTOFF,-4
9,10,2,11516,DEL_CUTOFF,4
9,10,0,11517,PUSH,-4,bchdfogajlienpkm,-4,4,-1
9,10,1,11517,POP,1,cfhdjbgeplainkom
9,10,2,11517,DEL_EXPLORED,-4
9,10,0,11518,DEL_CUTOFF,-1
9,10,1,11518,DEL_EXPLORED,-1
9,10,2,11518,POP,4,blcdfahejgkinopm
9,10,0,11519,DEL_EXPLORED,4
9,10,1,11519,PUSH,4,cfhdjbgepklinaom,-4,-1,1
9,10,2,11519,POP,-1,bacdflhejgkinopm
9,10,0,11520,DEL_CUTOFF,-4
9,10,1,11520,DEL_CUTOFF,1
9,10,2,11520,DEL_EXPLORED,4
9,10,0,11521,POP,-4,bchdfogajlienpkm
9,10,1,11521,DEL_CUTOFF,-1
9,10,2,11521,POP,-4,bcadflhejgkinopm
9,10,0,11522,POP,1,bchdfogejlianpkm
9,10,1,11522,DEL_EXPLORED,-4
9,10,2,11522,POP,1,bchdflaejgkinopm
9,10,0,11523,DEL_EXPLORED,-1
9,10,1,11523,POP,4,cfhdjbgepklinaom
9,10,2,11523,PUSH,-1,bchdaflejgkinopm,-4,4,1
9,10,0,11524,PUSH,4,bchdfogejlkinpam,-4,-1,1
9,10,1,11524,PUSH,-4,cfhdjagepblinkom,-4,4,-1,1
9,10,2,11524,DEL_EXPLORED,1
9,10,0,11525,PUSH,1,bchdfogejlkinpma,-4,-1
9,10,1,11525,DEL_CUTOFF,1
9,10,2,11525,PUSH,4,bchdjfleagkinopm,-4,4,1
9,10,0,11526,DEL_EXPLORED,-1
9,10,1,11526,DEL_CUTOFF,-1
9,10,2,11526,PUSH,1,bchdjflegakinopm,-4,4,-1,1
9,10,0,11527,DEL_CUTOFF,-4
9,10,1,11527,DEL_EXPLORED,4
9,10,2,11527,PUSH,1,bchdjflegkainopm,-4,4,-1,1
9,10,0,11528,POP,1,bchdfogejlkinpma
9,10,1,11528,DEL_CUTOFF,-4
9,10,2,11528,DEL_CUTOFF,1
9,10,0,11529,PUSH,-1,bchdfogejlkinapm,-4,-1,1
9,10,1,11529,POP,-4,cfhdjagepblinkom
9,10,2,11529,DEL_EXPLORED,-1
9,10,0,11530,DEL_EXPLORED,1
9,10,1,11530,POP,1,cfhdjbgepalinkom
9,10,2,11530,DEL_CUTOFF,4
9,10,0,11531,DEL_CUTOFF,-1
9,10,1,11531,PUSH,4,cfhdjbgenpliakom,-4,1
9,10,2,11531,DEL_CUTOFF,-4
9,10,0,11532,DEL_CUTOFF,-4
9,10,1,11532,PUSH,1,cfhdjbgenplikaom,-4,-1,1
9,10,2,11532,POP,1,bchdjflegkainopm
9,10,0,11533,POP,-1,bchdfogejlkinapm
9,10,1,11533,DEL_CUTOFF,1
9,10,2,11533,DEL_EXPLORED,-1
9,10,0,11534,DEL_EXPLORED,-4
9,10,1,11534,DEL_EXPLORED,-1
9,10,2,11534,PUSH,4,bchdjflegokinapm,-4,-1,1
9,10,0,11535,POP,4,bchdfogejlkinpam
9,10,1,11535,DEL_CUTOFF,-4
9,10,2,11535,DEL_CUTOFF,1
9,10,0,11536,PUSH,-4,bchdfoaejlginpkm,-4,4,-1,1
9,10,1,11536,POP,1,cfhdjbgenplikaom
9,10,2,11536,DEL_CUTOFF,-1
9,10,0,11537,PUSH,1,bchdfoeajlginpkm,-4,4,-1
9,10,1,11537,DEL_EXPLORED,-4
9,10,2,11537,DEL_EXPLORED,-4
9,10,0,11538,DEL_EXPLORED,-1
9,10,1,11538,POP,4,cfhdjbgenpliakom
9,10,2,11538,POP,4,bchdjflegokinapm
9,10,0,11539,DEL_CUTOFF,4
9,10,1,11539,DEL_EXPLORED,-4
9,10,2,11539,PUSH,-4,bchdjalegfkinopm,-4,4,-1,1
9,10,0,11540,DEL_CUTOFF,-4
9,10,1,11540,POP,4,cfhdjbgeaplinkom
9,10,2,11540,DEL_CUTOFF,1
9,10,0,11541,POP,1,bchdfoeajlginpkm
9,10,1,11541,PUSH,-4,afhdcbgejplinkom,4,1
9,10,2,11541,DEL_CUTOFF,-1
9,10,0,11542,PUSH,-1,bchdfaoejlginpkm,-4,4,-1,1
9,10,1,11542,PUSH,1,fahdcbgejplinkom,4,-1,1
9,10,2,11542,DEL_EXPLORED,4
9,10,0,11543,DEL_EXPLORED,1
9,10,1,11543,PUSH,1,fhadcbgejplinkom,4,-1,1
9,10,2,11543,DEL_CUTOFF,-4
9,10,0,11544,DEL_CUTOFF,-1
9,10,1,11544,DEL_CUTOFF,1
9,10,2,11544,POP,-4,bchdjalegfkinopm
9,10,0,11545,DEL_CUTOFF,4
9,10,1,11545,DEL_EXPLORED,-1
9,10,2,11545,POP,1,bchdjflegakinopm
9,10,0,11546,DEL_CUTOFF,-4
9,10,1,11546,DEL_CUTOFF,4
9,10,2,11546,PUSH,4,bchdjflengkiaopm,-4,1
9,10,0,11547,POP,-1,bchdfaoejlginpkm
9,10,1,11547,POP,1,fhadcbgejplinkom
9,10,2,11547,PUSH,1,bchdjflengkioapm,-4,-1,1
9,10,0,11548,DEL_EXPLORED,4
9,10,1,11548,DEL_EXPLORED,-1
9,10,2,11548,DEL_CUTOFF,1
9,10,0,11549,PUSH,-4,bcadfohejlginpkm,4,-1,1
9,10,1,11549,PUSH,4,fbhdcagejplinkom,-4,4,-1,1
9,10,2,11549,DEL_EXPLORED,-1
9,10,0,11550,DEL_CUTOFF,1
9,10,1,11550,DEL_CUTOFF,1
9,10,2,11550,DEL_CUTOFF,-4
9,10,0,11551,DEL_CUTOFF,-1
9,10,1,11551,DEL_CUTOFF,-1
9,10,2,11551,POP,1,bchdjflengkioapm
9,10,0,11552,DEL_EXPLORED,4
9,10,1,11552,DEL_CUTOFF,4
9,10,2,11552,DEL_EXPLORED,-4
9,10,0,11553,POP,-4,bcadfohejlginpkm
9,10,1,11553,DEL_EXPLORED,-4
9,10,2,11553,POP,4,bchdjflengkiaopm
9,10,0,11554,POP,-4,bchdfoaejlginpkm
9,10,1,11554,POP,4,fbhdcagejplinkom
9,10,2,11554,DEL_EXPLORED,-4
9,10,0,11555,POP,1,bchdfogejlainpkm
9,10,1,11555,POP,1,fahdcbgejplinkom
9,10,2,11555,POP,4,bchdjfleagkinopm
9,10,0,11556,PUSH,-1,bchdfogeajlinpkm,-4,4,1
9,10,1,11556,DEL_EXPLORED,4
9,10,2,11556,PUSH,-4,achdbflejgkinopm,4,1
9,10,0,11557,DEL_EXPLORED,1
9,10,1,11557,POP,-4,afhdcbgejplinkom
9,10,2,11557,PUSH,1,cahdbflejgkinopm,4,-1,1
9,10,0,11558,PUSH,4,bchdfogenjliapkm,-4,1
9,10,1,11558,POP,-1,cfhdabgejplinkom
9,10,2,11558,PUSH,1,chadbflejgkinopm,4,-1,1
9,10,0,11559,PUSH,1,bchdfogenjlipakm,-4,-1,1
9,10,1,11559,PUSH,4,cfhdbpgejalinkom,-4,4,-1,1
9,10,2,11559,DEL_CUTOFF,1
9,10,0,11560,DEL_CUTOFF,1
9,10,1,11560,PUSH,1,cfhdbpgejlainkom,-4,4,-1,1
9,10,2,11560,DEL_EXPLORED,-1
9,10,0,11561,DEL_EXPLORED,-1
9,10,1,11561,PUSH,1,cfhdbpgejliankom,-4,4,-1
9,10,2,11561,DEL_CUTOFF,4
9,10,0,11562,DEL_CUTOFF,-4
9,10,1,11562,DEL_EXPLORED,-1
9,10,2,11562,POP,1,chadbflejgkinopm
9,10,0,11563,POP,1,bchdfogenjlipakm
9,10,1,11563,PUSH,4,cfhdbpgejlimnkoa,-4,-1
9,10,2,11563,DEL_EXPLORED,-1
9,10,0,11564,DEL_EXPLORED,-4
9,10,1,11564,DEL_CUTOFF,-1
9,10,2,11564,PUSH,4,cfhdbalejgkinopm,-4,4,-1,1
9,10,0,11565,POP,4,bchdfogenjliapkm
9,10,1,11565,DEL_EXPLORED,-4
9,10,2,11565,DEL_CUTOFF,1
9,10,0,11566,PUSH,-4,bchdaogefjlinpkm,-4,4,1
9,10,1,11566,POP,4,cfhdbpgejlimnkoa
9,10,2,11566,DEL_CUTOFF,-1
9,10,0,11567,PUSH,1,bchdoagefjlinpkm,-4,4,-1,1
9,10,1,11567,PUSH,-4,cfhdbpgajlienkom,-4,4,-1
9,10,2,11567,DEL_CUTOFF,4
9,10,0,11568,DEL_CUTOFF,1
9,10,1,11568,DEL_CUTOFF,-1
9,10,2,11568,DEL_EXPLORED,-4
9,10,0,11569,DEL_EXPLORED,-1
9,10,1,11569,DEL_EXPLORED,4
9,10,2,11569,POP,4,cfhdbalejgkinopm
9,10,0,11570,DEL_CUTOFF,4
9,10,1,11570,DEL_CUTOFF,-4
9,10,2,11570,POP,1,cahdbflejgkinopm
9,10,0,11571,DEL_CUTOFF,-4
9,10,1,11571,POP,-4,cfhdbpgajlienkom
9,10,2,11571,DEL_EXPLORED,4
9,10,0,11572,POP,1,bchdoagefjlinpkm
9,10,1,11572,POP,1,cfhdbpgejliankom
9,10,2,11572,POP,-4,achdbflejgkinopm
9,10,0,11573,DEL_EXPLORED,4
9,10,1,11573,DEL_EXPLORED,-1
9,10,2,11573,POP,-1,bchdaflejgkinopm
9,10,0,11574,PUSH,-4,achdbogefjlinpkm,4,1
9,10,1,11574,PUSH,4,cfhdbpgejloinkam,-4,-1,1
9,10,2,11574,DEL_EXPLORED,4
9,10,0,11575,DEL_CUTOFF,1
9,10,1,11575,PUSH,1,cfhdbpgejloinkma,-4,-1
9,10,2,11575,PUSH,-4,bahdfclejgkinopm,4,-1,1
9,10,0,11576,DEL_EXPLORED,4
9,10,1,11576,DEL_EXPLORED,-1
9,10,2,11576,PUSH,1,bhadfclejgkinopm,4,-1,1
9,10,0,11577,POP,-4,achdbogefjlinpkm
9,10,1,11577,DEL_CUTOFF,-4
9,10,2,11577,PUSH,1,bhdafclejgkinopm,4,-1
9,10,0,11578,POP,-4,bchdaogefjlinpkm
9,10,1,11578,POP,1,cfhdbpgejloinkma
9,10,2,11578,DEL_EXPLORED,-1
9,10,0,11579,POP,-1,bchdfogeajlinpkm
9,10,1,11579,PUSH,-1,cfhdbpgejloinakm,-4,-1,1
9,10,2,11579,PUSH,4,bhdefclajgkinopm,-4,4,-1
9,10,0,11580,PUSH,4,bchdfogejplinakm,-4,-1,1
9,10,1,11580,DEL_EXPLORED,1
9,10,2,11580,DEL_CUTOFF,-1
9,10,0,11581,PUSH,1,bchdfogejplinkam,-4,-1,1
9,10,1,11581,DEL_CUTOFF,-1
9,10,2,11581,DEL_CUTOFF,4
9,10,0,11582,PUSH,1,bchdfogejplinkma,-4,-1
9,10,1,11582,DEL_CUTOFF,-4
9,10,2,11582,DEL_EXPLORED,-4
9,10,0,11583,DEL_EXPLORED,-1
9,10,1,11583,POP,-1,cfhdbpgejloinakm
9,10,2,11583,POP,4,bhdefclajgkinopm
9,10,0,11584,DEL_CUTOFF,-4
9,10,1,11584,DEL_EXPLORED,-4
9,10,2,11584,POP,1,bhdafclejgkinopm
9,10,0,11585,POP,1,bchdfogejplinkma
9,10,1,11585,POP,4,cfhdbpgejloinkam
9,10,2,11585,DEL_EXPLORED,-1
9,10,0,11586,DEL_EXPLORED,-1
9,10,1,11586,PUSH,-4,cfhdbpaejlginkom,-4,4,-1,1
9,10,2,11586,PUSH,4,bhldfcaejgkinopm,-4,4,-1,1
9,10,0,11587,PUSH,-4,bchdfogejpainklm,-4,4,-1,1
9,10,1,11587,PUSH,1,cfhdbpeajlginkom,-4,4,-1
9,10,2,11587,PUSH,1,bhldfceajgkinopm,-4,4,-1
9,10,0,11588,DEL_CUTOFF,1
9,10,1,11588,DEL_EXPLORED,-1
9,10,2,11588,DEL_EXPLORED,-1
9,10,0,11589,DEL_CUTOFF,-1
9,10,1,11589,DEL_CUTOFF,4
9,10,2,11589,DEL_CUTOFF,4
9,10,0,11590,DEL_EXPLORED,4
9,10,1,11590,DEL_CUTOFF,-4
9,10,2,11590,DEL_CUTOFF,-4
9,10,0,11591,DEL_CUTOFF,-4
9,10,1,11591,POP,1,cfhdbpeajlginkom
9,10,2,11591,POP,1,bhldfceajgkinopm
9,10,0,11592,POP,-4,bchdfogejpainklm
9,10,1,11592,PUSH,-1,cfhdbapejlginkom,-4,4,-1,1
9,10,2,11592,PUSH,-1,bhldfacejgkinopm,-4,4,-1,1
9,10,0,11593,POP,1,bchdfogejplinkam
9,10,1,11593,DEL_EXPLORED,1
9,10,2,11593,DEL_EXPLORED,1
9,10,0,11594,PUSH,-1,bchdfogejpliankm,-4,1
9,10,1,11594,DEL_CUTOFF,-1
9,10,2,11594,DEL_CUTOFF,-1
9,10,0,11595,DEL_EXPLORED,1
9,10,1,11595,DEL_CUTOFF,4
9,10,2,11595,DEL_CUTOFF,4
9,10,0,11596,PUSH,-4,bchdfogeaplijnkm,-4,4,1
9,10,1,11596,DEL_CUTOFF,-4
9,10,2,11596,DEL_CUTOFF,-4
9,10,0,11597,DEL_CUTOFF,1
9,10,1,11597,POP,-1,cfhdbapejlginkom
9,10,2,11597,POP,-1,bhldfacejgkinopm
9,10,0,11598,DEL_EXPLORED,4
9,10,1,11598,DEL_EXPLORED,4
9,10,2,11598,PUSH,4,bhldfckejgainopm,-4,4,-1,1
9,10,0,11599,DEL_CUTOFF,-4
9,10,1,11599,PUSH,-4,cfadbphejlginkom,4,-1,1
9,10,2,11599,DEL_CUTOFF,1
9,10,0,11600,POP,-4,bchdfogeaplijnkm
9,10,1,11600,DEL_CUTOFF,1
9,10,2,11600,DEL_CUTOFF,-1
9,10,0,11601,POP,-1,bchdfogejpliankm
9,10,1,11601,DEL_CUTOFF,-1
9,10,2,11601,DEL_CUTOFF,4
9,10,0,11602,DEL_EXPLORED,-4
9,10,1,11602,DEL_EXPLORED,4
9,10,2,11602,DEL_EXPLORED,-4
9,10,0,11603,POP,4,bchdfogejplinakm
9,10,1,11603,POP,-4,cfadbphejlginkom
9,10,2,11603,POP,4,bhldfckejgainopm
9,10,0,11604,DEL_EXPLORED,-4
9,10,1,11604,POP,-4,cfhdbpaejlginkom
9,10,2,11604,DEL_EXPLORED,-4
9,10,0,11605,POP,4,bchdfogejalinpkm
9,10,1,11605,POP,1,cfhdbpgejlainkom
9,10,2,11605,POP,4,bhldfcaejgkinopm
9,10,0,11606,PUSH,-4,bahdfcgejolinpkm,4,-1,1
9,10,1,11606,PUSH,-1,cfhdbpgeajlinkom,-4,4,1
9,10,2,11606,POP,1,bhadfclejgkinopm
9,10,0,11607,PUSH,1,bhadfcgejolinpkm,4,-1,1
9,10,1,11607,DEL_EXPLORED,1
9,10,2,11607,PUSH,-1,abhdfclejgkinopm,4,1
9,10,0,11608,PUSH,1,bhdafcgejolinpkm,4,-1
9,10,1,11608,PUSH,4,cfhdbpgenjliakom,-4,1
9,10,2,11608,DEL_EXPLORED,1
9,10,0,11609,DEL_EXPLORED,-1
9,10,1,11609,PUSH,1,cfhdbpgenjlikaom,-4,-1,1
9,10,2,11609,PUSH,4,fbhdaclejgkinopm,-4,4,1
9,10,0,11610,PUSH,4,bhdefcgajolinpkm,-4,4,-1
9,10,1,11610,DEL_CUTOFF,1
9,10,2,11610,PUSH,1,fbhdcalejgkinopm,-4,4,-1,1
9,10,0,11611,DEL_CUTOFF,-1
9,10,1,11611,DEL_EXPLORED,-1
9,10,2,11611,DEL_CUTOFF,1
9,10,0,11612,DEL_CUTOFF,4
9,10,1,11612,DEL_CUTOFF,-4
9,10,2,11612,DEL_EXPLORED,-1
9,10,0,11613,DEL_EXPLORED,-4
9,10,1,11613,POP,1,cfhdbpgenjlikaom
9,10,2,11613,DEL_CUTOFF,4
9,10,0,11614,POP,4,bhdefcgajolinpkm
9,10,1,11614,DEL_EXPLORED,-4
9,10,2,11614,DEL_CUTOFF,-4
9,10,0,11615,POP,1,bhdafcgejolinpkm
9,10,1,11615,POP,4,cfhdbpgenjliakom
9,10,2,11615,POP,1,fbhdcalejgkinopm
9,10,0,11616,DEL_EXPLORED,-1
9,10,1,11616,PUSH,-4,cfhdapgebjlinkom,-4,4,1
9,10,2,11616,PUSH,4,fbhdjcleagkinopm,-4,4,1
9,10,0,11617,PUSH,4,bhgdfcaejolinpkm,-4,4,-1,1
9,10,1,11617,PUSH,1,cfhdpagebjlinkom,-4,4,-1,1
9,10,2,11617,DEL_CUTOFF,1
9,10,0,11618,PUSH,1,bhgdfceajolinpkm,-4,4,-1
9,10,1,11618,DEL_CUTOFF,1
9,10,2,11618,DEL_CUTOFF,4
9,10,0,11619,DEL_EXPLORED,-1
9,10,1,11619,DEL_EXPLORED,-1
9,10,2,11619,DEL_EXPLORED,-4
9,10,0,11620,DEL_CUTOFF,4
9,10,1,11620,DEL_CUTOFF,4
9,10,2,11620,POP,4,fbhdjcleagkinopm
9,10,0,11621,DEL_CUTOFF,-4
9,10,1,11621,DEL_CUTOFF,-4
9,10,2,11621,DEL_EXPLORED,-4
9,10,0,11622,POP,1,bhgdfceajolinpkm
9,10,1,11622,POP,1,cfhdpagebjlinkom
9,10,2,11622,POP,4,fbhdaclejgkinopm
9,10,0,11623,PUSH,-1,bhgdfacejolinpkm,-4,4,-1,1
9,10,1,11623,DEL_EXPLORED,4
9,10,2,11623,POP,-1,abhdfclejgkinopm
9,10,0,11624,DEL_EXPLORED,1
9,10,1,11624,PUSH,-4,afhdcpgebjlinkom,4,1
9,10,2,11624,DEL_EXPLORED,4
9,10,0,11625,DEL_CUTOFF,-1
9,10,1,11625,DEL_CUTOFF,1
9,10,2,11625,POP,-4,bahdfclejgkinopm
9,10,0,11626,DEL_CUTOFF,4
9,10,1,11626,DEL_EXPLORED,4
9,10,2,11626,POP,-4,bchdfalejgkinopm
9,10,0,11627,DEL_CUTOFF,-4
9,10,1,11627,POP,-4,afhdcpgebjlinkom
9,10,2,11627,POP,-1,bchdfglejakinopm
9,10,0,11628,POP,-1,bhgdfacejolinpkm
9,10,1,11628,POP,-4,cfhdapgebjlinkom
9,10,2,11628,DEL_EXPLORED,4
9,10,0,11629,PUSH,4,bhgdfclejoainpkm,-4,4,-1,1
9,10,1,11629,POP,-1,cfhdbpgeajlinkom
9,10,2,11629,PUSH,-4,bchdfgaejklinopm,-4,4,-1,1
9,10,0,11630,DEL_CUTOFF,1
9,10,1,11630,PUSH,4,cfhdbpgejklinaom,-4,-1,1
9,10,2,11630,PUSH,1,bchdfgeajklinopm,-4,4,-1
9,10,0,11631,DEL_CUTOFF,-1
9,10,1,11631,PUSH,1,cfhdbpgejklinoam,-4,-1,1
9,10,2,11631,DEL_EXPLORED,-1
9,10,0,11632,DEL_CUTOFF,4
9,10,1,11632,PUSH,1,cfhdbpgejklinoma,-4,-1
9,10,2,11632,PUSH,4,bchdfgeijklanopm,-4,4,-1
9,10,0,11633,DEL_EXPLORED,-4
9,10,1,11633,DEL_EXPLORED,-1
9,10,2,11633,PUSH,-1,bchdfgeijkalnopm,-4,4,-1,1
9,10,0,11634,POP,4,bhgdfclejoainpkm
9,10,1,11634,DEL_CUTOFF,-4
9,10,2,11634,DEL_EXPLORED,1
9,10,0,11635,DEL_EXPLORED,-4
9,10,1,11635,POP,1,cfhdbpgejklinoma
9,10,2,11635,PUSH,-1,bchdfgeijaklnopm,-4,4,-1,1
9,10,0,11636,POP,4,bhgdfcaejolinpkm
9,10,1,11636,DEL_EXPLORED,-1
9,10,2,11636,DEL_EXPLORED,1
9,10,0,11637,POP,1,bhadfcgejolinpkm
9,10,1,11637,PUSH,-4,cfhdbpgejkainolm,-4,4,-1,1
9,10,2,11637,PUSH,-1,bchdfgeiajklnopm,-4,4,1
9,10,0,11638,PUSH,-1,abhdfcgejolinpkm,4,1
9,10,1,11638,DEL_CUTOFF,1
9,10,2,11638,DEL_EXPLORED,1
9,10,0,11639,DEL_EXPLORED,1
9,10,1,11639,DEL_CUTOFF,-1
9,10,2,11639,DEL_CUTOFF,4
9,10,0,11640,PUSH,4,fbhdacgejolinpkm,-4,4,1
9,10,1,11640,DEL_EXPLORED,4
9,10,2,11640,DEL_CUTOFF,-4
9,10,0,11641,PUSH,1,fbhdcagejolinpkm,-4,4,-1,1
9,10,1,11641,DEL_CUTOFF,-4
9,10,2,11641,POP,-1,bchdfgeiajklnopm
9,10,0,11642,DEL_CUTOFF,1
9,10,1,11642,POP,-4,cfhdbpgejkainolm
9,10,2,11642,PUSH,4,bchdfgeijoklnapm,-4,-1,1
9,10,0,11643,DEL_EXPLORED,-1
9,10,1,11643,POP,1,cfhdbpgejklinoam
9,10,2,11643,DEL_CUTOFF,1
9,10,0,11644,DEL_CUTOFF,4
9,10,1,11644,PUSH,-1,cfhdbpgejklianom,-4,1
9,10,2,11644,DEL_CUTOFF,-1
9,10,0,11645,DEL_CUTOFF,-4
9,10,1,11645,DEL_EXPLORED,1
9,10,2,11645,DEL_EXPLORED,-4
9,10,0,11646,POP,1,fbhdcagejolinpkm
9,10,1,11646,PUSH,-4,cfhdbpgeaklijnom,-4,4,1
9,10,2,11646,POP,4,bchdfgeijoklnapm
9,10,0,11647,PUSH,4,fbhdjcgeaolinpkm,-4,4,1
9,10,1,11647,DEL_CUTOFF,1
9,10,2,11647,PUSH,-4,bchdfaeijgklnopm,-4,4,-1,1
9,10,0,11648,DEL_CUTOFF,1
9,10,1,11648,DEL_EXPLORED,4
9,10,2,11648,DEL_CUTOFF,1
9,10,0,11649,DEL_CUTOFF,4
9,10,1,11649,DEL_CUTOFF,-4
9,10,2,11649,DEL_CUTOFF,-1
9,10,0,11650,DEL_EXPLORED,-4
9,10,1,11650,POP,-4,cfhdbpgeaklijnom
9,10,2,11650,DEL_EXPLORED,4
9,10,0,11651,POP,4,fbhdjcgeaolinpkm
9,10,1,11651,POP,-1,cfhdbpgejklianom
9,10,2,11651,DEL_CUTOFF,-4
9,10,0,11652,DEL_EXPLORED,-4
9,10,1,11652,DEL_EXPLORED,-4
9,10,2,11652,POP,-4,bchdfaeijgklnopm
9,10,0,11653,POP,4,fbhdacgejolinpkm
9,10,1,11653,POP,4,cfhdbpgejklinaom
9,10,2,11653,POP,-1,bchdfgeijaklnopm
9,10,0,11654,POP,-1,abhdfcgejolinpkm
9,10,1,11654,DEL_EXPLORED,-4
9,10,2,11654,PUSH,4,bchdfgeijkplnoam,-4,-1,1
9,10,0,11655,DEL_EXPLORED,4
9,10,1,11655,POP,4,cfhdbpgejalinkom
9,10,2,11655,PUSH,1,bchdfgeijkplnoma,-4,-1
9,10,0,11656,POP,-4,bahdfcgejolinpkm
9,10,1,11656,DEL_EXPLORED,-4
9,10,2,11656,DEL_EXPLORED,-1
9,10,0,11657,POP,-1,bchdfagejolinpkm
9,10,1,11657,POP,4,cfhdbagejplinkom
9,10,2,11657,DEL_CUTOFF,-4
9,10,0,11658,DEL_EXPLORED,4
9,10,1,11658,POP,1,cahdbfgejplinkom
9,10,2,11658,POP,1,bchdfgeijkplnoma
9,10,0,11659,PUSH,-4,bcadfghejolinpkm,4,-1,1
9,10,1,11659,DEL_EXPLORED,4
9,10,2,11659,PUSH,-1,bchdfgeijkplnaom,-4,-1,1
9,10,0,11660,PUSH,1,bcdafghejolinpkm,4,-1
9,10,1,11660,POP,-4,achdbfgejplinkom
9,10,2,11660,DEL_EXPLORED,1
9,10,0,11661,DEL_EXPLORED,-1
9,10,1,11661,POP,-1,bchdafgejplinkom
9,10,2,11661,DEL_CUTOFF,-1
9,10,0,11662,PUSH,4,bcdefghajolinpkm,-4,4,-1
9,10,1,11662,PUSH,4,bchdfpgejalinkom,-4,4,-1,1
9,10,2,11662,DEL_CUTOFF,-4
9,10,0,11663,PUSH,-1,bcdefgahjolinpkm,-4,4,-1,1
9,10,1,11663,PUSH,1,bchdfpgejlainkom,-4,4,-1,1
9,10,2,11663,POP,-1,bchdfgeijkplnaom
9,10,0,11664,DEL_EXPLORED,1
9,10,1,11664,PUSH,1,bchdfpgejliankom,-4,4,-1
9,10,2,11664,DEL_EXPLORED,-4
9,10,0,11665,PUSH,-1,bcdefaghjolinpkm,-4,4,-1,1
9,10,1,11665,DEL_EXPLORED,-1
9,10,2,11665,POP,4,bchdfgeijkplnoam
9,10,0,11666,DEL_EXPLORED,1
9,10,1,11666,PUSH,4,bchdfpgejlimnkoa,-4,-1
9,10,2,11666,PUSH,-4,bchdfgaijkelnopm,-4,4,-1,1
9,10,0,11667,DEL_CUTOFF,-1
9,10,1,11667,PUSH,-1,bchdfpgejlimnkao,-4,-1,1
9,10,2,11667,PUSH,1,bchdfgiajkelnopm,-4,4,-1
9,10,0,11668,DEL_CUTOFF,4
9,10,1,11668,DEL_EXPLORED,1
9,10,2,11668,DEL_EXPLORED,-1
9,10,0,11669,DEL_CUTOFF,-4
9,10,1,11669,PUSH,-1,bchdfpgejlimnako,-4,-1,1
9,10,2,11669,DEL_CUTOFF,4
9,10,0,11670,POP,-1,bcdefaghjolinpkm
9,10,1,11670,DEL_EXPLORED,1
9,10,2,11670,DEL_CUTOFF,-4
9,10,0,11671,PUSH,4,bcdefglhjoainpkm,-4,4,-1,1
9,10,1,11671,PUSH,-1,bchdfpgejlimanko,-4,1
9,10,2,11671,POP,1,bchdfgiajkelnopm
9,10,0,11672,DEL_CUTOFF,1
9,10,1,11672,DEL_EXPLORED,1
9,10,2,11672,PUSH,-1,bchdfagijkelnopm,-4,4,-1,1
9,10,0,11673,DEL_CUTOFF,-1
9,10,1,11673,PUSH,-4,bchdfpgealimjnko,-4,4,1
9,10,2,11673,DEL_EXPLORED,1
9,10,0,11674,DEL_CUTOFF,4
9,10,1,11674,DEL_CUTOFF,1
9,10,2,11674,DEL_CUTOFF,-1
9,10,0,11675,DEL_EXPLORED,-4
9,10,1,11675,DEL_EXPLORED,4
9,10,2,11675,DEL_CUTOFF,4
9,10,0,11676,POP,4,bcdefglhjoainpkm
9,10,1,11676,DEL_CUTOFF,-4
9,10,2,11676,DEL_CUTOFF,-4
9,10,0,11677,PUSH,-4,bcaefgdhjolinpkm,4,-1,1
9,10,1,11677,POP,-4,bchdfpgealimjnko
9,10,2,11677,POP,-1,bchdfagijkelnopm
9,10,0,11678,DEL_CUTOFF,1
9,10,1,11678,POP,-1,bchdfpgejlimanko
9,10,2,11678,DEL_EXPLORED,4
9,10,0,11679,DEL_CUTOFF,-1
9,10,1,11679,PUSH,-4,bchdfpgejaimnlko,-4,4,-1,1
9,10,2,11679,PUSH,-4,bcadfghijkelnopm,4,-1,1
9,10,0,11680,DEL_EXPLORED,4
9,10,1,11680,PUSH,1,bchdfpgejiamnlko,-4,4,-1,1
9,10,2,11680,DEL_CUTOFF,1
9,10,0,11681,POP,-4,bcaefgdhjolinpkm
9,10,1,11681,DEL_CUTOFF,1
9,10,2,11681,DEL_CUTOFF,-1
9,10,0,11682,POP,-1,bcdefgahjolinpkm
9,10,1,11682,DEL_EXPLORED,-1
9,10,2,11682,DEL_EXPLORED,4
9,10,0,11683,PUSH,4,bcdefghijolanpkm,-4,4,-1
9,10,1,11683,DEL_CUTOFF,4
9,10,2,11683,POP,-4,bcadfghijkelnopm
9,10,0,11684,PUSH,-1,bcdefghijoalnpkm,-4,4,-1,1
9,10,1,11684,DEL_CUTOFF,-4
9,10,2,11684,POP,-4,bchdfgaijkelnopm
9,10,0,11685,DEL_EXPLORED,1
9,10,1,11685,POP,1,bchdfpgejiamnlko
9,10,2,11685,POP,-1,bchdfgeijkalnopm
9,10,0,11686,DEL_CUTOFF,-1
9,10,1,11686,PUSH,-1,bchdfpgeajimnlko,-4,4,1
9,10,2,11686,PUSH,4,bchdfgeijklmnopa,-4,-1
9,10,0,11687,DEL_CUTOFF,4
9,10,1,11687,DEL_EXPLORED,1
9,10,2,11687,PUSH,-1,bchdfgeijklmnoap,-4,-1,1
9,10,0,11688,DEL_CUTOFF,-4
9,10,1,11688,DEL_CUTOFF,4
9,10,2,11688,DEL_EXPLORED,1
9,10,0,11689,POP,-1,bcdefghijoalnpkm
9,10,1,11689,DEL_CUTOFF,-4
9,10,2,11689,PUSH,-1,bchdfgeijklmnaop,-4,-1,1
9,10,0,11690,PUSH,4,bcdefghijolmnpka,-4,-1
9,10,1,11690,POP,-1,bchdfpgeajimnlko
9,10,2,11690,DEL_EXPLORED,1
9,10,0,11691,DEL_CUTOFF,-1
9,10,1,11691,DEL_EXPLORED,4
9,10,2,11691,DEL_CUTOFF,-1
9,10,0,11692,DEL_EXPLORED,-4
9,10,1,11692,PUSH,-4,bchdfagejpimnlko,-4,4,-1,1
9,10,2,11692,DEL_CUTOFF,-4
9,10,0,11693,POP,4,bcdefghijolmnpka
9,10,1,11693,DEL_CUTOFF,1
9,10,2,11693,POP,-1,bchdfgeijklmnaop
9,10,0,11694,DEL_EXPLORED,-4
9,10,1,11694,DEL_CUTOFF,-1
9,10,2,11694,PUSH,-4,bchdfgeijkamnolp,-4,4,-1,1
9,10,0,11695,POP,4,bcdefghijolanpkm
9,10,1,11695,DEL_EXPLORED,4
9,10,2,11695,DEL_CUTOFF,1
9,10,0,11696,DEL_EXPLORED,-4
9,10,1,11696,DEL_CUTOFF,-4
9,10,2,11696,DEL_CUTOFF,-1
9,10,0,11697,POP,4,bcdefghajolinpkm
9,10,1,11697,POP,-4,bchdfagejpimnlko
9,10,2,11697,DEL_EXPLORED,4
9,10,0,11698,POP,1,bcdafghejolinpkm
9,10,1,11698,POP,-4,bchdfpgejaimnlko
9,10,2,11698,DEL_CUTOFF,-4
9,10,0,11699,PUSH,-1,bacdfghejolinpkm,4,-1,1
9,10,1,11699,POP,-1,bchdfpgejlimnako
9,10,2,11699,POP,-4,bchdfgeijkamnolp
9,10,0,11700,DEL_EXPLORED,1
9,10,1,11700,PUSH,-4,bchdfpgejlamnkio,-4,4,-1,1
9,10,2,11700,POP,-1,bchdfgeijklmnoap
9,10,0,11701,PUSH,-1,abcdfghejolinpkm,4,1
9,10,1,11701,PUSH,1,bchdfpgejlmankio,-4,4,-1
9,10,2,11701,DEL_EXPLORED,-4
9,10,0,11702,DEL_EXPLORED,1
9,10,1,11702,DEL_EXPLORED,-1
9,10,2,11702,POP,4,bchdfgeijklmnopa
9,10,0,11703,PUSH,4,fbcdaghejolinpkm,-4,4,1
9,10,1,11703,PUSH,4,bchdfpgejlmonkia,-4,-1
9,10,2,11703,DEL_EXPLORED,-4
9,10,0,11704,PUSH,1,fbcdgahejolinpkm,-4,4,-1,1
9,10,1,11704,DEL_CUTOFF,-1
9,10,2,11704,POP,4,bchdfgeijklanopm
9,10,0,11705,DEL_CUTOFF,1
9,10,1,11705,DEL_EXPLORED,-4
9,10,2,11705,PUSH,-4,bchafgedjklinopm,4,-1
9,10,0,11706,DEL_EXPLORED,-1
9,10,1,11706,POP,4,bchdfpgejlmonkia
9,10,2,11706,PUSH,-1,bcahfgedjklinopm,4,-1,1
9,10,0,11707,DEL_CUTOFF,4
9,10,1,11707,PUSH,-4,bchdfpgajlmenkio,-4,4,-1
9,10,2,11707,DEL_EXPLORED,1
9,10,0,11708,DEL_CUTOFF,-4
9,10,1,11708,DEL_CUTOFF,-1
9,10,2,11708,PUSH,-1,bachfgedjklinopm,4,-1,1
9,10,0,11709,POP,1,fbcdgahejolinpkm
9,10,1,11709,DEL_EXPLORED,4
9,10,2,11709,DEL_EXPLORED,1
9,10,0,11710,PUSH,4,fbcdjgheaolinpkm,-4,4,1
9,10,1,11710,DEL_CUTOFF,-4
9,10,2,11710,PUSH,-1,abchfgedjklinopm,4,1
9,10,0,11711,DEL_CUTOFF,1
9,10,1,11711,POP,-4,bchdfpgajlmenkio
9,10,2,11711,DEL_EXPLORED,1
9,10,0,11712,DEL_CUTOFF,4
9,10,1,11712,POP,1,bchdfpgejlmankio
9,10,2,11712,DEL_CUTOFF,4
9,10,0,11713,DEL_EXPLORED,-4
9,10,1,11713,PUSH,-1,bchdfpgejalmnkio,-4,4,-1,1
9,10,2,11713,POP,-1,abchfgedjklinopm
9,10,0,11714,POP,4,fbcdjgheaolinpkm
9,10,1,11714,DEL_EXPLORED,1
9,10,2,11714,PUSH,4,bgchfaedjklinopm,-4,4,-1,1
9,10,0,11715,DEL_EXPLORED,-4
9,10,1,11715,PUSH,-1,bchdfpgeajlmnkio,-4,4,1
9,10,2,11715,DEL_CUTOFF,1
9,10,0,11716,POP,4,fbcdaghejolinpkm
9,10,1,11716,DEL_EXPLORED,1
9,10,2,11716,DEL_CUTOFF,-1
9,10,0,11717,POP,-1,abcdfghejolinpkm
9,10,1,11717,DEL_CUTOFF,4
9,10,2,11717,DEL_CUTOFF,4
9,10,0,11718,PUSH,4,bgcdfahejolinpkm,-4,4,-1,1
9,10,1,11718,DEL_CUTOFF,-4
9,10,2,11718,DEL_EXPLORED,-4
9,10,0,11719,PUSH,1,bgcdfhaejolinpkm,-4,4,-1,1
9,10,1,11719,POP,-1,bchdfpgeajlmnkio
9,10,2,11719,POP,4,bgchfaedjklinopm
9,10,0,11720,PUSH,1,bgcdfheajolinpkm,-4,4,-1
9,10,1,11720,PUSH,4,bchdfpgejklmnaio,-4,-1,1
9,10,2,11720,POP,-1,bachfgedjklinopm
9,10,0,11721,DEL_EXPLORED,-1
9,10,1,11721,DEL_CUTOFF,1
9,10,2,11721,PUSH,4,bcehfgadjklinopm,-4,4,-1,1
9,10,0,11722,DEL_CUTOFF,4
9,10,1,11722,DEL_CUTOFF,-1
9,10,2,11722,PUSH,1,bcehfgdajklinopm,-4,4,-1
9,10,0,11723,DEL_CUTOFF,-4
9,10,1,11723,DEL_EXPLORED,-4
9,10,2,11723,DEL_EXPLORED,-1
9,10,0,11724,POP,1,bgcdfheajolinpkm
9,10,1,11724,POP,4,bchdfpgejklmnaio
9,10,2,11724,DEL_CUTOFF,4
9,10,0,11725,DEL_EXPLORED,-1
9,10,1,11725,PUSH,-4,bchdfagejplmnkio,-4,4,-1,1
9,10,2,11725,DEL_CUTOFF,-4
9,10,0,11726,PUSH,4,bgcdfhlejoainpkm,-4,4,-1,1
9,10,1,11726,DEL_CUTOFF,1
9,10,2,11726,POP,1,bcehfgdajklinopm
9,10,0,11727,DEL_CUTOFF,1
9,10,1,11727,DEL_CUTOFF,-1
9,10,2,11727,PUSH,-1,bcehfagdjklinopm,-4,4,-1,1
9,10,0,11728,DEL_CUTOFF,-1
9,10,1,11728,DEL_EXPLORED,4
9,10,2,11728,DEL_EXPLORED,1
9,10,0,11729,DEL_CUTOFF,4
9,10,1,11729,DEL_CUTOFF,-4
9,10,2,11729,DEL_CUTOFF,-1
9,10,0,11730,DEL_EXPLORED,-4
9,10,1,11730,POP,-4,bchdfagejplmnkio
9,10,2,11730,DEL_CUTOFF,4
9,10,0,11731,POP,4,bgcdfhlejoainpkm
9,10,1,11731,POP,-1,bchdfpgejalmnkio
9,10,2,11731,DEL_CUTOFF,-4
9,10,0,11732,PUSH,-4,bgadfhcejolinpkm,4,-1,1
9,10,1,11732,DEL_EXPLORED,4
9,10,2,11732,POP,-1,bcehfagdjklinopm
9,10,0,11733,DEL_CUTOFF,1
9,10,1,11733,PUSH,-4,bchdfpaejlgmnkio,-4,4,-1,1
9,10,2,11733,PUSH,4,bcehfgldjkainopm,-4,4,-1,1
9,10,0,11734,DEL_CUTOFF,-1
9,10,1,11734,PUSH,1,bchdfpeajlgmnkio,-4,4,-1
9,10,2,11734,DEL_CUTOFF,1
9,10,0,11735,DEL_EXPLORED,4
9,10,1,11735,DEL_EXPLORED,-1
9,10,2,11735,DEL_CUTOFF,-1
9,10,0,11736,POP,-4,bgadfhcejolinpkm
9,10,1,11736,DEL_CUTOFF,4
9,10,2,11736,DEL_CUTOFF,4
9,10,0,11737,POP,1,bgcdfhaejolinpkm
9,10,1,11737,DEL_CUTOFF,-4
9,10,2,11737,DEL_EXPLORED,-4
9,10,0,11738,PUSH,-1,bgcdafhejolinpkm,-4,4,1
9,10,1,11738,POP,1,bchdfpeajlgmnkio
9,10,2,11738,POP,4,bcehfgldjkainopm
9,10,0,11739,DEL_EXPLORED,1
9,10,1,11739,PUSH,-1,bchdfapejlgmnkio,-4,4,-1,1
9,10,2,11739,DEL_EXPLORED,-4
9,10,0,11740,PUSH,4,bgcdjfheaolinpkm,-4,4,1
9,10,1,11740,DEL_EXPLORED,1
9,10,2,11740,POP,4,bcehfgadjklinopm
9,10,0,11741,DEL_CUTOFF,1
9,10,1,11741,DEL_CUTOFF,-1
9,10,2,11741,POP,-1,bcahfgedjklinopm
9,10,0,11742,DEL_CUTOFF,4
9,10,1,11742,DEL_CUTOFF,4
9,10,2,11742,DEL_EXPLORED,4
9,10,0,11743,DEL_EXPLORED,-4
9,10,1,11743,DEL_CUTOFF,-4
9,10,2,11743,POP,-4,bchafgedjklinopm
9,10,0,11744,POP,4,bgcdjfheaolinpkm
9,10,1,11744,POP,-1,bchdfapejlgmnkio
9,10,2,11744,POP,1,bchdfgeajklinopm
9,10,0,11745,PUSH,-4,agcdbfhejolinpkm,4,1
9,10,1,11745,DEL_EXPLORED,4
9,10,2,11745,PUSH,-1,bchdfagejklinopm,-4,4,-1,1
9,10,0,11746,DEL_CUTOFF,1
9,10,1,11746,PUSH,-4,bcadfphejlgmnkio,4,-1,1
9,10,2,11746,DEL_EXPLORED,1
9,10,0,11747,DEL_EXPLORED,4
9,10,1,11747,DEL_CUTOFF,1
9,10,2,11747,PUSH,-1,bchdafgejklinopm,-4,4,1
9,10,0,11748,POP,-4,agcdbfhejolinpkm
9,10,1,11748,DEL_CUTOFF,-1
9,10,2,11748,DEL_EXPLORED,1
9,10,0,11749,POP,-1,bgcdafhejolinpkm
9,10,1,11749,DEL_EXPLORED,4
9,10,2,11749,PUSH,4,bchdjfgeaklinopm,-4,4,1
9,10,0,11750,PUSH,4,bgcdfohejalinpkm,-4,4,-1,1
9,10,1,11750,POP,-4,bcadfphejlgmnkio
9,10,2,11750,PUSH,1,bchdjfgekalinopm,-4,4,-1,1
9,10,0,11751,PUSH,1,bgcdfohejlainpkm,-4,4,-1,1
9,10,1,11751,POP,-4,bchdfpaejlgmnkio
9,10,2,11751,PUSH,1,bchdjfgeklainopm,-4,4,-1,1
9,10,0,11752,DEL_CUTOFF,1
9,10,1,11752,POP,-4,bchdfpgejlamnkio
9,10,2,11752,DEL_CUTOFF,1
9,10,0,11753,DEL_EXPLORED,-1
9,10,1,11753,POP,-1,bchdfpgejlimnkao
9,10,2,11753,DEL_EXPLORED,-1
9,10,0,11754,DEL_CUTOFF,4
9,10,1,11754,DEL_EXPLORED,-4
9,10,2,11754,DEL_CUTOFF,4
9,10,0,11755,DEL_CUTOFF,-4
9,10,1,11755,POP,4,bchdfpgejlimnkoa
9,10,2,11755,DEL_CUTOFF,-4
9,10,0,11756,POP,1,bgcdfohejlainpkm
9,10,1,11756,PUSH,-4,bchdfpgajlienkom,-4,4,-1
9,10,2,11756,POP,1,bchdjfgeklainopm
9,10,0,11757,PUSH,-1,bgcdfoheajlinpkm,-4,4,1
9,10,1,11757,PUSH,-1,bchdfpagjlienkom,-4,4,-1,1
9,10,2,11757,DEL_EXPLORED,-1
9,10,0,11758,DEL_EXPLORED,1
9,10,1,11758,DEL_EXPLORED,1
9,10,2,11758,PUSH,4,bchdjfgekolinapm,-4,-1,1
9,10,0,11759,DEL_CUTOFF,4
9,10,1,11759,PUSH,-1,bchdfapgjlienkom,-4,4,-1,1
9,10,2,11759,DEL_CUTOFF,1
9,10,0,11760,DEL_CUTOFF,-4
9,10,1,11760,DEL_EXPLORED,1
9,10,2,11760,DEL_CUTOFF,-1
9,10,0,11761,POP,-1,bgcdfoheajlinpkm
9,10,1,11761,PUSH,-1,bchdafpgjlienkom,-4,4,1
9,10,2,11761,DEL_EXPLORED,-4
9,10,0,11762,PUSH,4,bgcdfohejplinakm,-4,-1,1
9,10,1,11762,DEL_EXPLORED,1
9,10,2,11762,POP,4,bchdjfgekolinapm
9,10,0,11763,DEL_CUTOFF,1
9,10,1,11763,PUSH,4,bchdjfpgalienkom,-4,4,1
9,10,2,11763,PUSH,-4,bchdjagekflinopm,-4,4,-1,1
9,10,0,11764,DEL_CUTOFF,-1
9,10,1,11764,DEL_CUTOFF,1
9,10,2,11764,DEL_CUTOFF,1
9,10,0,11765,DEL_EXPLORED,-4
9,10,1,11765,DEL_CUTOFF,4
9,10,2,11765,DEL_CUTOFF,-1
9,10,0,11766,POP,4,bgcdfohejplinakm
9,10,1,11766,DEL_EXPLORED,-4
9,10,2,11766,DEL_EXPLORED,4
9,10,0,11767,DEL_EXPLORED,-4
9,10,1,11767,POP,4,bchdjfpgalienkom
9,10,2,11767,DEL_CUTOFF,-4
9,10,0,11768,POP,4,bgcdfohejalinpkm
9,10,1,11768,PUSH,-4,achdbfpgjlienkom,4,1
9,10,2,11768,POP,-4,bchdjagekflinopm
9,10,0,11769,DEL_EXPLORED,-4
9,10,1,11769,DEL_CUTOFF,1
9,10,2,11769,POP,1,bchdjfgekalinopm
9,10,0,11770,POP,4,bgcdfahejolinpkm
9,10,1,11770,DEL_EXPLORED,4
9,10,2,11770,PUSH,4,bchdjfgenkliaopm,-4,1
9,10,0,11771,POP,-1,bacdfghejolinpkm
9,10,1,11771,POP,-4,achdbfpgjlienkom
9,10,2,11771,PUSH,1,bchdjfgenklioapm,-4,-1,1
9,10,0,11772,DEL_EXPLORED,4
9,10,1,11772,POP,-1,bchdafpgjlienkom
9,10,2,11772,DEL_CUTOFF,1
9,10,0,11773,POP,-4,bcadfghejolinpkm
9,10,1,11773,PUSH,4,bchdflpgjaienkom,-4,4,-1,1
9,10,2,11773,DEL_EXPLORED,-1
9,10,0,11774,POP,-4,bchdfgaejolinpkm
9,10,1,11774,PUSH,1,bchdflpgjiaenkom,-4,4,-1,1
9,10,2,11774,DEL_CUTOFF,-4
9,10,0,11775,POP,1,bchdfglejoainpkm
9,10,1,11775,DEL_CUTOFF,1
9,10,2,11775,POP,1,bchdjfgenklioapm
9,10,0,11776,PUSH,-1,bchdfgleajoinpkm,-4,4,1
9,10,1,11776,DEL_EXPLORED,-1
9,10,2,11776,DEL_EXPLORED,-4
9,10,0,11777,DEL_EXPLORED,1
9,10,1,11777,DEL_CUTOFF,4
9,10,2,11777,POP,4,bchdjfgenkliaopm
9,10,0,11778,PUSH,4,bchdfglenjoiapkm,-4,1
9,10,1,11778,DEL_CUTOFF,-4
9,10,2,11778,DEL_EXPLORED,-4
9,10,0,11779,PUSH,1,bchdfglenjoipakm,-4,-1,1
9,10,1,11779,POP,1,bchdflpgjiaenkom
9,10,2,11779,POP,4,bchdjfgeaklinopm
9,10,0,11780,PUSH,1,bchdfglenjoipkam,-4,-1,1
9,10,1,11780,PUSH,-1,bchdflpgajienkom,-4,4,1
9,10,2,11780,PUSH,-4,achdbfgejklinopm,4,1
9,10,0,11781,PUSH,1,bchdfglenjoipkma,-4,-1
9,10,1,11781,DEL_EXPLORED,1
9,10,2,11781,PUSH,1,cahdbfgejklinopm,4,-1,1
9,10,0,11782,DEL_EXPLORED,-1
9,10,1,11782,DEL_CUTOFF,4
9,10,2,11782,PUSH,1,chadbfgejklinopm,4,-1,1
9,10,0,11783,PUSH,-4,bchdfglenjoapkmi,-4,4,-1
9,10,1,11783,DEL_CUTOFF,-4
9,10,2,11783,DEL_CUTOFF,1
9,10,0,11784,PUSH,-1,bchdfglenjaopkmi,-4,4,-1,1
9,10,1,11784,POP,-1,bchdflpgajienkom
9,10,2,11784,DEL_EXPLORED,-1
9,10,0,11785,DEL_EXPLORED,1
9,10,1,11785,PUSH,4,bchdflpgjkienaom,-4,-1,1
9,10,2,11785,DEL_CUTOFF,4
9,10,0,11786,DEL_CUTOFF,-1
9,10,1,11786,DEL_CUTOFF,1
9,10,2,11786,POP,1,chadbfgejklinopm
9,10,0,11787,DEL_CUTOFF,4
9,10,1,11787,DEL_CUTOFF,-1
9,10,2,11787,DEL_EXPLORED,-1
9,10,0,11788,DEL_CUTOFF,-4
9,10,1,11788,DEL_EXPLORED,-4
9,10,2,11788,PUSH,4,cfhdbagejklinopm,-4,4,-1,1
9,10,0,11789,POP,-1,bchdfglenjaopkmi
9,10,1,11789,POP,4,bchdflpgjkienaom
9,10,2,11789,DEL_CUTOFF,1
9,10,0,11790,DEL_EXPLORED,4
9,10,1,11790,DEL_EXPLORED,-4
9,10,2,11790,DEL_CUTOFF,-1
9,10,0,11791,PUSH,-4,bchdfglanjoepkmi,-4,4,-1
9,10,1,11791,POP,4,bchdflpgjaienkom
9,10,2,11791,DEL_CUTOFF,4
9,10,0,11792,DEL_CUTOFF,-1
9,10,1,11792,PUSH,-4,bahdfcpgjlienkom,4,-1,1
9,10,2,11792,DEL_EXPLORED,-4
9,10,0,11793,DEL_EXPLORED,4
9,10,1,11793,PUSH,1,bhadfcpgjlienkom,4,-1,1
9,10,2,11793,POP,4,cfhdbagejklinopm
9,10,0,11794,DEL_CUTOFF,-4
9,10,1,11794,DEL_CUTOFF,1
9,10,2,11794,POP,1,cahdbfgejklinopm
9,10,0,11795,POP,-4,bchdfglanjoepkmi
9,10,1,11795,DEL_EXPLORED,-1
9,10,2,11795,DEL_EXPLORED,4
9,10,0,11796,POP,-4,bchdfglenjoapkmi
9,10,1,11796,DEL_CUTOFF,4
9,10,2,11796,POP,-4,achdbfgejklinopm
9,10,0,11797,POP,1,bchdfglenjoipkma
9,10,1,11797,POP,1,bhadfcpgjlienkom
9,10,2,11797,POP,-1,bchdafgejklinopm
9,10,0,11798,DEL_EXPLORED,-1
9,10,1,11798,PUSH,-1,abhdfcpgjlienkom,4,1
9,10,2,11798,PUSH,4,bchdfkgejalinopm,-4,4,-1,1
9,10,0,11799,PUSH,-4,bchdfglenjaipkom,-4,4,-1,1
9,10,1,11799,DEL_EXPLORED,1
9,10,2,11799,PUSH,1,bchdfkgejlainopm,-4,4,-1,1
9,10,0,11800,PUSH,1,bchdfglenjiapkom,-4,4,-1
9,10,1,11800,DEL_CUTOFF,4
9,10,2,11800,PUSH,1,bchdfkgejlianopm,-4,4,-1
9,10,0,11801,DEL_EXPLORED,-1
9,10,1,11801,POP,-1,abhdfcpgjlienkom
9,10,2,11801,DEL_EXPLORED,-1
9,10,0,11802,PUSH,4,bchdfglenjimpkoa,-4,-1
9,10,1,11802,DEL_EXPLORED,4
9,10,2,11802,PUSH,4,bchdfkgejlimnopa,-4,-1
9,10,0,11803,DEL_CUTOFF,-1
9,10,1,11803,POP,-4,bahdfcpgjlienkom
9,10,2,11803,DEL_CUTOFF,-1
9,10,0,11804,DEL_EXPLORED,-4
9,10,1,11804,POP,-1,bchdfapgjlienkom
9,10,2,11804,DEL_EXPLORED,-4
9,10,0,11805,POP,4,bchdfglenjimpkoa
9,10,1,11805,PUSH,4,bchdfpigjlaenkom,-4,4,-1,1
9,10,2,11805,POP,4,bchdfkgejlimnopa
9,10,0,11806,PUSH,-4,bchdfglanjiepkom,-4,4,-1
9,10,1,11806,PUSH,1,bchdfpigjleankom,-4,4,-1
9,10,2,11806,PUSH,-4,bchdfkgajlienopm,-4,4,-1
9,10,0,11807,DEL_CUTOFF,-1
9,10,1,11807,DEL_EXPLORED,-1
9,10,2,11807,DEL_CUTOFF,-1
9,10,0,11808,DEL_EXPLORED,4
9,10,1,11808,PUSH,4,bchdfpigjlemnkoa,-4,-1
9,10,2,11808,DEL_EXPLORED,4
9,10,0,11809,DEL_CUTOFF,-4
9,10,1,11809,DEL_CUTOFF,-1
9,10,2,11809,DEL_CUTOFF,-4
9,10,0,11810,POP,-4,bchdfglanjiepkom
9,10,1,11810,DEL_EXPLORED,-4
9,10,2,11810,POP,-4,bchdfkgajlienopm
9,10,0,11811,POP,1,bchdfglenjiapkom
9,10,1,11811,POP,4,bchdfpigjlemnkoa
9,10,2,11811,POP,1,bchdfkgejlianopm
9,10,0,11812,PUSH,-1,bchdfglenajipkom,-4,4,-1,1
9,10,1,11812,PUSH,-4,bchdfpiajlegnkom,-4,4,-1
9,10,2,11812,DEL_EXPLORED,-1
9,10,0,11813,DEL_EXPLORED,1
9,10,1,11813,DEL_CUTOFF,-1
9,10,2,11813,PUSH,4,bchdfkgejlpinoam,-4,-1,1
9,10,0,11814,PUSH,-1,bchdfgleanjipkom,-4,4,1
9,10,1,11814,DEL_EXPLORED,4
9,10,2,11814,PUSH,1,bchdfkgejlpinoma,-4,-1
9,10,0,11815,DEL_EXPLORED,1
9,10,1,11815,DEL_CUTOFF,-4
9,10,2,11815,DEL_EXPLORED,-1
9,10,0,11816,DEL_CUTOFF,4
9,10,1,11816,POP,-4,bchdfpiajlegnkom
9,10,2,11816,DEL_CUTOFF,-4
9,10,0,11817,DEL_CUTOFF,-4
9,10,1,11817,POP,1,bchdfpigjleankom
9,10,2,11817,POP,1,bchdfkgejlpinoma
9,10,0,11818,POP,-1,bchdfgleanjipkom
9,10,1,11818,PUSH,-1,bchdfpigjalenkom,-4,4,-1,1
9,10,2,11818,PUSH,-1,bchdfkgejlpinaom,-4,-1,1
9,10,0,11819,PUSH,4,bchdfglenkjipaom,-4,-1,1
9,10,1,11819,DEL_EXPLORED,1
9,10,2,11819,DEL_EXPLORED,1
9,10,0,11820,DEL_CUTOFF,1
9,10,1,11820,PUSH,-1,bchdfpigajlenkom,-4,4,1
9,10,2,11820,DEL_CUTOFF,-1
9,10,0,11821,DEL_CUTOFF,-1
9,10,1,11821,DEL_EXPLORED,1
9,10,2,11821,DEL_CUTOFF,-4
9,10,0,11822,DEL_EXPLORED,-4
9,10,1,11822,DEL_CUTOFF,4
9,10,2,11822,POP,-1,bchdfkgejlpinaom
9,10,0,11823,POP,4,bchdfglenkjipaom
9,10,1,11823,DEL_CUTOFF,-4
9,10,2,11823,DEL_EXPLORED,-4
9,10,0,11824,PUSH,-4,bchdfalengjipkom,-4,4,-1,1
9,10,1,11824,POP,-1,bchdfpigajlenkom
9,10,2,11824,POP,4,bchdfkgejlpinoam
9,10,0,11825,DEL_CUTOFF,1
9,10,1,11825,PUSH,4,bchdfpigjklenaom,-4,-1,1
9,10,2,11825,PUSH,-4,bchdfkaejlginopm,-4,4,-1,1
9,10,0,11826,DEL_CUTOFF,-1
9,10,1,11826,DEL_CUTOFF,1
9,10,2,11826,PUSH,1,bchdfkeajlginopm,-4,4,-1
9,10,0,11827,DEL_EXPLORED,4
9,10,1,11827,DEL_CUTOFF,-1
9,10,2,11827,DEL_EXPLORED,-1
9,10,0,11828,DEL_CUTOFF,-4
9,10,1,11828,DEL_EXPLORED,-4
9,10,2,11828,DEL_CUTOFF,4
9,10,0,11829,POP,-4,bchdfalengjipkom
9,10,1,11829,POP,4,bchdfpigjklenaom
9,10,2,11829,DEL_CUTOFF,-4
9,10,0,11830,POP,-1,bchdfglenajipkom
9,10,1,11830,PUSH,-4,bchdfaigjplenkom,-4,4,-1,1
9,10,2,11830,POP,1,bchdfkeajlginopm
9,10,0,11831,DEL_EXPLORED,4
9,10,1,11831,DEL_CUTOFF,1
9,10,2,11831,PUSH,-1,bchdfakejlginopm,-4,4,-1,1
9,10,0,11832,PUSH,-4,bchdfgaenjlipkom,-4,4,-1,1
9,10,1,11832,DEL_CUTOFF,-1
9,10,2,11832,DEL_EXPLORED,1
9,10,0,11833,PUSH,1,bchdfgeanjlipkom,-4,4,-1
9,10,1,11833,DEL_EXPLORED,4
9,10,2,11833,DEL_CUTOFF,-1
9,10,0,11834,DEL_EXPLORED,-1
9,10,1,11834,DEL_CUTOFF,-4
9,10,2,11834,DEL_CUTOFF,4
9,10,0,11835,DEL_CUTOFF,4
9,10,1,11835,POP,-4,bchdfaigjplenkom
9,10,2,11835,DEL_CUTOFF,-4
9,10,0,11836,DEL_CUTOFF,-4
9,10,1,11836,POP,-1,bchdfpigjalenkom
9,10,2,11836,POP,-1,bchdfakejlginopm
9,10,0,11837,POP,1,bchdfgeanjlipkom
9,10,1,11837,PUSH,4,bchdfpigjloenkam,-4,-1,1
9,10,2,11837,DEL_EXPLORED,4
9,10,0,11838,PUSH,-1,bchdfagenjlipkom,-4,4,-1,1
9,10,1,11838,PUSH,1,bchdfpigjloenkma,-4,-1
9,10,2,11838,PUSH,-4,bcadfkhejlginopm,4,-1,1
9,10,0,11839,DEL_EXPLORED,1
9,10,1,11839,DEL_EXPLORED,-1
9,10,2,11839,DEL_CUTOFF,1
9,10,0,11840,DEL_CUTOFF,-1
9,10,1,11840,DEL_CUTOFF,-4
9,10,2,11840,DEL_CUTOFF,-1
9,10,0,11841,DEL_CUTOFF,4
9,10,1,11841,POP,1,bchdfpigjloenkma
9,10,2,11841,DEL_EXPLORED,4
9,10,0,11842,DEL_CUTOFF,-4
9,10,1,11842,PUSH,-1,bchdfpigjloenakm,-4,-1,1
9,10,2,11842,POP,-4,bcadfkhejlginopm
9,10,0,11843,POP,-1,bchdfagenjlipkom
9,10,1,11843,DEL_EXPLORED,1
9,10,2,11843,POP,-4,bchdfkaejlginopm
9,10,0,11844,DEL_EXPLORED,4
9,10,1,11844,DEL_CUTOFF,-1
9,10,2,11844,POP,1,bchdfkgejlainopm
9,10,0,11845,PUSH,-4,bcadfghenjlipkom,4,-1,1
9,10,1,11845,DEL_CUTOFF,-4
9,10,2,11845,PUSH,-1,bchdfkgeajlinopm,-4,4,1
9,10,0,11846,DEL_CUTOFF,1
9,10,1,11846,POP,-1,bchdfpigjloenakm
9,10,2,11846,DEL_EXPLORED,1
9,10,0,11847,DEL_CUTOFF,-1
9,10,1,11847,DEL_EXPLORED,-4
9,10,2,11847,PUSH,4,bchdfkgenjliaopm,-4,1
9,10,0,11848,DEL_EXPLORED,4
9,10,1,11848,POP,4,bchdfpigjloenkam
9,10,2,11848,PUSH,1,bchdfkgenjlioapm,-4,-1,1
9,10,0,11849,POP,-4,bcadfghenjlipkom
9,10,1,11849,DEL_EXPLORED,-4
9,10,2,11849,DEL_CUTOFF,1
9,10,0,11850,POP,-4,bchdfgaenjlipkom
9,10,1,11850,POP,4,bchdfpigjlaenkom
9,10,2,11850,DEL_EXPLORED,-1
9,10,0,11851,POP,-4,bchdfglenjaipkom
9,10,1,11851,PUSH,-4,bcadfphgjlienkom,4,-1,1
9,10,2,11851,DEL_CUTOFF,-4
9,10,0,11852,POP,1,bchdfglenjoipkam
9,10,1,11852,PUSH,1,bcdafphgjlienkom,4,-1
9,10,2,11852,POP,1,bchdfkgenjlioapm
9,10,0,11853,DEL_EXPLORED,-1
9,10,1,11853,DEL_EXPLORED,-1
9,10,2,11853,DEL_EXPLORED,-4
9,10,0,11854,PUSH,-4,bchdfglenaoipjkm,-4,4,-1,1
9,10,1,11854,PUSH,4,bcdgfphajlienkom,-4,4,-1
9,10,2,11854,POP,4,bchdfkgenjliaopm
9,10,0,11855,PUSH,1,bchdfglenoaipjkm,-4,4,-1,1
9,10,1,11855,DEL_CUTOFF,-1
9,10,2,11855,PUSH,-4,bchdakgefjlinopm,-4,4,1
9,10,0,11856,PUSH,1,bchdfglenoiapjkm,-4,4,-1
9,10,1,11856,DEL_CUTOFF,4
9,10,2,11856,PUSH,1,bchdkagefjlinopm,-4,4,-1,1
9,10,0,11857,DEL_EXPLORED,-1
9,10,1,11857,DEL_EXPLORED,-4
9,10,2,11857,DEL_CUTOFF,1
9,10,0,11858,PUSH,4,bchdfglenoimpjka,-4,-1
9,10,1,11858,POP,4,bcdgfphajlienkom
9,10,2,11858,DEL_EXPLORED,-1
9,10,0,11859,DEL_CUTOFF,-1
9,10,1,11859,POP,1,bcdafphgjlienkom
9,10,2,11859,DEL_CUTOFF,4
9,10,0,11860,DEL_EXPLORED,-4
9,10,1,11860,PUSH,-1,bacdfphgjlienkom,4,-1,1
9,10,2,11860,DEL_CUTOFF,-4
9,10,0,11861,POP,4,bchdfglenoimpjka
9,10,1,11861,DEL_EXPLORED,1
9,10,2,11861,POP,1,bchdkagefjlinopm
9,10,0,11862,PUSH,-4,bchdfglanoiepjkm,-4,4,-1
9,10,1,11862,PUSH,-1,abcdfphgjlienkom,4,1
9,10,2,11862,DEL_EXPLORED,4
9,10,0,11863,DEL_CUTOFF,-1
9,10,1,11863,DEL_EXPLORED,1
9,10,2,11863,PUSH,-4,achdbkgefjlinopm,4,1
9,10,0,11864,DEL_EXPLORED,4
9,10,1,11864,DEL_CUTOFF,4
9,10,2,11864,DEL_CUTOFF,1
9,10,0,11865,DEL_CUTOFF,-4
9,10,1,11865,POP,-1,abcdfphgjlienkom
9,10,2,11865,DEL_EXPLORED,4
9,10,0,11866,POP,-4,bchdfglanoiepjkm
9,10,1,11866,PUSH,4,bpcdfahgjlienkom,-4,4,-1,1
9,10,2,11866,POP,-4,achdbkgefjlinopm
9,10,0,11867,POP,1,bchdfglenoiapjkm
9,10,1,11867,DEL_CUTOFF,1
9,10,2,11867,POP,-4,bchdakgefjlinopm
9,10,0,11868,DEL_EXPLORED,-1
9,10,1,11868,DEL_CUTOFF,-1
9,10,2,11868,POP,-1,bchdfkgeajlinopm
9,10,0,11869,PUSH,4,bchdfglenokipjam,-4,-1,1
9,10,1,11869,DEL_CUTOFF,4
9,10,2,11869,PUSH,4,bchdfkgejolinapm,-4,-1,1
9,10,0,11870,PUSH,1,bchdfglenokipjma,-4,-1
9,10,1,11870,DEL_EXPLORED,-4
9,10,2,11870,PUSH,1,bchdfkgejolinpam,-4,-1,1
9,10,0,11871,DEL_EXPLORED,-1
9,10,1,11871,POP,4,bpcdfahgjlienkom
9,10,2,11871,PUSH,1,bchdfkgejolinpma,-4,-1
9,10,0,11872,DEL_CUTOFF,-4
9,10,1,11872,POP,-1,bacdfphgjlienkom
9,10,2,11872,DEL_EXPLORED,-1
9,10,0,11873,POP,1,bchdfglenokipjma
9,10,1,11873,DEL_EXPLORED,4
9,10,2,11873,DEL_CUTOFF,-4
9,10,0,11874,PUSH,-1,bchdfglenokipajm,-4,-1,1
9,10,1,11874,POP,-4,bcadfphgjlienkom
9,10,2,11874,POP,1,bchdfkgejolinpma
9,10,0,11875,DEL_EXPLORED,1
9,10,1,11875,POP,-1,bchdfpagjlienkom
9,10,2,11875,DEL_EXPLORED,-1
9,10,0,11876,DEL_CUTOFF,-1
9,10,1,11876,DEL_EXPLORED,4
9,10,2,11876,PUSH,-4,bchdfkgejoainplm,-4,4,-1,1
9,10,0,11877,DEL_CUTOFF,-4
9,10,1,11877,PUSH,-4,bchafpgdjlienkom,4,-1
9,10,2,11877,DEL_CUTOFF,1
9,10,0,11878,POP,-1,bchdfglenokipajm
9,10,1,11878,PUSH,-1,bcahfpgdjlienkom,4,-1,1
9,10,2,11878,DEL_CUTOFF,-1
9,10,0,11879,DEL_EXPLORED,-4
9,10,1,11879,DEL_EXPLORED,1
9,10,2,11879,DEL_EXPLORED,4
9,10,0,11880,POP,4,bchdfglenokipjam
9,10,1,11880,PUSH,-1,bachfpgdjlienkom,4,-1,1
9,10,2,11880,DEL_CUTOFF,-4
9,10,0,11881,PUSH,-4,bchdfgaenolipjkm,-4,4,-1,1
9,10,1,11881,DEL_EXPLORED,1
9,10,2,11881,POP,-4,bchdfkgejoainplm
9,10,0,11882,PUSH,1,bchdfgeanolipjkm,-4,4,-1
9,10,1,11882,PUSH,-1,abchfpgdjlienkom,4,1
9,10,2,11882,POP,1,bchdfkgejolinpam
9,10,0,11883,DEL_EXPLORED,-1
9,10,1,11883,DEL_EXPLORED,1
9,10,2,11883,PUSH,-1,bchdfkgejolianpm,-4,1
9,10,0,11884,DEL_CUTOFF,4
9,10,1,11884,DEL_CUTOFF,4
9,10,2,11884,DEL_EXPLORED,1
9,10,0,11885,DEL_CUTOFF,-4
9,10,1,11885,POP,-1,abchfpgdjlienkom
9,10,2,11885,PUSH,-4,bchdfkgeaolijnpm,-4,4,1
9,10,0,11886,POP,1,bchdfgeanolipjkm
9,10,1,11886,PUSH,4,bpchfagdjlienkom,-4,4,-1,1
9,10,2,11886,DEL_CUTOFF,1
9,10,0,11887,PUSH,-1,bchdfagenolipjkm,-4,4,-1,1
9,10,1,11887,DEL_CUTOFF,1
9,10,2,11887,DEL_EXPLORED,4
9,10,0,11888,DEL_EXPLORED,1
9,10,1,11888,DEL_CUTOFF,-1
9,10,2,11888,DEL_CUTOFF,-4
9,10,0,11889,DEL_CUTOFF,-1
9,10,1,11889,DEL_CUTOFF,4
9,10,2,11889,POP,-4,bchdfkgeaolijnpm
9,10,0,11890,DEL_CUTOFF,4
9,10,1,11890,DEL_EXPLORED,-4
9,10,2,11890,POP,-1,bchdfkgejolianpm
9,10,0,11891,DEL_CUTOFF,-4
9,10,1,11891,POP,4,bpchfagdjlienkom
9,10,2,11891,DEL_EXPLORED,-4
9,10,0,11892,POP,-1,bchdfagenolipjkm
9,10,1,11892,POP,-1,bachfpgdjlienkom
9,10,2,11892,POP,4,bchdfkgejolinapm
9,10,0,11893,DEL_EXPLORED,4
9,10,1,11893,PUSH,4,bcghfpadjlienkom,-4,4,-1,1
9,10,2,11893,DEL_EXPLORED,-4
9,10,0,11894,PUSH,-4,bcadfghenolipjkm,4,-1,1
9,10,1,11894,PUSH,1,bcghfpdajlienkom,-4,4,-1
9,10,2,11894,POP,4,bchdfkgejalinopm
9,10,0,11895,DEL_CUTOFF,1
9,10,1,11895,DEL_EXPLORED,-1
9,10,2,11895,PUSH,-4,bahdfcgejklinopm,4,-1,1
9,10,0,11896,DEL_CUTOFF,-1
9,10,1,11896,DEL_CUTOFF,4
9,10,2,11896,PUSH,1,bhadfcgejklinopm,4,-1,1
9,10,0,11897,DEL_EXPLORED,4
9,10,1,11897,DEL_CUTOFF,-4
9,10,2,11897,PUSH,1,bhdafcgejklinopm,4,-1
9,10,0,11898,POP,-4,bcadfghenolipjkm
9,10,1,11898,POP,1,bcghfpdajlienkom
9,10,2,11898,DEL_EXPLORED,-1
9,10,0,11899,POP,-4,bchdfgaenolipjkm
9,10,1,11899,PUSH,-1,bcghfapdjlienkom,-4,4,-1,1
9,10,2,11899,PUSH,4,bhdefcgajklinopm,-4,4,-1
9,10,0,11900,POP,1,bchdfglenoaipjkm
9,10,1,11900,DEL_EXPLORED,1
9,10,2,11900,DEL_CUTOFF,-1
9,10,0,11901,PUSH,-1,bchdfgleanoipjkm,-4,4,1
9,10,1,11901,DEL_CUTOFF,-1
9,10,2,11901,DEL_CUTOFF,4
9,10,0,11902,DEL_EXPLORED,1
9,10,1,11902,DEL_CUTOFF,4
9,10,2,11902,DEL_EXPLORED,-4
9,10,0,11903,PUSH,4,bchdfglepnoiajkm,-4,1
9,10,1,11903,DEL_CUTOFF,-4
9,10,2,11903,POP,4,bhdefcgajklinopm
9,10,0,11904,PUSH,1,bchdfglepnoijakm,-4,-1,1
9,10,1,11904,POP,-1,bcghfapdjlienkom
9,10,2,11904,POP,1,bhdafcgejklinopm
9,10,0,11905,DEL_CUTOFF,1
9,10,1,11905,PUSH,4,bcghfpidjlaenkom,-4,4,-1,1
9,10,2,11905,DEL_EXPLORED,-1
9,10,0,11906,DEL_EXPLORED,-1
9,10,1,11906,DEL_CUTOFF,1
9,10,2,11906,PUSH,4,bhgdfcaejklinopm,-4,4,-1,1
9,10,0,11907,DEL_CUTOFF,-4
9,10,1,11907,DEL_CUTOFF,-1
9,10,2,11907,PUSH,1,bhgdfceajklinopm,-4,4,-1
9,10,0,11908,POP,1,bchdfglepnoijakm
9,10,1,11908,DEL_CUTOFF,4
9,10,2,11908,DEL_EXPLORED,-1
9,10,0,11909,DEL_EXPLORED,-4
9,10,1,11909,DEL_EXPLORED,-4
9,10,2,11909,DEL_CUTOFF,4
9,10,0,11910,POP,4,bchdfglepnoiajkm
9,10,1,11910,POP,4,bcghfpidjlaenkom
9,10,2,11910,DEL_CUTOFF,-4
9,10,0,11911,PUSH,-4,bchdaglefnoipjkm,-4,4,1
9,10,1,11911,DEL_EXPLORED,-4
9,10,2,11911,POP,1,bhgdfceajklinopm
9,10,0,11912,PUSH,1,bchdgalefnoipjkm,-4,4,-1,1
9,10,1,11912,POP,4,bcghfpadjlienkom
9,10,2,11912,PUSH,-1,bhgdfacejklinopm,-4,4,-1,1
9,10,0,11913,DEL_CUTOFF,1
9,10,1,11913,POP,-1,bcahfpgdjlienkom
9,10,2,11913,DEL_EXPLORED,1
9,10,0,11914,DEL_EXPLORED,-1
9,10,1,11914,DEL_EXPLORED,4
9,10,2,11914,DEL_CUTOFF,-1
9,10,0,11915,DEL_CUTOFF,4
9,10,1,11915,POP,-4,bchafpgdjlienkom
9,10,2,11915,DEL_CUTOFF,4
9,10,0,11916,DEL_CUTOFF,-4
9,10,1,11916,POP,-4,bchdfpgajlienkom
9,10,2,11916,DEL_CUTOFF,-4
9,10,0,11917,POP,1,bchdgalefnoipjkm
9,10,1,11917,POP,1,bchdfpgejliankom
9,10,2,11917,POP,-1,bhgdfacejklinopm
9,10,0,11918,DEL_EXPLORED,4
9,10,1,11918,DEL_EXPLORED,-1
9,10,2,11918,PUSH,4,bhgdfclejkainopm,-4,4,-1,1
9,10,0,11919,PUSH,-4,achdbglefnoipjkm,4,1
9,10,1,11919,PUSH,4,bchdfpgejloinkam,-4,-1,1
9,10,2,11919,DEL_CUTOFF,1
9,10,0,11920,DEL_CUTOFF,1
9,10,1,11920,PUSH,1,bchdfpgejloinkma,-4,-1
9,10,2,11920,DEL_CUTOFF,-1
9,10,0,11921,DEL_EXPLORED,4
9,10,1,11921,DEL_EXPLORED,-1
9,10,2,11921,DEL_CUTOFF,4
9,10,0,11922,POP,-4,achdbglefnoipjkm
9,10,1,11922,PUSH,-4,bchdfpgejloankmi,-4,4,-1
9,10,2,11922,DEL_EXPLORED,-4
9,10,0,11923,POP,-4,bchdaglefnoipjkm
9,10,1,11923,PUSH,-1,bchdfpgejlaonkmi,-4,4,-1,1
9,10,2,11923,POP,4,bhgdfclejkainopm
9,10,0,11924,POP,-1,bchdfgleanoipjkm
9,10,1,11924,DEL_EXPLORED,1
9,10,2,11924,DEL_EXPLORED,-4
9,10,0,11925,DEL_EXPLORED,4
9,10,1,11925,PUSH,-1,bchdfpgejalonkmi,-4,4,-1,1
9,10,2,11925,POP,4,bhgdfcaejklinopm
9,10,0,11926,PUSH,-4,bchdfalengoipjkm,-4,4,-1,1
9,10,1,11926,DEL_EXPLORED,1
9,10,2,11926,POP,1,bhadfcgejklinopm
9,10,0,11927,PUSH,1,bchdflaengoipjkm,-4,4,-1,1
9,10,1,11927,PUSH,-1,bchdfpgeajlonkmi,-4,4,1
9,10,2,11927,PUSH,-1,abhdfcgejklinopm,4,1
9,10,0,11928,PUSH,1,bchdfleangoipjkm,-4,4,-1
9,10,1,11928,DEL_EXPLORED,1
9,10,2,11928,DEL_EXPLORED,1
9,10,0,11929,DEL_EXPLORED,-1
9,10,1,11929,DEL_CUTOFF,4
9,10,2,11929,PUSH,4,fbhdacgejklinopm,-4,4,1
9,10,0,11930,DEL_CUTOFF,4
9,10,1,11930,DEL_CUTOFF,-4
9,10,2,11930,PUSH,1,fbhdcagejklinopm,-4,4,-1,1
9,10,0,11931,DEL_CUTOFF,-4
9,10,1,11931,POP,-1,bchdfpgeajlonkmi
9,10,2,11931,DEL_CUTOFF,1
9,10,0,11932,POP,1,bchdfleangoipjkm
9,10,1,11932,PUSH,4,bchdfpgejklonami,-4,-1,1
9,10,2,11932,DEL_EXPLORED,-1
9,10,0,11933,DEL_EXPLORED,-1
9,10,1,11933,DEL_CUTOFF,1
9,10,2,11933,DEL_CUTOFF,4
9,10,0,11934,PUSH,4,bchdfloengaipjkm,-4,4,-1,1
9,10,1,11934,DEL_CUTOFF,-1
9,10,2,11934,DEL_CUTOFF,-4
9,10,0,11935,DEL_CUTOFF,1
9,10,1,11935,DEL_EXPLORED,-4
9,10,2,11935,POP,1,fbhdcagejklinopm
9,10,0,11936,DEL_CUTOFF,-1
9,10,1,11936,POP,4,bchdfpgejklonami
9,10,2,11936,PUSH,4,fbhdjcgeaklinopm,-4,4,1
9,10,0,11937,DEL_CUTOFF,4
9,10,1,11937,PUSH,-4,bchdfagejplonkmi,-4,4,-1,1
9,10,2,11937,DEL_CUTOFF,1
9,10,0,11938,DEL_EXPLORED,-4
9,10,1,11938,DEL_CUTOFF,1
9,10,2,11938,DEL_CUTOFF,4
9,10,0,11939,POP,4,bchdfloengaipjkm
9,10,1,11939,DEL_CUTOFF,-1
9,10,2,11939,DEL_EXPLORED,-4
9,10,0,11940,PUSH,-4,bcadflhengoipjkm,4,-1,1
9,10,1,11940,DEL_EXPLORED,4
9,10,2,11940,POP,4,fbhdjcgeaklinopm
9,10,0,11941,DEL_CUTOFF,1
9,10,1,11941,DEL_CUTOFF,-4
9,10,2,11941,DEL_EXPLORED,-4
9,10,0,11942,DEL_CUTOFF,-1
9,10,1,11942,POP,-4,bchdfagejplonkmi
9,10,2,11942,POP,4,fbhdacgejklinopm
9,10,0,11943,DEL_EXPLORED,4
9,10,1,11943,POP,-1,bchdfpgejalonkmi
9,10,2,11943,POP,-1,abhdfcgejklinopm
9,10,0,11944,POP,-4,bcadflhengoipjkm
9,10,1,11944,PUSH,4,bchdfpgejlmonkai,-4,-1,1
9,10,2,11944,DEL_EXPLORED,4
9,10,0,11945,POP,1,bchdflaengoipjkm
9,10,1,11945,PUSH,1,bchdfpgejlmonkia,-4,-1
9,10,2,11945,POP,-4,bahdfcgejklinopm
9,10,0,11946,PUSH,-1,bchdaflengoipjkm,-4,4,1
9,10,1,11946,DEL_EXPLORED,-1
9,10,2,11946,POP,-1,bchdfagejklinopm
9,10,0,11947,DEL_EXPLORED,1
9,10,1,11947,DEL_CUTOFF,-4
9,10,2,11947,DEL_EXPLORED,4
9,10,0,11948,PUSH,4,bchdnfleagoipjkm,-4,4,1
9,10,1,11948,POP,1,bchdfpgejlmonkia
9,10,2,11948,PUSH,-4,bcadfghejklinopm,4,-1,1
9,10,0,11949,DEL_CUTOFF,1
9,10,1,11949,PUSH,-1,bchdfpgejlmonaki,-4,-1,1
9,10,2,11949,PUSH,1,bcdafghejklinopm,4,-1
9,10,0,11950,DEL_CUTOFF,4
9,10,1,11950,DEL_EXPLORED,1
9,10,2,11950,DEL_EXPLORED,-1
9,10,0,11951,DEL_EXPLORED,-4
9,10,1,11951,DEL_CUTOFF,-1
9,10,2,11951,PUSH,4,bcdefghajklinopm,-4,4,-1
9,10,0,11952,POP,4,bchdnfleagoipjkm
9,10,1,11952,DEL_CUTOFF,-4
9,10,2,11952,PUSH,-1,bcdefgahjklinopm,-4,4,-1,1
9,10,0,11953,PUSH,-4,achdbflengoipjkm,4,1
9,10,1,11953,POP,-1,bchdfpgejlmonaki
9,10,2,11953,DEL_EXPLORED,1
9,10,0,11954,DEL_CUTOFF,1
9,10,1,11954,DEL_EXPLORED,-4
9,10,2,11954,PUSH,-1,bcdefaghjklinopm,-4,4,-1,1
9,10,0,11955,DEL_EXPLORED,4
9,10,1,11955,POP,4,bchdfpgejlmonkai
9,10,2,11955,DEL_EXPLORED,1
9,10,0,11956,POP,-4,achdbflengoipjkm
9,10,1,11956,PUSH,-4,bchdfpaejlgonkmi,-4,4,-1,1
9,10,2,11956,DEL_CUTOFF,-1
9,10,0,11957,POP,-1,bchdaflengoipjkm
9,10,1,11957,PUSH,1,bchdfpeajlgonkmi,-4,4,-1
9,10,2,11957,DEL_CUTOFF,4
9,10,0,11958,DEL_EXPLORED,4
9,10,1,11958,DEL_EXPLORED,-1
9,10,2,11958,DEL_CUTOFF,-4
9,10,0,11959,PUSH,-4,bahdfclengoipjkm,4,-1,1
9,10,1,11959,DEL_CUTOFF,4
9,10,2,11959,POP,-1,bcdefaghjklinopm
9,10,0,11960,PUSH,1,bhadfclengoipjkm,4,-1,1
9,10,1,11960,DEL_CUTOFF,-4
9,10,2,11960,PUSH,4,bcdefglhjkainopm,-4,4,-1,1
9,10,0,11961,DEL_CUTOFF,1
9,10,1,11961,POP,1,bchdfpeajlgonkmi
9,10,2,11961,DEL_CUTOFF,1
9,10,0,11962,DEL_EXPLORED,-1
9,10,1,11962,PUSH,-1,bchdfapejlgonkmi,-4,4,-1,1
9,10,2,11962,DEL_CUTOFF,-1
9,10,0,11963,DEL_CUTOFF,4
9,10,1,11963,DEL_EXPLORED,1
9,10,2,11963,DEL_CUTOFF,4
9,10,0,11964,POP,1,bhadfclengoipjkm
9,10,1,11964,DEL_CUTOFF,-1
9,10,2,11964,DEL_EXPLORED,-4
9,10,0,11965,PUSH,-1,abhdfclengoipjkm,4,1
9,10,1,11965,DEL_CUTOFF,4
9,10,2,11965,POP,4,bcdefglhjkainopm
9,10,0,11966,DEL_EXPLORED,1
9,10,1,11966,DEL_CUTOFF,-4
9,10,2,11966,PUSH,-4,bcaefgdhjklinopm,4,-1,1
9,10,0,11967,DEL_CUTOFF,4
9,10,1,11967,POP,-1,bchdfapejlgonkmi
9,10,2,11967,DEL_CUTOFF,1
9,10,0,11968,POP,-1,abhdfclengoipjkm
9,10,1,11968,DEL_EXPLORED,4
9,10,2,11968,DEL_CUTOFF,-1
9,10,0,11969,DEL_EXPLORED,4
9,10,1,11969,PUSH,-4,bcadfphejlgonkmi,4,-1,1
9,10,2,11969,DEL_EXPLORED,4
9,10,0,11970,POP,-4,bahdfclengoipjkm
9,10,1,11970,DEL_CUTOFF,1
9,10,2,11970,POP,-4,bcaefgdhjklinopm
9,10,0,11971,POP,-4,bchdfalengoipjkm
9,10,1,11971,DEL_CUTOFF,-1
9,10,2,11971,POP,-1,bcdefgahjklinopm
9,10,0,11972,POP,-4,bchdfglenaoipjkm
9,10,1,11972,DEL_EXPLORED,4
9,10,2,11972,PUSH,4,bcdefghijklanopm,-4,4,-1
9,10,0,11973,POP,1,bchdfglenjoipakm
9,10,1,11973,POP,-4,bcadfphejlgonkmi
9,10,2,11973,PUSH,-1,bcdefghijkalnopm,-4,4,-1,1
9,10,0,11974,DEL_EXPLORED,-4
9,10,1,11974,POP,-4,bchdfpaejlgonkmi
9,10,2,11974,DEL_EXPLORED,1
9,10,0,11975,POP,4,bchdfglenjoiapkm
9,10,1,11975,POP,-1,bchdfpgejlaonkmi
9,10,2,11975,DEL_CUTOFF,-1
9,10,0,11976,PUSH,-4,bchdaglefjoinpkm,-4,4,1
9,10,1,11976,DEL_EXPLORED,4
9,10,2,11976,DEL_CUTOFF,4
9,10,0,11977,PUSH,1,bchdgalefjoinpkm,-4,4,-1,1
9,10,1,11977,PUSH,-4,bchdfpgajloenkmi,-4,4,-1
9,10,2,11977,DEL_CUTOFF,-4
9,10,0,11978,PUSH,1,bchdglaefjoinpkm,-4,4,-1,1
9,10,1,11978,PUSH,-1,bchdfpagjloenkmi,-4,4,-1,1
9,10,2,11978,POP,-1,bcdefghijkalnopm
9,10,0,11979,PUSH,1,bchdgleafjoinpkm,-4,4,-1
9,10,1,11979,DEL_EXPLORED,1
9,10,2,11979,GOAL
